STATION,NAME,LATITUDE,LONGITUDE,ELEVATION,DATE,PRCP,TAVG,TMAX,TMIN
TH000048431,"NAKHON RATCHASIMA, TH",14.967,102.083,188.0,1951-01-01,0.0,,29.2,9.6
TH000048431,"NAKHON RATCHASIMA, TH",14.967,102.083,188.0,1951-01-02,0.0,,29.7,9.9
TH000048431,"NAKHON RATCHASIMA, TH",14.967,102.083,188.0,1951-01-03,0.0,,30.8,10.9
TH000048431,"NAKHON RATCHASIMA, TH",14.967,102.083,188.0,1951-01-04,0.0,,30.6,12.1
TH000048431,"NAKHON RATCHASIMA, TH",14.967,102.083,188.0,1951-01-05,0.0,,30.5,14.1
TH000048431,"NAKHON RATCHASIMA, TH",14.967,102.083,188.0,1951-01-06,0.0,,32.9,16.4
TH000048431,"NAKHON RATCHASIMA, TH",14.967,102.083,188.0,1951-01-07,0.0,,33.1,17.1
TH000048431,"NAKHON RATCHASIMA, TH",14.967,102.083,188.0,1951-01-08,0.0,,34.0,18.4
TH000048431,"NAKHON RATCHASIMA, TH",14.967,102.083,188.0,1951-01-09,0.0,,35.7,18.5
TH000048431,"NAKHON RATCHASIMA, TH",14.967,102.083,188.0,1951-01-10,0.0,,35.4,19.5
TH000048431,"NAKHON RATCHASIMA, TH",14.967,102.083,188.0,1951-01-11,0.0,,34.7,19.6
TH000048431,"NAKHON RATCHASIMA, TH",14.967,102.083,188.0,1951-01-12,0.0,,34.0,19.6
TH000048431,"NAKHON RATCHASIMA, TH",14.967,102.083,188.0,1951-01-13,0.0,,28.8,17.6
TH000048431,"NAKHON RATCHASIMA, TH",14.967,102.083,188.0,1951-01-14,0.0,,27.3,12.9
TH000048431,"NAKHON RATCHASIMA, TH",14.967,102.083,188.0,1951-01-15,0.0,,28.7,12.4
TH000048431,"NAKHON RATCHASIMA, TH",14.967,102.083,188.0,1951-01-16,0.0,,28.0,13.0
TH000048431,"NAKHON RATCHASIMA, TH",14.967,102.083,188.0,1951-01-17,0.0,,27.7,11.0
TH000048431,"NAKHON RATCHASIMA, TH",14.967,102.083,188.0,1951-01-18,0.0,,30.9,11.0
TH000048431,"NAKHON RATCHASIMA, TH",14.967,102.083,188.0,1951-01-19,0.0,,30.9,14.0
TH000048431,"NAKHON RATCHASIMA, TH",14.967,102.083,188.0,1951-01-20,0.0,,28.9,15.5
TH000048431,"NAKHON RATCHASIMA, TH",14.967,102.083,188.0,1951-01-21,0.0,,31.3,15.6
TH000048431,"NAKHON RATCHASIMA, TH",14.967,102.083,188.0,1951-01-22,0.0,,31.6,15.2
TH000048431,"NAKHON RATCHASIMA, TH",14.967,102.083,188.0,1951-01-23,0.0,,31.5,16.6
TH000048431,"NAKHON RATCHASIMA, TH",14.967,102.083,188.0,1951-01-24,0.0,,32.8,16.6
TH000048431,"NAKHON RATCHASIMA, TH",14.967,102.083,188.0,1951-01-25,5.4,,31.9,20.1
TH000048431,"NAKHON RATCHASIMA, TH",14.967,102.083,188.0,1951-01-26,0.0,,26.0,19.3
TH000048431,"NAKHON RATCHASIMA, TH",14.967,102.083,188.0,1951-01-27,0.0,,28.5,18.1
TH000048431,"NAKHON RATCHASIMA, TH",14.967,102.083,188.0,1951-01-28,0.0,,28.7,16.9
TH000048431,"NAKHON RATCHASIMA, TH",14.967,102.083,188.0,1951-01-29,0.0,,30.2,17.2
TH000048431,"NAKHON RATCHASIMA, TH",14.967,102.083,188.0,1951-01-30,0.0,,32.0,16.6
TH000048431,"NAKHON RATCHASIMA, TH",14.967,102.083,188.0,1951-01-31,0.0,,33.8,15.9
TH000048431,"NAKHON RATCHASIMA, TH",14.967,102.083,188.0,1951-02-01,0.0,,32.5,14.8
TH000048431,"NAKHON RATCHASIMA, TH",14.967,102.083,188.0,1951-02-02,0.0,,33.8,15.0
TH000048431,"NAKHON RATCHASIMA, TH",14.967,102.083,188.0,1951-02-03,0.0,,34.8,17.0
TH000048431,"NAKHON RATCHASIMA, TH",14.967,102.083,188.0,1951-02-04,0.0,,35.0,16.5
TH000048431,"NAKHON RATCHASIMA, TH",14.967,102.083,188.0,1951-02-05,0.0,,33.0,14.9
TH000048431,"NAKHON RATCHASIMA, TH",14.967,102.083,188.0,1951-02-06,0.0,,31.4,14.7
TH000048431,"NAKHON RATCHASIMA, TH",14.967,102.083,188.0,1951-02-07,0.0,,32.6,14.7
TH000048431,"NAKHON RATCHASIMA, TH",14.967,102.083,188.0,1951-02-08,0.0,,34.5,12.0
TH000048431,"NAKHON RATCHASIMA, TH",14.967,102.083,188.0,1951-02-09,0.0,,35.8,17.0
TH000048431,"NAKHON RATCHASIMA, TH",14.967,102.083,188.0,1951-02-10,0.0,,36.4,17.3
TH000048431,"NAKHON RATCHASIMA, TH",14.967,102.083,188.0,1951-02-11,0.0,,36.4,17.7
TH000048431,"NAKHON RATCHASIMA, TH",14.967,102.083,188.0,1951-02-12,0.0,,34.6,21.2
TH000048431,"NAKHON RATCHASIMA, TH",14.967,102.083,188.0,1951-02-13,0.0,,34.5,21.1
TH000048431,"NAKHON RATCHASIMA, TH",14.967,102.083,188.0,1951-02-14,0.0,,37.6,21.8
TH000048431,"NAKHON RATCHASIMA, TH",14.967,102.083,188.0,1951-02-15,0.1,,38.1,21.6
TH000048431,"NAKHON RATCHASIMA, TH",14.967,102.083,188.0,1951-02-16,0.7,,28.0,19.6
TH000048431,"NAKHON RATCHASIMA, TH",14.967,102.083,188.0,1951-02-17,0.0,,27.0,18.4
TH000048431,"NAKHON RATCHASIMA, TH",14.967,102.083,188.0,1951-02-18,0.0,,30.8,18.4
TH000048431,"NAKHON RATCHASIMA, TH",14.967,102.083,188.0,1951-02-19,0.0,,33.4,14.5
TH000048431,"NAKHON RATCHASIMA, TH",14.967,102.083,188.0,1951-02-20,0.0,,35.0,14.9
TH000048431,"NAKHON RATCHASIMA, TH",14.967,102.083,188.0,1951-02-21,0.0,,34.8,16.7
TH000048431,"NAKHON RATCHASIMA, TH",14.967,102.083,188.0,1951-02-22,0.0,,36.0,19.0
TH000048431,"NAKHON RATCHASIMA, TH",14.967,102.083,188.0,1951-02-23,0.0,,37.5,21.2
TH000048431,"NAKHON RATCHASIMA, TH",14.967,102.083,188.0,1951-02-24,0.0,,38.0,19.0
TH000048431,"NAKHON RATCHASIMA, TH",14.967,102.083,188.0,1951-02-25,0.0,,38.8,18.9
TH000048431,"NAKHON RATCHASIMA, TH",14.967,102.083,188.0,1951-02-26,0.0,,39.0,19.9
TH000048431,"NAKHON RATCHASIMA, TH",14.967,102.083,188.0,1951-02-27,0.0,,39.0,19.0
TH000048431,"NAKHON RATCHASIMA, TH",14.967,102.083,188.0,1951-02-28,0.0,,39.0,20.2
TH000048431,"NAKHON RATCHASIMA, TH",14.967,102.083,188.0,1951-03-01,0.3,,30.8,22.1
TH000048431,"NAKHON RATCHASIMA, TH",14.967,102.083,188.0,1951-03-02,0.0,,31.2,18.3
TH000048431,"NAKHON RATCHASIMA, TH",14.967,102.083,188.0,1951-03-03,0.0,,32.3,17.3
TH000048431,"NAKHON RATCHASIMA, TH",14.967,102.083,188.0,1951-03-04,0.0,,35.6,15.2
TH000048431,"NAKHON RATCHASIMA, TH",14.967,102.083,188.0,1951-03-05,0.0,,38.0,17.0
TH000048431,"NAKHON RATCHASIMA, TH",14.967,102.083,188.0,1951-03-06,0.0,,38.5,20.3
TH000048431,"NAKHON RATCHASIMA, TH",14.967,102.083,188.0,1951-03-07,0.0,,32.5,20.7
TH000048431,"NAKHON RATCHASIMA, TH",14.967,102.083,188.0,1951-03-08,0.0,,36.7,19.8
TH000048431,"NAKHON RATCHASIMA, TH",14.967,102.083,188.0,1951-03-09,0.0,,38.1,22.9
TH000048431,"NAKHON RATCHASIMA, TH",14.967,102.083,188.0,1951-03-10,0.0,,37.9,22.2
TH000048431,"NAKHON RATCHASIMA, TH",14.967,102.083,188.0,1951-03-11,0.0,,39.6,20.3
TH000048431,"NAKHON RATCHASIMA, TH",14.967,102.083,188.0,1951-03-12,0.2,,40.1,22.5
TH000048431,"NAKHON RATCHASIMA, TH",14.967,102.083,188.0,1951-03-13,0.0,,37.7,23.7
TH000048431,"NAKHON RATCHASIMA, TH",14.967,102.083,188.0,1951-03-14,0.0,,37.8,23.5
TH000048431,"NAKHON RATCHASIMA, TH",14.967,102.083,188.0,1951-03-15,55.4,,38.5,21.7
TH000048431,"NAKHON RATCHASIMA, TH",14.967,102.083,188.0,1951-03-16,0.0,,33.7,21.4
TH000048431,"NAKHON RATCHASIMA, TH",14.967,102.083,188.0,1951-03-17,10.1,,35.0,23.5
TH000048431,"NAKHON RATCHASIMA, TH",14.967,102.083,188.0,1951-03-18,0.0,,36.8,22.3
TH000048431,"NAKHON RATCHASIMA, TH",14.967,102.083,188.0,1951-03-19,0.0,,37.0,21.9
TH000048431,"NAKHON RATCHASIMA, TH",14.967,102.083,188.0,1951-03-20,0.0,,37.8,21.6
TH000048431,"NAKHON RATCHASIMA, TH",14.967,102.083,188.0,1951-03-21,0.0,,37.5,22.5
TH000048431,"NAKHON RATCHASIMA, TH",14.967,102.083,188.0,1951-03-22,3.2,,38.5,22.2
TH000048431,"NAKHON RATCHASIMA, TH",14.967,102.083,188.0,1951-03-23,10.2,,34.5,22.0
TH000048431,"NAKHON RATCHASIMA, TH",14.967,102.083,188.0,1951-03-24,0.0,,35.0,21.9
TH000048431,"NAKHON RATCHASIMA, TH",14.967,102.083,188.0,1951-03-25,0.0,,36.3,23.1
TH000048431,"NAKHON RATCHASIMA, TH",14.967,102.083,188.0,1951-03-26,0.5,,36.3,23.6
TH000048431,"NAKHON RATCHASIMA, TH",14.967,102.083,188.0,1951-03-27,0.0,,37.5,22.3
TH000048431,"NAKHON RATCHASIMA, TH",14.967,102.083,188.0,1951-03-28,0.0,,38.8,23.7
TH000048431,"NAKHON RATCHASIMA, TH",14.967,102.083,188.0,1951-03-29,0.0,,38.1,22.7
TH000048431,"NAKHON RATCHASIMA, TH",14.967,102.083,188.0,1951-03-30,0.0,,38.0,22.8
TH000048431,"NAKHON RATCHASIMA, TH",14.967,102.083,188.0,1951-03-31,0.0,,37.7,22.8
TH000048431,"NAKHON RATCHASIMA, TH",14.967,102.083,188.0,1951-04-01,0.0,,38.3,22.1
TH000048431,"NAKHON RATCHASIMA, TH",14.967,102.083,188.0,1951-04-02,0.0,,39.7,22.7
TH000048431,"NAKHON RATCHASIMA, TH",14.967,102.083,188.0,1951-04-03,0.0,,40.2,24.9
TH000048431,"NAKHON RATCHASIMA, TH",14.967,102.083,188.0,1951-04-04,0.0,,38.3,25.8
TH000048431,"NAKHON RATCHASIMA, TH",14.967,102.083,188.0,1951-04-05,0.0,,40.2,23.9
TH000048431,"NAKHON RATCHASIMA, TH",14.967,102.083,188.0,1951-04-06,0.0,,41.5,23.9
TH000048431,"NAKHON RATCHASIMA, TH",14.967,102.083,188.0,1951-04-07,0.0,,40.4,25.7
TH000048431,"NAKHON RATCHASIMA, TH",14.967,102.083,188.0,1951-04-08,0.0,,40.0,24.6
TH000048431,"NAKHON RATCHASIMA, TH",14.967,102.083,188.0,1951-04-09,0.0,,40.5,24.2
TH000048431,"NAKHON RATCHASIMA, TH",14.967,102.083,188.0,1951-04-10,0.0,,40.7,25.6
TH000048431,"NAKHON RATCHASIMA, TH",14.967,102.083,188.0,1951-04-11,0.0,,42.4,23.9
TH000048431,"NAKHON RATCHASIMA, TH",14.967,102.083,188.0,1951-04-12,0.0,,38.8,25.5
TH000048431,"NAKHON RATCHASIMA, TH",14.967,102.083,188.0,1951-04-13,0.0,,36.7,23.5
TH000048431,"NAKHON RATCHASIMA, TH",14.967,102.083,188.0,1951-04-14,0.0,,35.2,21.7
TH000048431,"NAKHON RATCHASIMA, TH",14.967,102.083,188.0,1951-04-15,0.0,,38.5,22.5
TH000048431,"NAKHON RATCHASIMA, TH",14.967,102.083,188.0,1951-04-16,0.0,,39.0,22.2
TH000048431,"NAKHON RATCHASIMA, TH",14.967,102.083,188.0,1951-04-17,0.0,,32.7,25.0
TH000048431,"NAKHON RATCHASIMA, TH",14.967,102.083,188.0,1951-04-18,4.1,,39.4,23.0
TH000048431,"NAKHON RATCHASIMA, TH",14.967,102.083,188.0,1951-04-19,0.0,,39.2,23.0
TH000048431,"NAKHON RATCHASIMA, TH",14.967,102.083,188.0,1951-04-20,3.0,,29.0,23.0
TH000048431,"NAKHON RATCHASIMA, TH",14.967,102.083,188.0,1951-04-21,0.4,,26.0,24.6
TH000048431,"NAKHON RATCHASIMA, TH",14.967,102.083,188.0,1951-04-22,20.2,,36.1,22.2
TH000048431,"NAKHON RATCHASIMA, TH",14.967,102.083,188.0,1951-04-23,0.3,,31.0,22.6
TH000048431,"NAKHON RATCHASIMA, TH",14.967,102.083,188.0,1951-04-24,0.0,,36.5,23.7
TH000048431,"NAKHON RATCHASIMA, TH",14.967,102.083,188.0,1951-04-25,0.0,,37.4,22.9
TH000048431,"NAKHON RATCHASIMA, TH",14.967,102.083,188.0,1951-04-26,1.4,,38.6,23.2
TH000048431,"NAKHON RATCHASIMA, TH",14.967,102.083,188.0,1951-04-27,1.0,,36.0,25.5
TH000048431,"NAKHON RATCHASIMA, TH",14.967,102.083,188.0,1951-04-28,0.0,,36.9,23.1
TH000048431,"NAKHON RATCHASIMA, TH",14.967,102.083,188.0,1951-04-29,0.0,,36.2,25.5
TH000048431,"NAKHON RATCHASIMA, TH",14.967,102.083,188.0,1951-04-30,0.0,,36.0,23.1
TH000048431,"NAKHON RATCHASIMA, TH",14.967,102.083,188.0,1951-05-01,0.0,,30.5,25.2
TH000048431,"NAKHON RATCHASIMA, TH",14.967,102.083,188.0,1951-05-02,0.0,,37.4,26.3
TH000048431,"NAKHON RATCHASIMA, TH",14.967,102.083,188.0,1951-05-03,72.3,,30.6,24.3
TH000048431,"NAKHON RATCHASIMA, TH",14.967,102.083,188.0,1951-05-04,18.4,,33.1,20.3
TH000048431,"NAKHON RATCHASIMA, TH",14.967,102.083,188.0,1951-05-05,0.0,,33.0,28.2
TH000048431,"NAKHON RATCHASIMA, TH",14.967,102.083,188.0,1951-05-06,0.0,,35.1,22.4
TH000048431,"NAKHON RATCHASIMA, TH",14.967,102.083,188.0,1951-05-07,3.5,,36.7,20.5
TH000048431,"NAKHON RATCHASIMA, TH",14.967,102.083,188.0,1951-05-08,0.8,,36.0,28.4
TH000048431,"NAKHON RATCHASIMA, TH",14.967,102.083,188.0,1951-05-09,0.0,,35.9,22.4
TH000048431,"NAKHON RATCHASIMA, TH",14.967,102.083,188.0,1951-05-10,1.6,,36.5,23.4
TH000048431,"NAKHON RATCHASIMA, TH",14.967,102.083,188.0,1951-05-11,0.0,,34.0,27.3
TH000048431,"NAKHON RATCHASIMA, TH",14.967,102.083,188.0,1951-05-12,26.8,,35.2,22.1
TH000048431,"NAKHON RATCHASIMA, TH",14.967,102.083,188.0,1951-05-13,8.7,,34.5,24.1
TH000048431,"NAKHON RATCHASIMA, TH",14.967,102.083,188.0,1951-05-14,0.0,,33.6,26.3
TH000048431,"NAKHON RATCHASIMA, TH",14.967,102.083,188.0,1951-05-15,0.7,,34.9,25.3
TH000048431,"NAKHON RATCHASIMA, TH",14.967,102.083,188.0,1951-05-16,1.7,,35.1,27.3
TH000048431,"NAKHON RATCHASIMA, TH",14.967,102.083,188.0,1951-05-17,0.0,,35.6,21.4
TH000048431,"NAKHON RATCHASIMA, TH",14.967,102.083,188.0,1951-05-18,0.0,,36.0,25.4
TH000048431,"NAKHON RATCHASIMA, TH",14.967,102.083,188.0,1951-05-19,0.0,,33.7,27.4
TH000048431,"NAKHON RATCHASIMA, TH",14.967,102.083,188.0,1951-05-20,0.0,,35.0,27.2
TH000048431,"NAKHON RATCHASIMA, TH",14.967,102.083,188.0,1951-05-21,3.0,,36.4,20.4
TH000048431,"NAKHON RATCHASIMA, TH",14.967,102.083,188.0,1951-05-22,7.7,,33.0,28.2
TH000048431,"NAKHON RATCHASIMA, TH",14.967,102.083,188.0,1951-05-23,26.4,,31.9,24.3
TH000048431,"NAKHON RATCHASIMA, TH",14.967,102.083,188.0,1951-05-24,2.4,,31.6,29.2
TH000048431,"NAKHON RATCHASIMA, TH",14.967,102.083,188.0,1951-05-25,0.0,,31.1,26.3
TH000048431,"NAKHON RATCHASIMA, TH",14.967,102.083,188.0,1951-05-26,0.2,,33.3,21.3
TH000048431,"NAKHON RATCHASIMA, TH",14.967,102.083,188.0,1951-05-27,10.0,,34.8,20.3
TH000048431,"NAKHON RATCHASIMA, TH",14.967,102.083,188.0,1951-05-28,31.2,,32.6,22.3
TH000048431,"NAKHON RATCHASIMA, TH",14.967,102.083,188.0,1951-05-29,16.8,,33.0,28.3
TH000048431,"NAKHON RATCHASIMA, TH",14.967,102.083,188.0,1951-05-30,0.0,,32.5,23.3
TH000048431,"NAKHON RATCHASIMA, TH",14.967,102.083,188.0,1951-05-31,0.0,,33.4,29.3
TH000048431,"NAKHON RATCHASIMA, TH",14.967,102.083,188.0,1951-06-01,0.5,,32.0,24.3
TH000048431,"NAKHON RATCHASIMA, TH",14.967,102.083,188.0,1951-06-02,1.9,,31.5,24.3
TH000048431,"NAKHON RATCHASIMA, TH",14.967,102.083,188.0,1951-06-03,0.3,,33.0,23.8
TH000048431,"NAKHON RATCHASIMA, TH",14.967,102.083,188.0,1951-06-04,11.1,,33.3,23.4
TH000048431,"NAKHON RATCHASIMA, TH",14.967,102.083,188.0,1951-06-05,0.1,,32.2,22.3
TH000048431,"NAKHON RATCHASIMA, TH",14.967,102.083,188.0,1951-06-06,0.4,,33.3,24.3
TH000048431,"NAKHON RATCHASIMA, TH",14.967,102.083,188.0,1951-06-07,0.5,,33.2,24.3
TH000048431,"NAKHON RATCHASIMA, TH",14.967,102.083,188.0,1951-06-08,2.1,,33.0,23.9
TH000048431,"NAKHON RATCHASIMA, TH",14.967,102.083,188.0,1951-06-09,0.9,,34.0,23.6
TH000048431,"NAKHON RATCHASIMA, TH",14.967,102.083,188.0,1951-06-10,9.3,,31.1,24.1
TH000048431,"NAKHON RATCHASIMA, TH",14.967,102.083,188.0,1951-06-11,0.5,,33.0,24.0
TH000048431,"NAKHON RATCHASIMA, TH",14.967,102.083,188.0,1951-06-12,3.2,,31.6,23.2
TH000048431,"NAKHON RATCHASIMA, TH",14.967,102.083,188.0,1951-06-13,0.0,,32.8,23.2
TH000048431,"NAKHON RATCHASIMA, TH",14.967,102.083,188.0,1951-06-14,0.0,,32.5,24.0
TH000048431,"NAKHON RATCHASIMA, TH",14.967,102.083,188.0,1951-06-15,0.6,,29.8,24.5
TH000048431,"NAKHON RATCHASIMA, TH",14.967,102.083,188.0,1951-06-16,0.0,,31.5,23.6
TH000048431,"NAKHON RATCHASIMA, TH",14.967,102.083,188.0,1951-06-17,1.1,,31.7,24.4
TH000048431,"NAKHON RATCHASIMA, TH",14.967,102.083,188.0,1951-06-18,0.0,,30.3,23.8
TH000048431,"NAKHON RATCHASIMA, TH",14.967,102.083,188.0,1951-06-19,0.3,,31.4,23.7
TH000048431,"NAKHON RATCHASIMA, TH",14.967,102.083,188.0,1951-06-20,3.1,,31.0,22.0
TH000048431,"NAKHON RATCHASIMA, TH",14.967,102.083,188.0,1951-06-21,0.0,,30.8,22.4
TH000048431,"NAKHON RATCHASIMA, TH",14.967,102.083,188.0,1951-06-22,0.0,,32.2,23.0
TH000048431,"NAKHON RATCHASIMA, TH",14.967,102.083,188.0,1951-06-23,1.9,,32.1,24.0
TH000048431,"NAKHON RATCHASIMA, TH",14.967,102.083,188.0,1951-06-24,0.0,,33.3,23.0
TH000048431,"NAKHON RATCHASIMA, TH",14.967,102.083,188.0,1951-06-25,10.8,,34.4,23.4
TH000048431,"NAKHON RATCHASIMA, TH",14.967,102.083,188.0,1951-06-26,0.0,,33.6,22.6
TH000048431,"NAKHON RATCHASIMA, TH",14.967,102.083,188.0,1951-06-27,0.0,,34.2,23.6
TH000048431,"NAKHON RATCHASIMA, TH",14.967,102.083,188.0,1951-06-28,0.0,,34.6,23.7
TH000048431,"NAKHON RATCHASIMA, TH",14.967,102.083,188.0,1951-06-29,0.4,,34.5,23.1
TH000048431,"NAKHON RATCHASIMA, TH",14.967,102.083,188.0,1951-06-30,32.3,,33.2,22.3
TH000048431,"NAKHON RATCHASIMA, TH",14.967,102.083,188.0,1951-07-01,0.0,,29.9,22.4
TH000048431,"NAKHON RATCHASIMA, TH",14.967,102.083,188.0,1951-07-02,0.0,,32.8,23.9
TH000048431,"NAKHON RATCHASIMA, TH",14.967,102.083,188.0,1951-07-03,0.9,,33.4,23.9
TH000048431,"NAKHON RATCHASIMA, TH",14.967,102.083,188.0,1951-07-04,0.0,,34.0,24.7
TH000048431,"NAKHON RATCHASIMA, TH",14.967,102.083,188.0,1951-07-05,0.0,,34.7,22.7
TH000048431,"NAKHON RATCHASIMA, TH",14.967,102.083,188.0,1951-07-06,0.0,,34.3,22.1
TH000048431,"NAKHON RATCHASIMA, TH",14.967,102.083,188.0,1951-07-07,0.0,,35.3,22.0
TH000048431,"NAKHON RATCHASIMA, TH",14.967,102.083,188.0,1951-07-08,0.2,,35.7,23.5
TH000048431,"NAKHON RATCHASIMA, TH",14.967,102.083,188.0,1951-07-09,0.0,,36.3,23.0
TH000048431,"NAKHON RATCHASIMA, TH",14.967,102.083,188.0,1951-07-10,0.0,,35.5,22.8
TH000048431,"NAKHON RATCHASIMA, TH",14.967,102.083,188.0,1951-07-11,8.4,,35.3,23.0
TH000048431,"NAKHON RATCHASIMA, TH",14.967,102.083,188.0,1951-07-12,0.0,,35.3,22.6
TH000048431,"NAKHON RATCHASIMA, TH",14.967,102.083,188.0,1951-07-13,0.0,,35.5,22.7
TH000048431,"NAKHON RATCHASIMA, TH",14.967,102.083,188.0,1951-07-14,0.0,,35.7,21.6
TH000048431,"NAKHON RATCHASIMA, TH",14.967,102.083,188.0,1951-07-15,1.5,,36.2,23.1
TH000048431,"NAKHON RATCHASIMA, TH",14.967,102.083,188.0,1951-07-16,26.7,,35.6,22.4
TH000048431,"NAKHON RATCHASIMA, TH",14.967,102.083,188.0,1951-07-17,0.0,,34.2,22.2
TH000048431,"NAKHON RATCHASIMA, TH",14.967,102.083,188.0,1951-07-18,0.0,,33.6,23.5
TH000048431,"NAKHON RATCHASIMA, TH",14.967,102.083,188.0,1951-07-19,18.8,,35.5,22.9
TH000048431,"NAKHON RATCHASIMA, TH",14.967,102.083,188.0,1951-07-20,5.7,,32.0,22.4
TH000048431,"NAKHON RATCHASIMA, TH",14.967,102.083,188.0,1951-07-21,31.6,,34.7,22.6
TH000048431,"NAKHON RATCHASIMA, TH",14.967,102.083,188.0,1951-07-22,50.2,,27.3,22.9
TH000048431,"NAKHON RATCHASIMA, TH",14.967,102.083,188.0,1951-07-23,0.2,,29.5,22.3
TH000048431,"NAKHON RATCHASIMA, TH",14.967,102.083,188.0,1951-07-24,0.0,,32.5,23.1
TH000048431,"NAKHON RATCHASIMA, TH",14.967,102.083,188.0,1951-07-25,59.2,,33.9,23.2
TH000048431,"NAKHON RATCHASIMA, TH",14.967,102.083,188.0,1951-07-26,1.2,,30.0,22.5
TH000048431,"NAKHON RATCHASIMA, TH",14.967,102.083,188.0,1951-07-27,5.2,,32.0,23.4
TH000048431,"NAKHON RATCHASIMA, TH",14.967,102.083,188.0,1951-07-28,0.0,,31.5,24.2
TH000048431,"NAKHON RATCHASIMA, TH",14.967,102.083,188.0,1951-07-29,14.0,,28.8,23.6
TH000048431,"NAKHON RATCHASIMA, TH",14.967,102.083,188.0,1951-07-30,0.1,,31.5,23.3
TH000048431,"NAKHON RATCHASIMA, TH",14.967,102.083,188.0,1951-07-31,0.0,,29.6,23.3
TH000048431,"NAKHON RATCHASIMA, TH",14.967,102.083,188.0,1951-08-01,0.0,,30.0,23.7
TH000048431,"NAKHON RATCHASIMA, TH",14.967,102.083,188.0,1951-08-02,0.0,,29.5,22.6
TH000048431,"NAKHON RATCHASIMA, TH",14.967,102.083,188.0,1951-08-03,0.0,,29.5,24.2
TH000048431,"NAKHON RATCHASIMA, TH",14.967,102.083,188.0,1951-08-04,1.8,,31.8,23.7
TH000048431,"NAKHON RATCHASIMA, TH",14.967,102.083,188.0,1951-08-05,3.3,,30.8,23.1
TH000048431,"NAKHON RATCHASIMA, TH",14.967,102.083,188.0,1951-08-06,13.2,,27.7,23.0
TH000048431,"NAKHON RATCHASIMA, TH",14.967,102.083,188.0,1951-08-07,9.7,,27.3,21.9
TH000048431,"NAKHON RATCHASIMA, TH",14.967,102.083,188.0,1951-08-08,2.0,,28.9,22.2
TH000048431,"NAKHON RATCHASIMA, TH",14.967,102.083,188.0,1951-08-09,0.8,,30.7,23.1
TH000048431,"NAKHON RATCHASIMA, TH",14.967,102.083,188.0,1951-08-10,0.3,,32.0,22.3
TH000048431,"NAKHON RATCHASIMA, TH",14.967,102.083,188.0,1951-08-11,0.0,,29.1,22.6
TH000048431,"NAKHON RATCHASIMA, TH",14.967,102.083,188.0,1951-08-12,0.0,,33.8,23.0
TH000048431,"NAKHON RATCHASIMA, TH",14.967,102.083,188.0,1951-08-13,0.0,,33.1,23.6
TH000048431,"NAKHON RATCHASIMA, TH",14.967,102.083,188.0,1951-08-14,0.3,,33.3,24.0
TH000048431,"NAKHON RATCHASIMA, TH",14.967,102.083,188.0,1951-08-15,0.6,,33.1,23.4
TH000048431,"NAKHON RATCHASIMA, TH",14.967,102.083,188.0,1951-08-16,3.7,,31.0,22.5
TH000048431,"NAKHON RATCHASIMA, TH",14.967,102.083,188.0,1951-08-17,0.0,,29.8,23.6
TH000048431,"NAKHON RATCHASIMA, TH",14.967,102.083,188.0,1951-08-18,0.0,,31.3,22.9
TH000048431,"NAKHON RATCHASIMA, TH",14.967,102.083,188.0,1951-08-19,0.0,,32.7,22.2
TH000048431,"NAKHON RATCHASIMA, TH",14.967,102.083,188.0,1951-08-20,0.4,,32.1,22.5
TH000048431,"NAKHON RATCHASIMA, TH",14.967,102.083,188.0,1951-08-21,0.0,,31.4,23.0
TH000048431,"NAKHON RATCHASIMA, TH",14.967,102.083,188.0,1951-08-22,0.0,,32.6,22.5
TH000048431,"NAKHON RATCHASIMA, TH",14.967,102.083,188.0,1951-08-23,0.0,,33.1,23.0
TH000048431,"NAKHON RATCHASIMA, TH",14.967,102.083,188.0,1951-08-24,0.0,,34.0,23.2
TH000048431,"NAKHON RATCHASIMA, TH",14.967,102.083,188.0,1951-08-25,0.0,,32.5,22.8
TH000048431,"NAKHON RATCHASIMA, TH",14.967,102.083,188.0,1951-08-26,0.0,,35.4,22.7
TH000048431,"NAKHON RATCHASIMA, TH",14.967,102.083,188.0,1951-08-27,0.0,,35.8,22.1
TH000048431,"NAKHON RATCHASIMA, TH",14.967,102.083,188.0,1951-08-28,0.1,,36.4,22.9
TH000048431,"NAKHON RATCHASIMA, TH",14.967,102.083,188.0,1951-08-29,52.1,,35.6,22.6
TH000048431,"NAKHON RATCHASIMA, TH",14.967,102.083,188.0,1951-08-30,0.2,,34.0,22.6
TH000048431,"NAKHON RATCHASIMA, TH",14.967,102.083,188.0,1951-08-31,0.2,,33.0,23.2
TH000048431,"NAKHON RATCHASIMA, TH",14.967,102.083,188.0,1951-09-01,0.0,,33.8,21.4
TH000048431,"NAKHON RATCHASIMA, TH",14.967,102.083,188.0,1951-09-02,11.6,,28.1,29.0
TH000048431,"NAKHON RATCHASIMA, TH",14.967,102.083,188.0,1951-09-03,0.0,,29.6,27.2
TH000048431,"NAKHON RATCHASIMA, TH",14.967,102.083,188.0,1951-09-04,15.0,,31.6,22.3
TH000048431,"NAKHON RATCHASIMA, TH",14.967,102.083,188.0,1951-09-05,3.8,,33.1,26.3
TH000048431,"NAKHON RATCHASIMA, TH",14.967,102.083,188.0,1951-09-06,1.3,,29.2,22.3
TH000048431,"NAKHON RATCHASIMA, TH",14.967,102.083,188.0,1951-09-07,7.5,,26.9,25.2
TH000048431,"NAKHON RATCHASIMA, TH",14.967,102.083,188.0,1951-09-08,3.0,,29.6,20.3
TH000048431,"NAKHON RATCHASIMA, TH",14.967,102.083,188.0,1951-09-09,6.9,,30.7,23.2
TH000048431,"NAKHON RATCHASIMA, TH",14.967,102.083,188.0,1951-09-10,0.0,,33.3,21.3
TH000048431,"NAKHON RATCHASIMA, TH",14.967,102.083,188.0,1951-09-11,7.1,,33.5,25.2
TH000048431,"NAKHON RATCHASIMA, TH",14.967,102.083,188.0,1951-09-12,0.0,,34.4,20.2
TH000048431,"NAKHON RATCHASIMA, TH",14.967,102.083,188.0,1951-09-13,0.8,,34.8,29.2
TH000048431,"NAKHON RATCHASIMA, TH",14.967,102.083,188.0,1951-09-14,0.0,,35.1,29.2
TH000048431,"NAKHON RATCHASIMA, TH",14.967,102.083,188.0,1951-09-15,0.0,,35.1,28.2
TH000048431,"NAKHON RATCHASIMA, TH",14.967,102.083,188.0,1951-09-16,0.0,,35.5,23.2
TH000048431,"NAKHON RATCHASIMA, TH",14.967,102.083,188.0,1951-09-17,0.0,,35.0,29.2
TH000048431,"NAKHON RATCHASIMA, TH",14.967,102.083,188.0,1951-09-18,26.4,,35.0,24.2
TH000048431,"NAKHON RATCHASIMA, TH",14.967,102.083,188.0,1951-09-19,21.5,,33.4,29.2
TH000048431,"NAKHON RATCHASIMA, TH",14.967,102.083,188.0,1951-09-20,0.7,,34.6,25.2
TH000048431,"NAKHON RATCHASIMA, TH",14.967,102.083,188.0,1951-09-21,0.0,,32.6,27.2
TH000048431,"NAKHON RATCHASIMA, TH",14.967,102.083,188.0,1951-09-22,0.0,,33.1,27.1
TH000048431,"NAKHON RATCHASIMA, TH",14.967,102.083,188.0,1951-09-23,0.0,,33.7,25.0
TH000048431,"NAKHON RATCHASIMA, TH",14.967,102.083,188.0,1951-09-24,13.2,,34.2,21.3
TH000048431,"NAKHON RATCHASIMA, TH",14.967,102.083,188.0,1951-09-25,0.0,,33.8,26.2
TH000048431,"NAKHON RATCHASIMA, TH",14.967,102.083,188.0,1951-09-26,5.3,,33.9,21.3
TH000048431,"NAKHON RATCHASIMA, TH",14.967,102.083,188.0,1951-09-27,6.6,,29.8,21.3
TH000048431,"NAKHON RATCHASIMA, TH",14.967,102.083,188.0,1951-09-28,0.5,,29.1,24.3
TH000048431,"NAKHON RATCHASIMA, TH",14.967,102.083,188.0,1951-09-29,69.6,,33.0,22.3
TH000048431,"NAKHON RATCHASIMA, TH",14.967,102.083,188.0,1951-09-30,53.2,,32.0,26.1
TH000048431,"NAKHON RATCHASIMA, TH",14.967,102.083,188.0,1951-10-01,24.0,,29.9,22.8
TH000048431,"NAKHON RATCHASIMA, TH",14.967,102.083,188.0,1951-10-02,0.2,,32.3,22.3
TH000048431,"NAKHON RATCHASIMA, TH",14.967,102.083,188.0,1951-10-03,47.4,,33.7,23.2
TH000048431,"NAKHON RATCHASIMA, TH",14.967,102.083,188.0,1951-10-04,0.5,,31.7,22.3
TH000048431,"NAKHON RATCHASIMA, TH",14.967,102.083,188.0,1951-10-05,0.0,,33.3,24.1
TH000048431,"NAKHON RATCHASIMA, TH",14.967,102.083,188.0,1951-10-06,13.6,,33.2,24.2
TH000048431,"NAKHON RATCHASIMA, TH",14.967,102.083,188.0,1951-10-07,17.3,,30.1,23.1
TH000048431,"NAKHON RATCHASIMA, TH",14.967,102.083,188.0,1951-10-08,0.8,,31.7,22.6
TH000048431,"NAKHON RATCHASIMA, TH",14.967,102.083,188.0,1951-10-09,0.0,,33.0,22.3
TH000048431,"NAKHON RATCHASIMA, TH",14.967,102.083,188.0,1951-10-10,0.0,,33.0,22.5
TH000048431,"NAKHON RATCHASIMA, TH",14.967,102.083,188.0,1951-10-11,0.0,,32.0,22.5
TH000048431,"NAKHON RATCHASIMA, TH",14.967,102.083,188.0,1951-10-12,0.0,,33.8,23.1
TH000048431,"NAKHON RATCHASIMA, TH",14.967,102.083,188.0,1951-10-13,0.0,,33.5,23.5
TH000048431,"NAKHON RATCHASIMA, TH",14.967,102.083,188.0,1951-10-14,6.6,,28.0,22.3
TH000048431,"NAKHON RATCHASIMA, TH",14.967,102.083,188.0,1951-10-15,26.8,,28.5,22.6
TH000048431,"NAKHON RATCHASIMA, TH",14.967,102.083,188.0,1951-10-16,0.7,,27.9,22.6
TH000048431,"NAKHON RATCHASIMA, TH",14.967,102.083,188.0,1951-10-17,0.0,,30.5,21.7
TH000048431,"NAKHON RATCHASIMA, TH",14.967,102.083,188.0,1951-10-18,0.0,,32.1,19.9
TH000048431,"NAKHON RATCHASIMA, TH",14.967,102.083,188.0,1951-10-19,0.0,,33.0,22.7
TH000048431,"NAKHON RATCHASIMA, TH",14.967,102.083,188.0,1951-10-20,53.1,,30.5,22.2
TH000048431,"NAKHON RATCHASIMA, TH",14.967,102.083,188.0,1951-10-21,32.9,,31.8,22.5
TH000048431,"NAKHON RATCHASIMA, TH",14.967,102.083,188.0,1951-10-22,1.1,,31.8,22.7
TH000048431,"NAKHON RATCHASIMA, TH",14.967,102.083,188.0,1951-10-23,68.6,,32.0,22.2
TH000048431,"NAKHON RATCHASIMA, TH",14.967,102.083,188.0,1951-10-24,0.0,,24.9,21.6
TH000048431,"NAKHON RATCHASIMA, TH",14.967,102.083,188.0,1951-10-25,0.0,,28.6,21.7
TH000048431,"NAKHON RATCHASIMA, TH",14.967,102.083,188.0,1951-10-26,0.0,,31.1,22.2
TH000048431,"NAKHON RATCHASIMA, TH",14.967,102.083,188.0,1951-10-27,0.0,,31.1,21.4
TH000048431,"NAKHON RATCHASIMA, TH",14.967,102.083,188.0,1951-10-28,0.0,,29.7,20.4
TH000048431,"NAKHON RATCHASIMA, TH",14.967,102.083,188.0,1951-10-29,0.0,,30.0,18.8
TH000048431,"NAKHON RATCHASIMA, TH",14.967,102.083,188.0,1951-10-30,0.0,,30.3,18.0
TH000048431,"NAKHON RATCHASIMA, TH",14.967,102.083,188.0,1951-10-31,0.0,,30.4,18.9
TH000048431,"NAKHON RATCHASIMA, TH",14.967,102.083,188.0,1951-11-01,0.0,,29.7,19.0
TH000048431,"NAKHON RATCHASIMA, TH",14.967,102.083,188.0,1951-11-02,0.0,,30.0,19.5
TH000048431,"NAKHON RATCHASIMA, TH",14.967,102.083,188.0,1951-11-03,0.0,,30.8,17.3
TH000048431,"NAKHON RATCHASIMA, TH",14.967,102.083,188.0,1951-11-04,0.0,,31.6,19.4
TH000048431,"NAKHON RATCHASIMA, TH",14.967,102.083,188.0,1951-11-05,0.0,,32.5,20.2
TH000048431,"NAKHON RATCHASIMA, TH",14.967,102.083,188.0,1951-11-06,0.0,,32.0,21.4
TH000048431,"NAKHON RATCHASIMA, TH",14.967,102.083,188.0,1951-11-07,0.0,,31.1,21.4
TH000048431,"NAKHON RATCHASIMA, TH",14.967,102.083,188.0,1951-11-08,3.8,,30.6,23.0
TH000048431,"NAKHON RATCHASIMA, TH",14.967,102.083,188.0,1951-11-09,0.0,,27.0,21.1
TH000048431,"NAKHON RATCHASIMA, TH",14.967,102.083,188.0,1951-11-10,0.0,,30.1,22.0
TH000048431,"NAKHON RATCHASIMA, TH",14.967,102.083,188.0,1951-11-11,0.0,,31.2,20.4
TH000048431,"NAKHON RATCHASIMA, TH",14.967,102.083,188.0,1951-11-12,0.0,,32.0,21.0
TH000048431,"NAKHON RATCHASIMA, TH",14.967,102.083,188.0,1951-11-13,0.0,,30.0,21.4
TH000048431,"NAKHON RATCHASIMA, TH",14.967,102.083,188.0,1951-11-14,0.0,,32.0,22.7
TH000048431,"NAKHON RATCHASIMA, TH",14.967,102.083,188.0,1951-11-15,0.0,,32.5,21.7
TH000048431,"NAKHON RATCHASIMA, TH",14.967,102.083,188.0,1951-11-16,0.0,,32.0,22.6
TH000048431,"NAKHON RATCHASIMA, TH",14.967,102.083,188.0,1951-11-17,0.0,,32.9,22.0
TH000048431,"NAKHON RATCHASIMA, TH",14.967,102.083,188.0,1951-11-18,0.1,,32.5,22.8
TH000048431,"NAKHON RATCHASIMA, TH",14.967,102.083,188.0,1951-11-19,44.4,,30.0,23.1
TH000048431,"NAKHON RATCHASIMA, TH",14.967,102.083,188.0,1951-11-20,0.0,,27.9,22.5
TH000048431,"NAKHON RATCHASIMA, TH",14.967,102.083,188.0,1951-11-21,18.4,,32.3,22.1
TH000048431,"NAKHON RATCHASIMA, TH",14.967,102.083,188.0,1951-11-22,2.1,,31.4,22.6
TH000048431,"NAKHON RATCHASIMA, TH",14.967,102.083,188.0,1951-11-23,0.0,,31.2,22.7
TH000048431,"NAKHON RATCHASIMA, TH",14.967,102.083,188.0,1951-11-24,0.0,,29.2,17.5
TH000048431,"NAKHON RATCHASIMA, TH",14.967,102.083,188.0,1951-11-25,0.2,,28.9,16.6
TH000048431,"NAKHON RATCHASIMA, TH",14.967,102.083,188.0,1951-11-26,0.0,,26.0,18.6
TH000048431,"NAKHON RATCHASIMA, TH",14.967,102.083,188.0,1951-11-27,0.0,,27.3,18.7
TH000048431,"NAKHON RATCHASIMA, TH",14.967,102.083,188.0,1951-11-28,0.0,,29.4,20.0
TH000048431,"NAKHON RATCHASIMA, TH",14.967,102.083,188.0,1951-11-29,8.2,,30.8,21.1
TH000048431,"NAKHON RATCHASIMA, TH",14.967,102.083,188.0,1951-11-30,0.0,,31.1,22.2
TH000048431,"NAKHON RATCHASIMA, TH",14.967,102.083,188.0,1951-12-01,0.0,,29.2,19.3
TH000048431,"NAKHON RATCHASIMA, TH",14.967,102.083,188.0,1951-12-02,0.0,,28.7,19.2
TH000048431,"NAKHON RATCHASIMA, TH",14.967,102.083,188.0,1951-12-03,0.0,,30.0,19.2
TH000048431,"NAKHON RATCHASIMA, TH",14.967,102.083,188.0,1951-12-04,0.0,,27.0,19.4
TH000048431,"NAKHON RATCHASIMA, TH",14.967,102.083,188.0,1951-12-05,0.0,,23.9,17.3
TH000048431,"NAKHON RATCHASIMA, TH",14.967,102.083,188.0,1951-12-06,0.0,,25.1,15.8
TH000048431,"NAKHON RATCHASIMA, TH",14.967,102.083,188.0,1951-12-07,0.0,,26.0,16.1
TH000048431,"NAKHON RATCHASIMA, TH",14.967,102.083,188.0,1951-12-08,0.0,,28.3,15.0
TH000048431,"NAKHON RATCHASIMA, TH",14.967,102.083,188.0,1951-12-09,0.0,,28.8,15.4
TH000048431,"NAKHON RATCHASIMA, TH",14.967,102.083,188.0,1951-12-10,0.0,,29.7,14.9
TH000048431,"NAKHON RATCHASIMA, TH",14.967,102.083,188.0,1951-12-11,0.0,,28.3,14.1
TH000048431,"NAKHON RATCHASIMA, TH",14.967,102.083,188.0,1951-12-12,0.0,,28.4,12.7
TH000048431,"NAKHON RATCHASIMA, TH",14.967,102.083,188.0,1951-12-13,0.0,,28.9,12.6
TH000048431,"NAKHON RATCHASIMA, TH",14.967,102.083,188.0,1951-12-14,0.0,,28.8,13.6
TH000048431,"NAKHON RATCHASIMA, TH",14.967,102.083,188.0,1951-12-15,0.0,,26.1,12.5
TH000048431,"NAKHON RATCHASIMA, TH",14.967,102.083,188.0,1951-12-16,0.0,,24.8,12.1
TH000048431,"NAKHON RATCHASIMA, TH",14.967,102.083,188.0,1951-12-17,0.0,,27.2,11.5
TH000048431,"NAKHON RATCHASIMA, TH",14.967,102.083,188.0,1951-12-18,0.0,,29.0,12.5
TH000048431,"NAKHON RATCHASIMA, TH",14.967,102.083,188.0,1951-12-19,0.0,,29.6,14.9
TH000048431,"NAKHON RATCHASIMA, TH",14.967,102.083,188.0,1951-12-20,0.0,,31.9,17.3
TH000048431,"NAKHON RATCHASIMA, TH",14.967,102.083,188.0,1951-12-21,0.0,,31.0,17.2
TH000048431,"NAKHON RATCHASIMA, TH",14.967,102.083,188.0,1951-12-22,0.0,,32.0,20.0
TH000048431,"NAKHON RATCHASIMA, TH",14.967,102.083,188.0,1951-12-23,0.0,,33.4,18.7
TH000048431,"NAKHON RATCHASIMA, TH",14.967,102.083,188.0,1951-12-24,0.0,,31.4,16.9
TH000048431,"NAKHON RATCHASIMA, TH",14.967,102.083,188.0,1951-12-25,0.0,,32.5,17.5
TH000048431,"NAKHON RATCHASIMA, TH",14.967,102.083,188.0,1951-12-26,0.0,,33.1,16.9
TH000048431,"NAKHON RATCHASIMA, TH",14.967,102.083,188.0,1951-12-27,0.0,,30.9,19.1
TH000048431,"NAKHON RATCHASIMA, TH",14.967,102.083,188.0,1951-12-28,0.0,,33.8,20.3
TH000048431,"NAKHON RATCHASIMA, TH",14.967,102.083,188.0,1951-12-29,0.0,,33.6,18.7
TH000048431,"NAKHON RATCHASIMA, TH",14.967,102.083,188.0,1951-12-30,0.0,,34.0,20.2
TH000048431,"NAKHON RATCHASIMA, TH",14.967,102.083,188.0,1951-12-31,0.0,,35.5,19.7
TH000048431,"NAKHON RATCHASIMA, TH",14.967,102.083,188.0,1952-01-01,0.0,,34.5,20.0
TH000048431,"NAKHON RATCHASIMA, TH",14.967,102.083,188.0,1952-01-02,0.0,,31.6,19.7
TH000048431,"NAKHON RATCHASIMA, TH",14.967,102.083,188.0,1952-01-03,0.0,,31.5,17.4
TH000048431,"NAKHON RATCHASIMA, TH",14.967,102.083,188.0,1952-01-04,0.0,,30.8,16.2
TH000048431,"NAKHON RATCHASIMA, TH",14.967,102.083,188.0,1952-01-05,0.0,,29.5,14.1
TH000048431,"NAKHON RATCHASIMA, TH",14.967,102.083,188.0,1952-01-06,0.0,,30.6,14.1
TH000048431,"NAKHON RATCHASIMA, TH",14.967,102.083,188.0,1952-01-07,0.0,,28.4,16.0
TH000048431,"NAKHON RATCHASIMA, TH",14.967,102.083,188.0,1952-01-08,0.0,,27.4,13.0
TH000048431,"NAKHON RATCHASIMA, TH",14.967,102.083,188.0,1952-01-09,0.0,,27.5,8.9
TH000048431,"NAKHON RATCHASIMA, TH",14.967,102.083,188.0,1952-01-10,0.0,,29.7,10.5
TH000048431,"NAKHON RATCHASIMA, TH",14.967,102.083,188.0,1952-01-11,0.0,,31.8,13.3
TH000048431,"NAKHON RATCHASIMA, TH",14.967,102.083,188.0,1952-01-12,0.0,,31.8,15.0
TH000048431,"NAKHON RATCHASIMA, TH",14.967,102.083,188.0,1952-01-13,0.0,,33.7,19.6
TH000048431,"NAKHON RATCHASIMA, TH",14.967,102.083,188.0,1952-01-14,0.0,,32.2,23.0
TH000048431,"NAKHON RATCHASIMA, TH",14.967,102.083,188.0,1952-01-15,0.0,,33.0,22.4
TH000048431,"NAKHON RATCHASIMA, TH",14.967,102.083,188.0,1952-01-16,0.0,,35.2,20.2
TH000048431,"NAKHON RATCHASIMA, TH",14.967,102.083,188.0,1952-01-17,0.0,,36.5,19.7
TH000048431,"NAKHON RATCHASIMA, TH",14.967,102.083,188.0,1952-01-18,0.0,,33.5,19.6
TH000048431,"NAKHON RATCHASIMA, TH",14.967,102.083,188.0,1952-01-19,0.0,,30.2,16.3
TH000048431,"NAKHON RATCHASIMA, TH",14.967,102.083,188.0,1952-01-20,0.0,,31.1,11.6
TH000048431,"NAKHON RATCHASIMA, TH",14.967,102.083,188.0,1952-01-21,0.0,,31.0,12.7
TH000048431,"NAKHON RATCHASIMA, TH",14.967,102.083,188.0,1952-01-22,0.0,,31.5,11.4
TH000048431,"NAKHON RATCHASIMA, TH",14.967,102.083,188.0,1952-01-23,0.0,,32.4,11.1
TH000048431,"NAKHON RATCHASIMA, TH",14.967,102.083,188.0,1952-01-24,0.0,,33.9,12.2
TH000048431,"NAKHON RATCHASIMA, TH",14.967,102.083,188.0,1952-01-25,0.0,,33.2,13.7
TH000048431,"NAKHON RATCHASIMA, TH",14.967,102.083,188.0,1952-01-26,0.0,,33.0,16.3
TH000048431,"NAKHON RATCHASIMA, TH",14.967,102.083,188.0,1952-01-27,0.0,,33.4,17.7
TH000048431,"NAKHON RATCHASIMA, TH",14.967,102.083,188.0,1952-01-28,0.0,,34.5,16.5
TH000048431,"NAKHON RATCHASIMA, TH",14.967,102.083,188.0,1952-01-29,0.0,,35.2,15.3
TH000048431,"NAKHON RATCHASIMA, TH",14.967,102.083,188.0,1952-01-30,0.0,,35.2,14.9
TH000048431,"NAKHON RATCHASIMA, TH",14.967,102.083,188.0,1952-01-31,0.0,,36.1,16.6
TH000048431,"NAKHON RATCHASIMA, TH",14.967,102.083,188.0,1952-02-01,0.0,,36.0,21.0
TH000048431,"NAKHON RATCHASIMA, TH",14.967,102.083,188.0,1952-02-02,0.0,,37.1,20.1
TH000048431,"NAKHON RATCHASIMA, TH",14.967,102.083,188.0,1952-02-03,0.0,,38.4,18.6
TH000048431,"NAKHON RATCHASIMA, TH",14.967,102.083,188.0,1952-02-04,0.0,,35.6,19.8
TH000048431,"NAKHON RATCHASIMA, TH",14.967,102.083,188.0,1952-02-05,0.0,,34.0,20.5
TH000048431,"NAKHON RATCHASIMA, TH",14.967,102.083,188.0,1952-02-06,0.0,,36.9,19.0
TH000048431,"NAKHON RATCHASIMA, TH",14.967,102.083,188.0,1952-02-07,0.0,,37.3,22.4
TH000048431,"NAKHON RATCHASIMA, TH",14.967,102.083,188.0,1952-02-08,0.2,,37.2,20.6
TH000048431,"NAKHON RATCHASIMA, TH",14.967,102.083,188.0,1952-02-09,0.0,,38.0,22.2
TH000048431,"NAKHON RATCHASIMA, TH",14.967,102.083,188.0,1952-02-10,0.0,,33.9,19.1
TH000048431,"NAKHON RATCHASIMA, TH",14.967,102.083,188.0,1952-02-11,0.0,,36.0,17.9
TH000048431,"NAKHON RATCHASIMA, TH",14.967,102.083,188.0,1952-02-12,0.0,,37.0,20.0
TH000048431,"NAKHON RATCHASIMA, TH",14.967,102.083,188.0,1952-02-13,0.0,,38.8,21.5
TH000048431,"NAKHON RATCHASIMA, TH",14.967,102.083,188.0,1952-02-14,0.0,,36.4,22.0
TH000048431,"NAKHON RATCHASIMA, TH",14.967,102.083,188.0,1952-02-15,0.0,,37.2,21.4
TH000048431,"NAKHON RATCHASIMA, TH",14.967,102.083,188.0,1952-02-16,0.0,,37.8,21.0
TH000048431,"NAKHON RATCHASIMA, TH",14.967,102.083,188.0,1952-02-17,0.0,,38.8,22.9
TH000048431,"NAKHON RATCHASIMA, TH",14.967,102.083,188.0,1952-02-18,0.0,,39.0,22.1
TH000048431,"NAKHON RATCHASIMA, TH",14.967,102.083,188.0,1952-02-19,1.4,,26.2,17.9
TH000048431,"NAKHON RATCHASIMA, TH",14.967,102.083,188.0,1952-02-20,0.0,,29.9,15.7
TH000048431,"NAKHON RATCHASIMA, TH",14.967,102.083,188.0,1952-02-21,0.0,,31.8,14.5
TH000048431,"NAKHON RATCHASIMA, TH",14.967,102.083,188.0,1952-02-22,0.0,,35.0,13.8
TH000048431,"NAKHON RATCHASIMA, TH",14.967,102.083,188.0,1952-02-23,0.0,,33.5,16.9
TH000048431,"NAKHON RATCHASIMA, TH",14.967,102.083,188.0,1952-02-24,0.0,,35.0,17.6
TH000048431,"NAKHON RATCHASIMA, TH",14.967,102.083,188.0,1952-02-25,0.0,,36.4,18.7
TH000048431,"NAKHON RATCHASIMA, TH",14.967,102.083,188.0,1952-02-26,0.0,,37.3,21.5
TH000048431,"NAKHON RATCHASIMA, TH",14.967,102.083,188.0,1952-02-27,0.0,,35.8,21.4
TH000048431,"NAKHON RATCHASIMA, TH",14.967,102.083,188.0,1952-02-28,0.0,,36.8,21.4
TH000048431,"NAKHON RATCHASIMA, TH",14.967,102.083,188.0,1952-02-29,0.0,,37.5,21.1
TH000048431,"NAKHON RATCHASIMA, TH",14.967,102.083,188.0,1952-03-01,0.4,,36.7,23.6
TH000048431,"NAKHON RATCHASIMA, TH",14.967,102.083,188.0,1952-03-02,1.2,,36.6,21.4
TH000048431,"NAKHON RATCHASIMA, TH",14.967,102.083,188.0,1952-03-03,15.5,,28.5,22.7
TH000048431,"NAKHON RATCHASIMA, TH",14.967,102.083,188.0,1952-03-04,0.0,,31.6,22.5
TH000048431,"NAKHON RATCHASIMA, TH",14.967,102.083,188.0,1952-03-05,0.0,,35.3,21.6
TH000048431,"NAKHON RATCHASIMA, TH",14.967,102.083,188.0,1952-03-06,0.0,,37.2,21.2
TH000048431,"NAKHON RATCHASIMA, TH",14.967,102.083,188.0,1952-03-07,0.0,,36.7,21.4
TH000048431,"NAKHON RATCHASIMA, TH",14.967,102.083,188.0,1952-03-08,3.5,,38.7,21.3
TH000048431,"NAKHON RATCHASIMA, TH",14.967,102.083,188.0,1952-03-09,0.0,,35.5,24.0
TH000048431,"NAKHON RATCHASIMA, TH",14.967,102.083,188.0,1952-03-10,0.0,,37.1,25.3
TH000048431,"NAKHON RATCHASIMA, TH",14.967,102.083,188.0,1952-03-11,0.0,,37.2,22.8
TH000048431,"NAKHON RATCHASIMA, TH",14.967,102.083,188.0,1952-03-12,33.1,,33.2,22.5
TH000048431,"NAKHON RATCHASIMA, TH",14.967,102.083,188.0,1952-03-13,6.7,,28.0,22.6
TH000048431,"NAKHON RATCHASIMA, TH",14.967,102.083,188.0,1952-03-14,0.0,,32.5,23.6
TH000048431,"NAKHON RATCHASIMA, TH",14.967,102.083,188.0,1952-03-15,0.0,,35.8,23.1
TH000048431,"NAKHON RATCHASIMA, TH",14.967,102.083,188.0,1952-03-16,0.0,,37.2,23.1
TH000048431,"NAKHON RATCHASIMA, TH",14.967,102.083,188.0,1952-03-17,3.0,,37.8,23.4
TH000048431,"NAKHON RATCHASIMA, TH",14.967,102.083,188.0,1952-03-18,0.0,,37.6,22.9
TH000048431,"NAKHON RATCHASIMA, TH",14.967,102.083,188.0,1952-03-19,0.0,,36.3,24.0
TH000048431,"NAKHON RATCHASIMA, TH",14.967,102.083,188.0,1952-03-20,0.0,,35.6,23.7
TH000048431,"NAKHON RATCHASIMA, TH",14.967,102.083,188.0,1952-03-21,0.0,,33.5,22.5
TH000048431,"NAKHON RATCHASIMA, TH",14.967,102.083,188.0,1952-03-22,6.1,,35.5,23.1
TH000048431,"NAKHON RATCHASIMA, TH",14.967,102.083,188.0,1952-03-23,5.4,,31.8,20.7
TH000048431,"NAKHON RATCHASIMA, TH",14.967,102.083,188.0,1952-03-24,10.5,,31.8,22.1
TH000048431,"NAKHON RATCHASIMA, TH",14.967,102.083,188.0,1952-03-25,2.2,,28.7,22.6
TH000048431,"NAKHON RATCHASIMA, TH",14.967,102.083,188.0,1952-03-26,0.1,,31.7,22.4
TH000048431,"NAKHON RATCHASIMA, TH",14.967,102.083,188.0,1952-03-27,0.0,,35.8,22.4
TH000048431,"NAKHON RATCHASIMA, TH",14.967,102.083,188.0,1952-03-28,3.8,,34.5,22.2
TH000048431,"NAKHON RATCHASIMA, TH",14.967,102.083,188.0,1952-03-29,0.0,,35.8,22.4
TH000048431,"NAKHON RATCHASIMA, TH",14.967,102.083,188.0,1952-03-30,0.0,,34.4,23.0
TH000048431,"NAKHON RATCHASIMA, TH",14.967,102.083,188.0,1952-03-31,0.0,,34.8,21.3
TH000048431,"NAKHON RATCHASIMA, TH",14.967,102.083,188.0,1952-04-01,0.0,,35.8,21.6
TH000048431,"NAKHON RATCHASIMA, TH",14.967,102.083,188.0,1952-04-02,0.0,,35.4,22.5
TH000048431,"NAKHON RATCHASIMA, TH",14.967,102.083,188.0,1952-04-03,0.0,,36.4,22.2
TH000048431,"NAKHON RATCHASIMA, TH",14.967,102.083,188.0,1952-04-04,0.0,,36.7,22.2
TH000048431,"NAKHON RATCHASIMA, TH",14.967,102.083,188.0,1952-04-05,0.3,,36.4,23.4
TH000048431,"NAKHON RATCHASIMA, TH",14.967,102.083,188.0,1952-04-06,0.0,,37.6,23.6
TH000048431,"NAKHON RATCHASIMA, TH",14.967,102.083,188.0,1952-04-07,0.0,,37.6,23.6
TH000048431,"NAKHON RATCHASIMA, TH",14.967,102.083,188.0,1952-04-08,0.0,,38.8,22.0
TH000048431,"NAKHON RATCHASIMA, TH",14.967,102.083,188.0,1952-04-09,0.0,,38.3,21.8
TH000048431,"NAKHON RATCHASIMA, TH",14.967,102.083,188.0,1952-04-10,0.0,,38.5,22.2
TH000048431,"NAKHON RATCHASIMA, TH",14.967,102.083,188.0,1952-04-11,0.0,,39.3,20.0
TH000048431,"NAKHON RATCHASIMA, TH",14.967,102.083,188.0,1952-04-12,0.0,,40.5,20.8
TH000048431,"NAKHON RATCHASIMA, TH",14.967,102.083,188.0,1952-04-13,2.3,,30.3,22.6
TH000048431,"NAKHON RATCHASIMA, TH",14.967,102.083,188.0,1952-04-14,0.0,,34.0,21.4
TH000048431,"NAKHON RATCHASIMA, TH",14.967,102.083,188.0,1952-04-15,0.0,,33.3,15.7
TH000048431,"NAKHON RATCHASIMA, TH",14.967,102.083,188.0,1952-04-16,0.0,,34.3,19.6
TH000048431,"NAKHON RATCHASIMA, TH",14.967,102.083,188.0,1952-04-17,0.0,,35.9,21.0
TH000048431,"NAKHON RATCHASIMA, TH",14.967,102.083,188.0,1952-04-18,0.0,,34.6,22.4
TH000048431,"NAKHON RATCHASIMA, TH",14.967,102.083,188.0,1952-04-19,0.0,,37.4,20.0
TH000048431,"NAKHON RATCHASIMA, TH",14.967,102.083,188.0,1952-04-20,0.0,,38.7,21.6
TH000048431,"NAKHON RATCHASIMA, TH",14.967,102.083,188.0,1952-04-21,2.1,,40.2,23.3
TH000048431,"NAKHON RATCHASIMA, TH",14.967,102.083,188.0,1952-04-22,0.0,,39.7,23.4
TH000048431,"NAKHON RATCHASIMA, TH",14.967,102.083,188.0,1952-04-23,0.0,,40.4,23.6
TH000048431,"NAKHON RATCHASIMA, TH",14.967,102.083,188.0,1952-04-24,0.0,,40.0,24.1
TH000048431,"NAKHON RATCHASIMA, TH",14.967,102.083,188.0,1952-04-25,0.0,,36.3,25.2
TH000048431,"NAKHON RATCHASIMA, TH",14.967,102.083,188.0,1952-04-26,0.3,,37.4,22.9
TH000048431,"NAKHON RATCHASIMA, TH",14.967,102.083,188.0,1952-04-27,0.2,,35.1,22.1
TH000048431,"NAKHON RATCHASIMA, TH",14.967,102.083,188.0,1952-04-28,0.1,,38.6,22.7
TH000048431,"NAKHON RATCHASIMA, TH",14.967,102.083,188.0,1952-04-29,0.0,,36.9,23.5
TH000048431,"NAKHON RATCHASIMA, TH",14.967,102.083,188.0,1952-04-30,25.3,,36.9,23.2
TH000048431,"NAKHON RATCHASIMA, TH",14.967,102.083,188.0,1952-05-01,0.0,,38.8,29.3
TH000048431,"NAKHON RATCHASIMA, TH",14.967,102.083,188.0,1952-05-02,0.0,,38.3,25.4
TH000048431,"NAKHON RATCHASIMA, TH",14.967,102.083,188.0,1952-05-03,0.0,,35.0,29.4
TH000048431,"NAKHON RATCHASIMA, TH",14.967,102.083,188.0,1952-05-04,1.6,,36.0,23.4
TH000048431,"NAKHON RATCHASIMA, TH",14.967,102.083,188.0,1952-05-05,0.3,,38.7,28.2
TH000048431,"NAKHON RATCHASIMA, TH",14.967,102.083,188.0,1952-05-06,17.7,,36.7,27.3
TH000048431,"NAKHON RATCHASIMA, TH",14.967,102.083,188.0,1952-05-07,1.2,,36.1,27.3
TH000048431,"NAKHON RATCHASIMA, TH",14.967,102.083,188.0,1952-05-08,6.0,,25.6,23.4
TH000048431,"NAKHON RATCHASIMA, TH",14.967,102.083,188.0,1952-05-09,28.9,,35.5,26.2
TH000048431,"NAKHON RATCHASIMA, TH",14.967,102.083,188.0,1952-05-10,18.3,,29.2,26.2
TH000048431,"NAKHON RATCHASIMA, TH",14.967,102.083,188.0,1952-05-11,0.9,,35.9,28.9
TH000048431,"NAKHON RATCHASIMA, TH",14.967,102.083,188.0,1952-05-12,0.0,,36.5,21.4
TH000048431,"NAKHON RATCHASIMA, TH",14.967,102.083,188.0,1952-05-13,134.5,,36.9,25.2
TH000048431,"NAKHON RATCHASIMA, TH",14.967,102.083,188.0,1952-05-14,22.8,,31.5,23.1
TH000048431,"NAKHON RATCHASIMA, TH",14.967,102.083,188.0,1952-05-15,1.3,,34.7,22.3
TH000048431,"NAKHON RATCHASIMA, TH",14.967,102.083,188.0,1952-05-16,0.0,,33.5,20.5
TH000048431,"NAKHON RATCHASIMA, TH",14.967,102.083,188.0,1952-05-17,3.6,,35.8,23.5
TH000048431,"NAKHON RATCHASIMA, TH",14.967,102.083,188.0,1952-05-18,17.7,,34.2,22.4
TH000048431,"NAKHON RATCHASIMA, TH",14.967,102.083,188.0,1952-05-19,24.0,,32.8,29.3
TH000048431,"NAKHON RATCHASIMA, TH",14.967,102.083,188.0,1952-05-20,0.0,,34.2,26.3
TH000048431,"NAKHON RATCHASIMA, TH",14.967,102.083,188.0,1952-05-21,12.9,,34.3,26.4
TH000048431,"NAKHON RATCHASIMA, TH",14.967,102.083,188.0,1952-05-22,0.9,,33.1,28.4
TH000048431,"NAKHON RATCHASIMA, TH",14.967,102.083,188.0,1952-05-23,0.0,,32.7,25.3
TH000048431,"NAKHON RATCHASIMA, TH",14.967,102.083,188.0,1952-05-24,17.1,,33.5,28.4
TH000048431,"NAKHON RATCHASIMA, TH",14.967,102.083,188.0,1952-05-25,0.9,,31.9,22.4
TH000048431,"NAKHON RATCHASIMA, TH",14.967,102.083,188.0,1952-05-26,0.4,,34.5,21.4
TH000048431,"NAKHON RATCHASIMA, TH",14.967,102.083,188.0,1952-05-27,13.3,,33.5,22.3
TH000048431,"NAKHON RATCHASIMA, TH",14.967,102.083,188.0,1952-05-28,0.0,,32.8,24.3
TH000048431,"NAKHON RATCHASIMA, TH",14.967,102.083,188.0,1952-05-29,0.0,,33.6,26.4
TH000048431,"NAKHON RATCHASIMA, TH",14.967,102.083,188.0,1952-05-30,0.0,,34.3,22.4
TH000048431,"NAKHON RATCHASIMA, TH",14.967,102.083,188.0,1952-05-31,0.0,,38.0,24.4
TH000048431,"NAKHON RATCHASIMA, TH",14.967,102.083,188.0,1952-06-01,1.0,,35.7,25.2
TH000048431,"NAKHON RATCHASIMA, TH",14.967,102.083,188.0,1952-06-02,2.0,,33.3,25.5
TH000048431,"NAKHON RATCHASIMA, TH",14.967,102.083,188.0,1952-06-03,20.0,,30.3,24.4
TH000048431,"NAKHON RATCHASIMA, TH",14.967,102.083,188.0,1952-06-04,0.0,,33.0,24.4
TH000048431,"NAKHON RATCHASIMA, TH",14.967,102.083,188.0,1952-06-05,0.0,,34.8,25.0
TH000048431,"NAKHON RATCHASIMA, TH",14.967,102.083,188.0,1952-06-06,0.0,,35.8,24.1
TH000048431,"NAKHON RATCHASIMA, TH",14.967,102.083,188.0,1952-06-07,3.9,,33.5,23.2
TH000048431,"NAKHON RATCHASIMA, TH",14.967,102.083,188.0,1952-06-08,1.3,,34.5,23.0
TH000048431,"NAKHON RATCHASIMA, TH",14.967,102.083,188.0,1952-06-09,0.0,,32.8,22.9
TH000048431,"NAKHON RATCHASIMA, TH",14.967,102.083,188.0,1952-06-10,0.1,,31.4,24.4
TH000048431,"NAKHON RATCHASIMA, TH",14.967,102.083,188.0,1952-06-11,8.0,,33.5,22.8
TH000048431,"NAKHON RATCHASIMA, TH",14.967,102.083,188.0,1952-06-12,0.0,,32.7,22.8
TH000048431,"NAKHON RATCHASIMA, TH",14.967,102.083,188.0,1952-06-13,0.0,,33.3,23.7
TH000048431,"NAKHON RATCHASIMA, TH",14.967,102.083,188.0,1952-06-14,1.0,,32.7,23.6
TH000048431,"NAKHON RATCHASIMA, TH",14.967,102.083,188.0,1952-06-15,7.1,,33.1,23.6
TH000048431,"NAKHON RATCHASIMA, TH",14.967,102.083,188.0,1952-06-16,0.0,,31.0,22.5
TH000048431,"NAKHON RATCHASIMA, TH",14.967,102.083,188.0,1952-06-17,0.0,,34.4,24.7
TH000048431,"NAKHON RATCHASIMA, TH",14.967,102.083,188.0,1952-06-18,44.1,,33.9,22.8
TH000048431,"NAKHON RATCHASIMA, TH",14.967,102.083,188.0,1952-06-19,2.5,,32.1,22.6
TH000048431,"NAKHON RATCHASIMA, TH",14.967,102.083,188.0,1952-06-20,0.0,,37.5,23.9
TH000048431,"NAKHON RATCHASIMA, TH",14.967,102.083,188.0,1952-06-21,0.0,,32.9,23.4
TH000048431,"NAKHON RATCHASIMA, TH",14.967,102.083,188.0,1952-06-22,0.0,,33.4,23.4
TH000048431,"NAKHON RATCHASIMA, TH",14.967,102.083,188.0,1952-06-23,0.0,,30.3,23.2
TH000048431,"NAKHON RATCHASIMA, TH",14.967,102.083,188.0,1952-06-24,0.0,,31.6,22.5
TH000048431,"NAKHON RATCHASIMA, TH",14.967,102.083,188.0,1952-06-25,0.7,,29.8,23.6
TH000048431,"NAKHON RATCHASIMA, TH",14.967,102.083,188.0,1952-06-26,0.0,,31.0,23.3
TH000048431,"NAKHON RATCHASIMA, TH",14.967,102.083,188.0,1952-06-27,7.3,,30.4,25.6
TH000048431,"NAKHON RATCHASIMA, TH",14.967,102.083,188.0,1952-06-28,0.0,,33.0,23.1
TH000048431,"NAKHON RATCHASIMA, TH",14.967,102.083,188.0,1952-06-29,0.0,,33.1,23.4
TH000048431,"NAKHON RATCHASIMA, TH",14.967,102.083,188.0,1952-06-30,0.0,,32.9,23.1
TH000048431,"NAKHON RATCHASIMA, TH",14.967,102.083,188.0,1952-07-01,0.2,,31.4,23.9
TH000048431,"NAKHON RATCHASIMA, TH",14.967,102.083,188.0,1952-07-02,44.6,,25.0,22.6
TH000048431,"NAKHON RATCHASIMA, TH",14.967,102.083,188.0,1952-07-03,1.5,,32.2,22.5
TH000048431,"NAKHON RATCHASIMA, TH",14.967,102.083,188.0,1952-07-04,0.0,,32.7,23.7
TH000048431,"NAKHON RATCHASIMA, TH",14.967,102.083,188.0,1952-07-05,0.0,,34.0,23.6
TH000048431,"NAKHON RATCHASIMA, TH",14.967,102.083,188.0,1952-07-06,0.0,,34.1,22.8
TH000048431,"NAKHON RATCHASIMA, TH",14.967,102.083,188.0,1952-07-07,0.0,,34.7,22.6
TH000048431,"NAKHON RATCHASIMA, TH",14.967,102.083,188.0,1952-07-08,0.0,,34.6,23.3
TH000048431,"NAKHON RATCHASIMA, TH",14.967,102.083,188.0,1952-07-09,0.0,,35.3,24.2
TH000048431,"NAKHON RATCHASIMA, TH",14.967,102.083,188.0,1952-07-10,1.0,,35.8,23.7
TH000048431,"NAKHON RATCHASIMA, TH",14.967,102.083,188.0,1952-07-11,0.4,,33.3,23.6
TH000048431,"NAKHON RATCHASIMA, TH",14.967,102.083,188.0,1952-07-12,0.0,,35.5,23.6
TH000048431,"NAKHON RATCHASIMA, TH",14.967,102.083,188.0,1952-07-13,0.0,,35.4,22.5
TH000048431,"NAKHON RATCHASIMA, TH",14.967,102.083,188.0,1952-07-14,0.0,,35.6,22.9
TH000048431,"NAKHON RATCHASIMA, TH",14.967,102.083,188.0,1952-07-15,0.0,,34.9,23.6
TH000048431,"NAKHON RATCHASIMA, TH",14.967,102.083,188.0,1952-07-16,0.0,,34.7,23.9
TH000048431,"NAKHON RATCHASIMA, TH",14.967,102.083,188.0,1952-07-17,0.0,,31.5,24.1
TH000048431,"NAKHON RATCHASIMA, TH",14.967,102.083,188.0,1952-07-18,2.6,,31.5,24.7
TH000048431,"NAKHON RATCHASIMA, TH",14.967,102.083,188.0,1952-07-19,2.4,,27.5,23.5
TH000048431,"NAKHON RATCHASIMA, TH",14.967,102.083,188.0,1952-07-20,0.0,,30.8,23.4
TH000048431,"NAKHON RATCHASIMA, TH",14.967,102.083,188.0,1952-07-21,0.0,,33.5,23.9
TH000048431,"NAKHON RATCHASIMA, TH",14.967,102.083,188.0,1952-07-22,1.4,,31.8,23.8
TH000048431,"NAKHON RATCHASIMA, TH",14.967,102.083,188.0,1952-07-23,1.3,,31.0,24.1
TH000048431,"NAKHON RATCHASIMA, TH",14.967,102.083,188.0,1952-07-24,0.0,,30.0,22.8
TH000048431,"NAKHON RATCHASIMA, TH",14.967,102.083,188.0,1952-07-25,0.0,,31.9,24.0
TH000048431,"NAKHON RATCHASIMA, TH",14.967,102.083,188.0,1952-07-26,0.0,,32.8,23.6
TH000048431,"NAKHON RATCHASIMA, TH",14.967,102.083,188.0,1952-07-27,0.0,,32.7,24.4
TH000048431,"NAKHON RATCHASIMA, TH",14.967,102.083,188.0,1952-07-28,20.0,,29.5,21.2
TH000048431,"NAKHON RATCHASIMA, TH",14.967,102.083,188.0,1952-07-29,0.0,,30.8,21.6
TH000048431,"NAKHON RATCHASIMA, TH",14.967,102.083,188.0,1952-07-30,0.2,,30.4,22.7
TH000048431,"NAKHON RATCHASIMA, TH",14.967,102.083,188.0,1952-07-31,0.3,,32.0,23.2
TH000048431,"NAKHON RATCHASIMA, TH",14.967,102.083,188.0,1952-08-01,0.0,,31.3,23.2
TH000048431,"NAKHON RATCHASIMA, TH",14.967,102.083,188.0,1952-08-02,32.6,,31.3,23.0
TH000048431,"NAKHON RATCHASIMA, TH",14.967,102.083,188.0,1952-08-03,8.7,,26.7,22.3
TH000048431,"NAKHON RATCHASIMA, TH",14.967,102.083,188.0,1952-08-04,1.0,,29.2,23.6
TH000048431,"NAKHON RATCHASIMA, TH",14.967,102.083,188.0,1952-08-05,2.8,,33.5,22.6
TH000048431,"NAKHON RATCHASIMA, TH",14.967,102.083,188.0,1952-08-06,0.0,,31.5,23.2
TH000048431,"NAKHON RATCHASIMA, TH",14.967,102.083,188.0,1952-08-07,0.0,,31.7,23.2
TH000048431,"NAKHON RATCHASIMA, TH",14.967,102.083,188.0,1952-08-08,0.1,,32.9,23.1
TH000048431,"NAKHON RATCHASIMA, TH",14.967,102.083,188.0,1952-08-09,0.0,,34.7,24.2
TH000048431,"NAKHON RATCHASIMA, TH",14.967,102.083,188.0,1952-08-10,5.0,,32.7,23.4
TH000048431,"NAKHON RATCHASIMA, TH",14.967,102.083,188.0,1952-08-11,2.3,,28.1,23.6
TH000048431,"NAKHON RATCHASIMA, TH",14.967,102.083,188.0,1952-08-12,6.2,,28.6,22.7
TH000048431,"NAKHON RATCHASIMA, TH",14.967,102.083,188.0,1952-08-13,2.2,,30.1,22.4
TH000048431,"NAKHON RATCHASIMA, TH",14.967,102.083,188.0,1952-08-14,0.0,,29.6,23.4
TH000048431,"NAKHON RATCHASIMA, TH",14.967,102.083,188.0,1952-08-15,8.6,,32.9,22.9
TH000048431,"NAKHON RATCHASIMA, TH",14.967,102.083,188.0,1952-08-16,6.8,,30.8,21.9
TH000048431,"NAKHON RATCHASIMA, TH",14.967,102.083,188.0,1952-08-17,2.2,,29.8,23.7
TH000048431,"NAKHON RATCHASIMA, TH",14.967,102.083,188.0,1952-08-18,0.0,,28.6,23.9
TH000048431,"NAKHON RATCHASIMA, TH",14.967,102.083,188.0,1952-08-19,0.0,,30.4,23.1
TH000048431,"NAKHON RATCHASIMA, TH",14.967,102.083,188.0,1952-08-20,1.2,,32.4,22.7
TH000048431,"NAKHON RATCHASIMA, TH",14.967,102.083,188.0,1952-08-21,0.0,,31.8,23.2
TH000048431,"NAKHON RATCHASIMA, TH",14.967,102.083,188.0,1952-08-22,0.0,,33.6,22.4
TH000048431,"NAKHON RATCHASIMA, TH",14.967,102.083,188.0,1952-08-23,0.0,,35.3,22.0
TH000048431,"NAKHON RATCHASIMA, TH",14.967,102.083,188.0,1952-08-24,0.0,,34.6,22.9
TH000048431,"NAKHON RATCHASIMA, TH",14.967,102.083,188.0,1952-08-25,1.7,,34.6,22.9
TH000048431,"NAKHON RATCHASIMA, TH",14.967,102.083,188.0,1952-08-26,1.6,,33.5,23.2
TH000048431,"NAKHON RATCHASIMA, TH",14.967,102.083,188.0,1952-08-27,43.2,,32.6,22.5
TH000048431,"NAKHON RATCHASIMA, TH",14.967,102.083,188.0,1952-08-28,0.0,,30.5,21.8
TH000048431,"NAKHON RATCHASIMA, TH",14.967,102.083,188.0,1952-08-29,1.9,,28.8,23.0
TH000048431,"NAKHON RATCHASIMA, TH",14.967,102.083,188.0,1952-08-30,1.5,,32.6,22.6
TH000048431,"NAKHON RATCHASIMA, TH",14.967,102.083,188.0,1952-08-31,17.0,,32.5,23.2
TH000048431,"NAKHON RATCHASIMA, TH",14.967,102.083,188.0,1952-09-01,11.4,,29.5,26.1
TH000048431,"NAKHON RATCHASIMA, TH",14.967,102.083,188.0,1952-09-02,23.0,,32.0,28.2
TH000048431,"NAKHON RATCHASIMA, TH",14.967,102.083,188.0,1952-09-03,3.2,,30.6,29.2
TH000048431,"NAKHON RATCHASIMA, TH",14.967,102.083,188.0,1952-09-04,0.8,,31.0,23.3
TH000048431,"NAKHON RATCHASIMA, TH",14.967,102.083,188.0,1952-09-05,1.5,,29.9,25.2
TH000048431,"NAKHON RATCHASIMA, TH",14.967,102.083,188.0,1952-09-06,0.0,,31.9,28.1
TH000048431,"NAKHON RATCHASIMA, TH",14.967,102.083,188.0,1952-09-07,7.0,,30.3,22.3
TH000048431,"NAKHON RATCHASIMA, TH",14.967,102.083,188.0,1952-09-08,0.0,,31.6,27.2
TH000048431,"NAKHON RATCHASIMA, TH",14.967,102.083,188.0,1952-09-09,3.0,,33.6,20.3
TH000048431,"NAKHON RATCHASIMA, TH",14.967,102.083,188.0,1952-09-10,0.0,,34.1,21.2
TH000048431,"NAKHON RATCHASIMA, TH",14.967,102.083,188.0,1952-09-11,0.0,,34.8,22.3
TH000048431,"NAKHON RATCHASIMA, TH",14.967,102.083,188.0,1952-09-12,4.9,,33.7,27.3
TH000048431,"NAKHON RATCHASIMA, TH",14.967,102.083,188.0,1952-09-13,0.5,,31.3,20.3
TH000048431,"NAKHON RATCHASIMA, TH",14.967,102.083,188.0,1952-09-14,15.6,,31.9,25.2
TH000048431,"NAKHON RATCHASIMA, TH",14.967,102.083,188.0,1952-09-15,0.0,,33.2,22.2
TH000048431,"NAKHON RATCHASIMA, TH",14.967,102.083,188.0,1952-09-16,0.0,,33.7,20.3
TH000048431,"NAKHON RATCHASIMA, TH",14.967,102.083,188.0,1952-09-17,1.1,,33.5,29.2
TH000048431,"NAKHON RATCHASIMA, TH",14.967,102.083,188.0,1952-09-18,1.7,,31.5,21.3
TH000048431,"NAKHON RATCHASIMA, TH",14.967,102.083,188.0,1952-09-19,0.0,,28.5,20.3
TH000048431,"NAKHON RATCHASIMA, TH",14.967,102.083,188.0,1952-09-20,1.7,,30.7,27.2
TH000048431,"NAKHON RATCHASIMA, TH",14.967,102.083,188.0,1952-09-21,0.0,,34.3,23.1
TH000048431,"NAKHON RATCHASIMA, TH",14.967,102.083,188.0,1952-09-22,0.0,,34.0,21.2
TH000048431,"NAKHON RATCHASIMA, TH",14.967,102.083,188.0,1952-09-23,0.0,,36.7,28.1
TH000048431,"NAKHON RATCHASIMA, TH",14.967,102.083,188.0,1952-09-24,5.3,,31.8,29.2
TH000048431,"NAKHON RATCHASIMA, TH",14.967,102.083,188.0,1952-09-25,11.9,,30.9,25.2
TH000048431,"NAKHON RATCHASIMA, TH",14.967,102.083,188.0,1952-09-26,19.2,,26.7,29.1
TH000048431,"NAKHON RATCHASIMA, TH",14.967,102.083,188.0,1952-09-27,0.0,,31.6,21.3
TH000048431,"NAKHON RATCHASIMA, TH",14.967,102.083,188.0,1952-09-28,0.0,,31.0,25.3
TH000048431,"NAKHON RATCHASIMA, TH",14.967,102.083,188.0,1952-09-29,0.0,,31.1,29.2
TH000048431,"NAKHON RATCHASIMA, TH",14.967,102.083,188.0,1952-09-30,0.0,,33.1,26.1
TH000048431,"NAKHON RATCHASIMA, TH",14.967,102.083,188.0,1952-10-01,0.0,,30.5,22.4
TH000048431,"NAKHON RATCHASIMA, TH",14.967,102.083,188.0,1952-10-02,0.0,,28.1,23.4
TH000048431,"NAKHON RATCHASIMA, TH",14.967,102.083,188.0,1952-10-03,2.6,,29.0,21.6
TH000048431,"NAKHON RATCHASIMA, TH",14.967,102.083,188.0,1952-10-04,13.2,,31.1,22.0
TH000048431,"NAKHON RATCHASIMA, TH",14.967,102.083,188.0,1952-10-05,13.7,,30.4,21.9
TH000048431,"NAKHON RATCHASIMA, TH",14.967,102.083,188.0,1952-10-06,4.5,,31.7,22.4
TH000048431,"NAKHON RATCHASIMA, TH",14.967,102.083,188.0,1952-10-07,27.3,,29.3,22.3
TH000048431,"NAKHON RATCHASIMA, TH",14.967,102.083,188.0,1952-10-08,0.0,,32.0,23.0
TH000048431,"NAKHON RATCHASIMA, TH",14.967,102.083,188.0,1952-10-09,0.0,,32.2,22.8
TH000048431,"NAKHON RATCHASIMA, TH",14.967,102.083,188.0,1952-10-10,1.8,,31.8,23.0
TH000048431,"NAKHON RATCHASIMA, TH",14.967,102.083,188.0,1952-10-11,23.9,,29.5,22.4
TH000048431,"NAKHON RATCHASIMA, TH",14.967,102.083,188.0,1952-10-12,0.0,,29.5,22.6
TH000048431,"NAKHON RATCHASIMA, TH",14.967,102.083,188.0,1952-10-13,0.0,,32.0,23.3
TH000048431,"NAKHON RATCHASIMA, TH",14.967,102.083,188.0,1952-10-14,0.0,,32.6,23.1
TH000048431,"NAKHON RATCHASIMA, TH",14.967,102.083,188.0,1952-10-15,7.8,,32.8,23.5
TH000048431,"NAKHON RATCHASIMA, TH",14.967,102.083,188.0,1952-10-16,16.9,,25.5,22.0
TH000048431,"NAKHON RATCHASIMA, TH",14.967,102.083,188.0,1952-10-17,10.1,,26.7,21.4
TH000048431,"NAKHON RATCHASIMA, TH",14.967,102.083,188.0,1952-10-18,3.9,,29.6,23.1
TH000048431,"NAKHON RATCHASIMA, TH",14.967,102.083,188.0,1952-10-19,2.0,,31.0,22.7
TH000048431,"NAKHON RATCHASIMA, TH",14.967,102.083,188.0,1952-10-20,0.0,,31.3,22.3
TH000048431,"NAKHON RATCHASIMA, TH",14.967,102.083,188.0,1952-10-21,17.3,,30.9,24.7
TH000048431,"NAKHON RATCHASIMA, TH",14.967,102.083,188.0,1952-10-22,48.1,,24.5,23.0
TH000048431,"NAKHON RATCHASIMA, TH",14.967,102.083,188.0,1952-10-23,22.6,,27.1,22.6
TH000048431,"NAKHON RATCHASIMA, TH",14.967,102.083,188.0,1952-10-24,0.0,,32.0,22.6
TH000048431,"NAKHON RATCHASIMA, TH",14.967,102.083,188.0,1952-10-25,51.4,,27.3,21.3
TH000048431,"NAKHON RATCHASIMA, TH",14.967,102.083,188.0,1952-10-26,12.9,,24.8,22.3
TH000048431,"NAKHON RATCHASIMA, TH",14.967,102.083,188.0,1952-10-27,26.9,,30.4,21.3
TH000048431,"NAKHON RATCHASIMA, TH",14.967,102.083,188.0,1952-10-28,0.0,,29.1,23.2
TH000048431,"NAKHON RATCHASIMA, TH",14.967,102.083,188.0,1952-10-29,0.0,,31.0,21.2
TH000048431,"NAKHON RATCHASIMA, TH",14.967,102.083,188.0,1952-10-30,0.0,,31.9,22.1
TH000048431,"NAKHON RATCHASIMA, TH",14.967,102.083,188.0,1952-10-31,4.5,,28.9,22.2
TH000048431,"NAKHON RATCHASIMA, TH",14.967,102.083,188.0,1952-11-01,0.2,,22.2,20.2
TH000048431,"NAKHON RATCHASIMA, TH",14.967,102.083,188.0,1952-11-02,0.4,,22.0,19.8
TH000048431,"NAKHON RATCHASIMA, TH",14.967,102.083,188.0,1952-11-03,0.0,,27.5,19.9
TH000048431,"NAKHON RATCHASIMA, TH",14.967,102.083,188.0,1952-11-04,0.0,,30.2,20.5
TH000048431,"NAKHON RATCHASIMA, TH",14.967,102.083,188.0,1952-11-05,0.0,,32.5,21.6
TH000048431,"NAKHON RATCHASIMA, TH",14.967,102.083,188.0,1952-11-06,0.0,,32.5,20.5
TH000048431,"NAKHON RATCHASIMA, TH",14.967,102.083,188.0,1952-11-07,0.0,,32.3,20.8
TH000048431,"NAKHON RATCHASIMA, TH",14.967,102.083,188.0,1952-11-08,0.0,,30.0,20.5
TH000048431,"NAKHON RATCHASIMA, TH",14.967,102.083,188.0,1952-11-09,0.0,,31.9,21.8
TH000048431,"NAKHON RATCHASIMA, TH",14.967,102.083,188.0,1952-11-10,0.0,,32.4,20.3
TH000048431,"NAKHON RATCHASIMA, TH",14.967,102.083,188.0,1952-11-11,0.0,,31.5,20.8
TH000048431,"NAKHON RATCHASIMA, TH",14.967,102.083,188.0,1952-11-12,0.0,,32.6,20.2
TH000048431,"NAKHON RATCHASIMA, TH",14.967,102.083,188.0,1952-11-13,0.0,,32.8,18.7
TH000048431,"NAKHON RATCHASIMA, TH",14.967,102.083,188.0,1952-11-14,0.0,,32.7,18.6
TH000048431,"NAKHON RATCHASIMA, TH",14.967,102.083,188.0,1952-11-15,0.0,,32.1,19.0
TH000048431,"NAKHON RATCHASIMA, TH",14.967,102.083,188.0,1952-11-16,0.0,,31.7,18.4
TH000048431,"NAKHON RATCHASIMA, TH",14.967,102.083,188.0,1952-11-17,0.0,,30.5,18.1
TH000048431,"NAKHON RATCHASIMA, TH",14.967,102.083,188.0,1952-11-18,0.0,,30.5,19.3
TH000048431,"NAKHON RATCHASIMA, TH",14.967,102.083,188.0,1952-11-19,0.0,,30.6,20.4
TH000048431,"NAKHON RATCHASIMA, TH",14.967,102.083,188.0,1952-11-20,0.0,,31.2,20.0
TH000048431,"NAKHON RATCHASIMA, TH",14.967,102.083,188.0,1952-11-21,0.0,,30.0,21.8
TH000048431,"NAKHON RATCHASIMA, TH",14.967,102.083,188.0,1952-11-22,0.0,,30.6,20.7
TH000048431,"NAKHON RATCHASIMA, TH",14.967,102.083,188.0,1952-11-23,0.0,,31.7,19.6
TH000048431,"NAKHON RATCHASIMA, TH",14.967,102.083,188.0,1952-11-24,0.0,,29.5,17.0
TH000048431,"NAKHON RATCHASIMA, TH",14.967,102.083,188.0,1952-11-25,0.0,,31.7,17.3
TH000048431,"NAKHON RATCHASIMA, TH",14.967,102.083,188.0,1952-11-26,0.0,,31.5,17.5
TH000048431,"NAKHON RATCHASIMA, TH",14.967,102.083,188.0,1952-11-27,0.0,,31.7,16.7
TH000048431,"NAKHON RATCHASIMA, TH",14.967,102.083,188.0,1952-11-28,0.0,,32.4,14.5
TH000048431,"NAKHON RATCHASIMA, TH",14.967,102.083,188.0,1952-11-29,0.0,,31.0,15.8
TH000048431,"NAKHON RATCHASIMA, TH",14.967,102.083,188.0,1952-11-30,0.0,,30.9,14.3
TH000048431,"NAKHON RATCHASIMA, TH",14.967,102.083,188.0,1952-12-01,0.0,,31.4,15.7
TH000048431,"NAKHON RATCHASIMA, TH",14.967,102.083,188.0,1952-12-02,0.0,,31.6,18.9
TH000048431,"NAKHON RATCHASIMA, TH",14.967,102.083,188.0,1952-12-03,0.0,,29.4,21.3
TH000048431,"NAKHON RATCHASIMA, TH",14.967,102.083,188.0,1952-12-04,0.0,,26.8,18.2
TH000048431,"NAKHON RATCHASIMA, TH",14.967,102.083,188.0,1952-12-05,0.0,,28.1,15.8
TH000048431,"NAKHON RATCHASIMA, TH",14.967,102.083,188.0,1952-12-06,0.0,,28.8,15.5
TH000048431,"NAKHON RATCHASIMA, TH",14.967,102.083,188.0,1952-12-07,0.0,,29.5,13.7
TH000048431,"NAKHON RATCHASIMA, TH",14.967,102.083,188.0,1952-12-08,0.0,,28.2,14.2
TH000048431,"NAKHON RATCHASIMA, TH",14.967,102.083,188.0,1952-12-09,0.0,,24.2,13.8
TH000048431,"NAKHON RATCHASIMA, TH",14.967,102.083,188.0,1952-12-10,0.0,,22.8,10.7
TH000048431,"NAKHON RATCHASIMA, TH",14.967,102.083,188.0,1952-12-11,0.0,,25.9,7.4
TH000048431,"NAKHON RATCHASIMA, TH",14.967,102.083,188.0,1952-12-12,0.0,,25.0,7.2
TH000048431,"NAKHON RATCHASIMA, TH",14.967,102.083,188.0,1952-12-13,0.0,,27.2,13.1
TH000048431,"NAKHON RATCHASIMA, TH",14.967,102.083,188.0,1952-12-14,0.0,,29.6,10.7
TH000048431,"NAKHON RATCHASIMA, TH",14.967,102.083,188.0,1952-12-15,0.0,,28.0,11.7
TH000048431,"NAKHON RATCHASIMA, TH",14.967,102.083,188.0,1952-12-16,0.0,,26.8,12.6
TH000048431,"NAKHON RATCHASIMA, TH",14.967,102.083,188.0,1952-12-17,0.0,,27.5,10.9
TH000048431,"NAKHON RATCHASIMA, TH",14.967,102.083,188.0,1952-12-18,0.0,,26.0,8.8
TH000048431,"NAKHON RATCHASIMA, TH",14.967,102.083,188.0,1952-12-19,0.0,,28.4,12.9
TH000048431,"NAKHON RATCHASIMA, TH",14.967,102.083,188.0,1952-12-20,0.0,,30.6,14.4
TH000048431,"NAKHON RATCHASIMA, TH",14.967,102.083,188.0,1952-12-21,0.0,,26.2,16.9
TH000048431,"NAKHON RATCHASIMA, TH",14.967,102.083,188.0,1952-12-22,0.0,,29.4,15.7
TH000048431,"NAKHON RATCHASIMA, TH",14.967,102.083,188.0,1952-12-23,0.0,,33.5,14.9
TH000048431,"NAKHON RATCHASIMA, TH",14.967,102.083,188.0,1952-12-24,0.0,,32.0,16.5
TH000048431,"NAKHON RATCHASIMA, TH",14.967,102.083,188.0,1952-12-25,0.0,,29.0,13.9
TH000048431,"NAKHON RATCHASIMA, TH",14.967,102.083,188.0,1952-12-26,0.0,,30.4,15.6
TH000048431,"NAKHON RATCHASIMA, TH",14.967,102.083,188.0,1952-12-27,0.0,,30.7,14.7
TH000048431,"NAKHON RATCHASIMA, TH",14.967,102.083,188.0,1952-12-28,0.0,,30.3,18.0
TH000048431,"NAKHON RATCHASIMA, TH",14.967,102.083,188.0,1952-12-29,0.0,,30.2,16.0
TH000048431,"NAKHON RATCHASIMA, TH",14.967,102.083,188.0,1952-12-30,0.0,,29.5,15.1
TH000048431,"NAKHON RATCHASIMA, TH",14.967,102.083,188.0,1952-12-31,0.0,,29.8,15.8
TH000048431,"NAKHON RATCHASIMA, TH",14.967,102.083,188.0,1953-01-01,0.0,,30.6,14.5
TH000048431,"NAKHON RATCHASIMA, TH",14.967,102.083,188.0,1953-01-02,0.0,,30.1,11.6
TH000048431,"NAKHON RATCHASIMA, TH",14.967,102.083,188.0,1953-01-03,0.0,,29.6,16.3
TH000048431,"NAKHON RATCHASIMA, TH",14.967,102.083,188.0,1953-01-04,0.0,,28.6,21.0
TH000048431,"NAKHON RATCHASIMA, TH",14.967,102.083,188.0,1953-01-05,0.0,,28.5,20.1
TH000048431,"NAKHON RATCHASIMA, TH",14.967,102.083,188.0,1953-01-06,0.0,,27.8,16.9
TH000048431,"NAKHON RATCHASIMA, TH",14.967,102.083,188.0,1953-01-07,0.0,,27.7,13.7
TH000048431,"NAKHON RATCHASIMA, TH",14.967,102.083,188.0,1953-01-08,0.0,,26.7,9.9
TH000048431,"NAKHON RATCHASIMA, TH",14.967,102.083,188.0,1953-01-09,0.0,,28.5,10.2
TH000048431,"NAKHON RATCHASIMA, TH",14.967,102.083,188.0,1953-01-10,0.0,,31.0,11.9
TH000048431,"NAKHON RATCHASIMA, TH",14.967,102.083,188.0,1953-01-11,0.0,,32.8,12.4
TH000048431,"NAKHON RATCHASIMA, TH",14.967,102.083,188.0,1953-01-12,0.0,,32.4,12.4
TH000048431,"NAKHON RATCHASIMA, TH",14.967,102.083,188.0,1953-01-13,0.0,,33.0,16.0
TH000048431,"NAKHON RATCHASIMA, TH",14.967,102.083,188.0,1953-01-14,0.0,,32.0,19.4
TH000048431,"NAKHON RATCHASIMA, TH",14.967,102.083,188.0,1953-01-15,0.0,,33.5,19.1
TH000048431,"NAKHON RATCHASIMA, TH",14.967,102.083,188.0,1953-01-16,0.0,,32.4,18.5
TH000048431,"NAKHON RATCHASIMA, TH",14.967,102.083,188.0,1953-01-17,0.0,,33.5,16.6
TH000048431,"NAKHON RATCHASIMA, TH",14.967,102.083,188.0,1953-01-18,0.0,,32.8,17.2
TH000048431,"NAKHON RATCHASIMA, TH",14.967,102.083,188.0,1953-01-19,0.0,,32.9,17.5
TH000048431,"NAKHON RATCHASIMA, TH",14.967,102.083,188.0,1953-01-20,0.0,,32.2,17.2
TH000048431,"NAKHON RATCHASIMA, TH",14.967,102.083,188.0,1953-01-21,0.0,,30.7,16.7
TH000048431,"NAKHON RATCHASIMA, TH",14.967,102.083,188.0,1953-01-22,0.0,,32.4,15.8
TH000048431,"NAKHON RATCHASIMA, TH",14.967,102.083,188.0,1953-01-23,2.9,,30.5,17.9
TH000048431,"NAKHON RATCHASIMA, TH",14.967,102.083,188.0,1953-01-24,0.0,,29.2,21.7
TH000048431,"NAKHON RATCHASIMA, TH",14.967,102.083,188.0,1953-01-25,2.0,,32.5,20.9
TH000048431,"NAKHON RATCHASIMA, TH",14.967,102.083,188.0,1953-01-26,1.1,,29.3,22.6
TH000048431,"NAKHON RATCHASIMA, TH",14.967,102.083,188.0,1953-01-27,5.4,,25.8,22.1
TH000048431,"NAKHON RATCHASIMA, TH",14.967,102.083,188.0,1953-01-28,0.0,,26.5,17.2
TH000048431,"NAKHON RATCHASIMA, TH",14.967,102.083,188.0,1953-01-29,0.0,,30.7,20.1
TH000048431,"NAKHON RATCHASIMA, TH",14.967,102.083,188.0,1953-01-30,0.0,,30.3,23.0
TH000048431,"NAKHON RATCHASIMA, TH",14.967,102.083,188.0,1953-01-31,0.3,,32.3,21.2
TH000048431,"NAKHON RATCHASIMA, TH",14.967,102.083,188.0,1953-02-01,0.7,,25.8,21.7
TH000048431,"NAKHON RATCHASIMA, TH",14.967,102.083,188.0,1953-02-02,10.8,,27.5,21.0
TH000048431,"NAKHON RATCHASIMA, TH",14.967,102.083,188.0,1953-02-03,5.5,,28.5,21.4
TH000048431,"NAKHON RATCHASIMA, TH",14.967,102.083,188.0,1953-02-04,0.0,,30.4,22.0
TH000048431,"NAKHON RATCHASIMA, TH",14.967,102.083,188.0,1953-02-05,0.0,,32.4,20.6
TH000048431,"NAKHON RATCHASIMA, TH",14.967,102.083,188.0,1953-02-06,7.1,,32.8,21.9
TH000048431,"NAKHON RATCHASIMA, TH",14.967,102.083,188.0,1953-02-07,0.8,,29.8,21.0
TH000048431,"NAKHON RATCHASIMA, TH",14.967,102.083,188.0,1953-02-08,0.0,,28.1,20.2
TH000048431,"NAKHON RATCHASIMA, TH",14.967,102.083,188.0,1953-02-09,0.0,,29.8,18.8
TH000048431,"NAKHON RATCHASIMA, TH",14.967,102.083,188.0,1953-02-10,0.0,,31.9,17.8
TH000048431,"NAKHON RATCHASIMA, TH",14.967,102.083,188.0,1953-02-11,0.0,,33.0,17.9
TH000048431,"NAKHON RATCHASIMA, TH",14.967,102.083,188.0,1953-02-12,0.0,,33.9,18.2
TH000048431,"NAKHON RATCHASIMA, TH",14.967,102.083,188.0,1953-02-13,0.0,,35.4,17.2
TH000048431,"NAKHON RATCHASIMA, TH",14.967,102.083,188.0,1953-02-14,0.5,,33.7,18.4
TH000048431,"NAKHON RATCHASIMA, TH",14.967,102.083,188.0,1953-02-15,0.0,,33.5,23.5
TH000048431,"NAKHON RATCHASIMA, TH",14.967,102.083,188.0,1953-02-16,0.0,,34.3,20.7
TH000048431,"NAKHON RATCHASIMA, TH",14.967,102.083,188.0,1953-02-17,52.5,,35.6,20.7
TH000048431,"NAKHON RATCHASIMA, TH",14.967,102.083,188.0,1953-02-18,27.1,,27.8,22.1
TH000048431,"NAKHON RATCHASIMA, TH",14.967,102.083,188.0,1953-02-19,0.0,,29.6,23.0
TH000048431,"NAKHON RATCHASIMA, TH",14.967,102.083,188.0,1953-02-20,0.0,,30.5,19.6
TH000048431,"NAKHON RATCHASIMA, TH",14.967,102.083,188.0,1953-02-21,0.0,,27.1,18.7
TH000048431,"NAKHON RATCHASIMA, TH",14.967,102.083,188.0,1953-02-22,0.0,,28.5,16.4
TH000048431,"NAKHON RATCHASIMA, TH",14.967,102.083,188.0,1953-02-23,0.0,,32.3,18.4
TH000048431,"NAKHON RATCHASIMA, TH",14.967,102.083,188.0,1953-02-24,0.0,,35.2,19.7
TH000048431,"NAKHON RATCHASIMA, TH",14.967,102.083,188.0,1953-02-25,0.0,,34.9,21.0
TH000048431,"NAKHON RATCHASIMA, TH",14.967,102.083,188.0,1953-02-26,2.3,,32.4,22.4
TH000048431,"NAKHON RATCHASIMA, TH",14.967,102.083,188.0,1953-02-27,0.0,,30.6,22.0
TH000048431,"NAKHON RATCHASIMA, TH",14.967,102.083,188.0,1953-02-28,0.0,,34.4,20.3
TH000048431,"NAKHON RATCHASIMA, TH",14.967,102.083,188.0,1953-03-01,0.0,,34.8,18.6
TH000048431,"NAKHON RATCHASIMA, TH",14.967,102.083,188.0,1953-03-02,0.0,,35.3,19.4
TH000048431,"NAKHON RATCHASIMA, TH",14.967,102.083,188.0,1953-03-03,2.0,,36.0,22.8
TH000048431,"NAKHON RATCHASIMA, TH",14.967,102.083,188.0,1953-03-04,54.6,,32.2,20.2
TH000048431,"NAKHON RATCHASIMA, TH",14.967,102.083,188.0,1953-03-05,2.7,,32.2,21.3
TH000048431,"NAKHON RATCHASIMA, TH",14.967,102.083,188.0,1953-03-06,0.0,,28.2,21.0
TH000048431,"NAKHON RATCHASIMA, TH",14.967,102.083,188.0,1953-03-07,0.0,,30.5,20.4
TH000048431,"NAKHON RATCHASIMA, TH",14.967,102.083,188.0,1953-03-08,0.0,,31.5,20.6
TH000048431,"NAKHON RATCHASIMA, TH",14.967,102.083,188.0,1953-03-09,0.0,,34.1,22.0
TH000048431,"NAKHON RATCHASIMA, TH",14.967,102.083,188.0,1953-03-10,2.0,,29.3,21.3
TH000048431,"NAKHON RATCHASIMA, TH",14.967,102.083,188.0,1953-03-11,0.0,,34.9,21.0
TH000048431,"NAKHON RATCHASIMA, TH",14.967,102.083,188.0,1953-03-12,0.0,,36.2,22.2
TH000048431,"NAKHON RATCHASIMA, TH",14.967,102.083,188.0,1953-03-13,0.0,,36.5,22.2
TH000048431,"NAKHON RATCHASIMA, TH",14.967,102.083,188.0,1953-03-14,0.0,,36.0,22.0
TH000048431,"NAKHON RATCHASIMA, TH",14.967,102.083,188.0,1953-03-15,0.0,,37.5,23.2
TH000048431,"NAKHON RATCHASIMA, TH",14.967,102.083,188.0,1953-03-16,0.0,,37.5,23.1
TH000048431,"NAKHON RATCHASIMA, TH",14.967,102.083,188.0,1953-03-17,0.8,,36.4,23.0
TH000048431,"NAKHON RATCHASIMA, TH",14.967,102.083,188.0,1953-03-18,0.0,,36.7,21.5
TH000048431,"NAKHON RATCHASIMA, TH",14.967,102.083,188.0,1953-03-19,0.0,,36.8,22.0
TH000048431,"NAKHON RATCHASIMA, TH",14.967,102.083,188.0,1953-03-20,0.0,,37.3,23.8
TH000048431,"NAKHON RATCHASIMA, TH",14.967,102.083,188.0,1953-03-21,0.0,,37.1,23.1
TH000048431,"NAKHON RATCHASIMA, TH",14.967,102.083,188.0,1953-03-22,0.0,,37.5,22.0
TH000048431,"NAKHON RATCHASIMA, TH",14.967,102.083,188.0,1953-03-23,61.8,,33.8,21.8
TH000048431,"NAKHON RATCHASIMA, TH",14.967,102.083,188.0,1953-03-24,0.0,,34.2,21.9
TH000048431,"NAKHON RATCHASIMA, TH",14.967,102.083,188.0,1953-03-25,0.0,,35.3,22.3
TH000048431,"NAKHON RATCHASIMA, TH",14.967,102.083,188.0,1953-03-26,1.1,,35.3,23.5
TH000048431,"NAKHON RATCHASIMA, TH",14.967,102.083,188.0,1953-03-27,0.0,,35.8,20.3
TH000048431,"NAKHON RATCHASIMA, TH",14.967,102.083,188.0,1953-03-28,0.0,,34.5,19.7
TH000048431,"NAKHON RATCHASIMA, TH",14.967,102.083,188.0,1953-03-29,0.0,,35.5,21.5
TH000048431,"NAKHON RATCHASIMA, TH",14.967,102.083,188.0,1953-03-30,0.0,,35.5,22.3
TH000048431,"NAKHON RATCHASIMA, TH",14.967,102.083,188.0,1953-03-31,0.0,,36.9,22.9
TH000048431,"NAKHON RATCHASIMA, TH",14.967,102.083,188.0,1953-04-01,0.0,,33.8,24.2
TH000048431,"NAKHON RATCHASIMA, TH",14.967,102.083,188.0,1953-04-02,0.0,,31.1,22.0
TH000048431,"NAKHON RATCHASIMA, TH",14.967,102.083,188.0,1953-04-03,0.0,,32.6,21.1
TH000048431,"NAKHON RATCHASIMA, TH",14.967,102.083,188.0,1953-04-04,0.0,,36.1,20.0
TH000048431,"NAKHON RATCHASIMA, TH",14.967,102.083,188.0,1953-04-05,0.0,,37.8,22.9
TH000048431,"NAKHON RATCHASIMA, TH",14.967,102.083,188.0,1953-04-06,0.0,,37.2,23.1
TH000048431,"NAKHON RATCHASIMA, TH",14.967,102.083,188.0,1953-04-07,6.5,,35.3,23.4
TH000048431,"NAKHON RATCHASIMA, TH",14.967,102.083,188.0,1953-04-08,0.0,,34.5,23.3
TH000048431,"NAKHON RATCHASIMA, TH",14.967,102.083,188.0,1953-04-09,0.0,,37.5,24.0
TH000048431,"NAKHON RATCHASIMA, TH",14.967,102.083,188.0,1953-04-10,0.0,,36.7,23.6
TH000048431,"NAKHON RATCHASIMA, TH",14.967,102.083,188.0,1953-04-11,0.0,,36.7,23.8
TH000048431,"NAKHON RATCHASIMA, TH",14.967,102.083,188.0,1953-04-12,0.2,,37.0,23.1
TH000048431,"NAKHON RATCHASIMA, TH",14.967,102.083,188.0,1953-04-13,0.0,,36.2,23.2
TH000048431,"NAKHON RATCHASIMA, TH",14.967,102.083,188.0,1953-04-14,0.0,,36.7,22.5
TH000048431,"NAKHON RATCHASIMA, TH",14.967,102.083,188.0,1953-04-15,0.0,,39.5,23.5
TH000048431,"NAKHON RATCHASIMA, TH",14.967,102.083,188.0,1953-04-16,0.0,,37.6,25.0
TH000048431,"NAKHON RATCHASIMA, TH",14.967,102.083,188.0,1953-04-17,0.0,,37.3,23.7
TH000048431,"NAKHON RATCHASIMA, TH",14.967,102.083,188.0,1953-04-18,0.0,,40.1,23.7
TH000048431,"NAKHON RATCHASIMA, TH",14.967,102.083,188.0,1953-04-19,0.0,,38.5,24.5
TH000048431,"NAKHON RATCHASIMA, TH",14.967,102.083,188.0,1953-04-20,0.0,,36.5,25.2
TH000048431,"NAKHON RATCHASIMA, TH",14.967,102.083,188.0,1953-04-21,0.0,,38.2,24.0
TH000048431,"NAKHON RATCHASIMA, TH",14.967,102.083,188.0,1953-04-22,0.0,,39.2,24.4
TH000048431,"NAKHON RATCHASIMA, TH",14.967,102.083,188.0,1953-04-23,0.0,,31.5,24.9
TH000048431,"NAKHON RATCHASIMA, TH",14.967,102.083,188.0,1953-04-24,0.0,,31.7,23.8
TH000048431,"NAKHON RATCHASIMA, TH",14.967,102.083,188.0,1953-04-25,0.0,,33.8,23.7
TH000048431,"NAKHON RATCHASIMA, TH",14.967,102.083,188.0,1953-04-26,2.7,,33.0,24.2
TH000048431,"NAKHON RATCHASIMA, TH",14.967,102.083,188.0,1953-04-27,0.0,,34.1,23.3
TH000048431,"NAKHON RATCHASIMA, TH",14.967,102.083,188.0,1953-04-28,0.8,,36.5,22.7
TH000048431,"NAKHON RATCHASIMA, TH",14.967,102.083,188.0,1953-04-29,2.0,,32.2,23.9
TH000048431,"NAKHON RATCHASIMA, TH",14.967,102.083,188.0,1953-04-30,13.3,,31.8,23.1
TH000048431,"NAKHON RATCHASIMA, TH",14.967,102.083,188.0,1953-05-01,8.7,,33.3,27.3
TH000048431,"NAKHON RATCHASIMA, TH",14.967,102.083,188.0,1953-05-02,2.0,,32.5,24.3
TH000048431,"NAKHON RATCHASIMA, TH",14.967,102.083,188.0,1953-05-03,0.0,,34.1,23.3
TH000048431,"NAKHON RATCHASIMA, TH",14.967,102.083,188.0,1953-05-04,5.6,,34.4,29.3
TH000048431,"NAKHON RATCHASIMA, TH",14.967,102.083,188.0,1953-05-05,2.1,,33.5,25.3
TH000048431,"NAKHON RATCHASIMA, TH",14.967,102.083,188.0,1953-05-06,0.2,,35.8,25.3
TH000048431,"NAKHON RATCHASIMA, TH",14.967,102.083,188.0,1953-05-07,13.6,,31.1,26.3
TH000048431,"NAKHON RATCHASIMA, TH",14.967,102.083,188.0,1953-05-08,0.0,,31.6,21.4
TH000048431,"NAKHON RATCHASIMA, TH",14.967,102.083,188.0,1953-05-09,5.2,,33.3,24.3
TH000048431,"NAKHON RATCHASIMA, TH",14.967,102.083,188.0,1953-05-10,1.2,,33.1,25.3
TH000048431,"NAKHON RATCHASIMA, TH",14.967,102.083,188.0,1953-05-11,0.0,,35.0,27.2
TH000048431,"NAKHON RATCHASIMA, TH",14.967,102.083,188.0,1953-05-12,2.2,,35.7,26.3
TH000048431,"NAKHON RATCHASIMA, TH",14.967,102.083,188.0,1953-05-13,0.0,,34.3,22.4
TH000048431,"NAKHON RATCHASIMA, TH",14.967,102.083,188.0,1953-05-14,8.5,,32.6,23.4
TH000048431,"NAKHON RATCHASIMA, TH",14.967,102.083,188.0,1953-05-15,14.3,,34.6,29.3
TH000048431,"NAKHON RATCHASIMA, TH",14.967,102.083,188.0,1953-05-16,1.1,,34.4,26.3
TH000048431,"NAKHON RATCHASIMA, TH",14.967,102.083,188.0,1953-05-17,9.4,,34.4,25.4
TH000048431,"NAKHON RATCHASIMA, TH",14.967,102.083,188.0,1953-05-18,0.3,,33.3,25.3
TH000048431,"NAKHON RATCHASIMA, TH",14.967,102.083,188.0,1953-05-19,2.5,,33.6,25.3
TH000048431,"NAKHON RATCHASIMA, TH",14.967,102.083,188.0,1953-05-20,0.0,,32.3,27.3
TH000048431,"NAKHON RATCHASIMA, TH",14.967,102.083,188.0,1953-05-21,0.0,,36.3,27.3
TH000048431,"NAKHON RATCHASIMA, TH",14.967,102.083,188.0,1953-05-22,0.8,,35.7,29.4
TH000048431,"NAKHON RATCHASIMA, TH",14.967,102.083,188.0,1953-05-23,1.7,,35.1,25.3
TH000048431,"NAKHON RATCHASIMA, TH",14.967,102.083,188.0,1953-05-24,7.8,,34.2,24.3
TH000048431,"NAKHON RATCHASIMA, TH",14.967,102.083,188.0,1953-05-25,0.0,,33.0,29.3
TH000048431,"NAKHON RATCHASIMA, TH",14.967,102.083,188.0,1953-05-26,8.6,,32.8,28.2
TH000048431,"NAKHON RATCHASIMA, TH",14.967,102.083,188.0,1953-05-27,1.6,,33.4,22.3
TH000048431,"NAKHON RATCHASIMA, TH",14.967,102.083,188.0,1953-05-28,29.4,,33.5,27.2
TH000048431,"NAKHON RATCHASIMA, TH",14.967,102.083,188.0,1953-05-29,0.0,,33.0,21.3
TH000048431,"NAKHON RATCHASIMA, TH",14.967,102.083,188.0,1953-05-30,0.0,,32.9,21.2
TH000048431,"NAKHON RATCHASIMA, TH",14.967,102.083,188.0,1953-05-31,5.7,,35.8,20.3
TH000048431,"NAKHON RATCHASIMA, TH",14.967,102.083,188.0,1953-06-01,0.0,,36.0,23.8
TH000048431,"NAKHON RATCHASIMA, TH",14.967,102.083,188.0,1953-06-02,0.0,,35.1,24.9
TH000048431,"NAKHON RATCHASIMA, TH",14.967,102.083,188.0,1953-06-03,0.0,,32.3,25.1
TH000048431,"NAKHON RATCHASIMA, TH",14.967,102.083,188.0,1953-06-04,0.6,,33.1,24.2
TH000048431,"NAKHON RATCHASIMA, TH",14.967,102.083,188.0,1953-06-05,6.5,,35.5,24.4
TH000048431,"NAKHON RATCHASIMA, TH",14.967,102.083,188.0,1953-06-06,16.9,,31.7,23.0
TH000048431,"NAKHON RATCHASIMA, TH",14.967,102.083,188.0,1953-06-07,4.7,,30.3,23.6
TH000048431,"NAKHON RATCHASIMA, TH",14.967,102.083,188.0,1953-06-08,13.5,,29.1,24.2
TH000048431,"NAKHON RATCHASIMA, TH",14.967,102.083,188.0,1953-06-09,1.3,,33.5,25.5
TH000048431,"NAKHON RATCHASIMA, TH",14.967,102.083,188.0,1953-06-10,1.5,,33.6,23.2
TH000048431,"NAKHON RATCHASIMA, TH",14.967,102.083,188.0,1953-06-11,0.0,,35.5,24.1
TH000048431,"NAKHON RATCHASIMA, TH",14.967,102.083,188.0,1953-06-12,1.8,,35.5,24.4
TH000048431,"NAKHON RATCHASIMA, TH",14.967,102.083,188.0,1953-06-13,0.0,,35.0,24.5
TH000048431,"NAKHON RATCHASIMA, TH",14.967,102.083,188.0,1953-06-14,4.4,,35.1,24.7
TH000048431,"NAKHON RATCHASIMA, TH",14.967,102.083,188.0,1953-06-15,8.2,,34.8,23.4
TH000048431,"NAKHON RATCHASIMA, TH",14.967,102.083,188.0,1953-06-16,0.1,,34.0,23.0
TH000048431,"NAKHON RATCHASIMA, TH",14.967,102.083,188.0,1953-06-17,1.7,,31.8,23.8
TH000048431,"NAKHON RATCHASIMA, TH",14.967,102.083,188.0,1953-06-18,2.5,,28.5,23.6
TH000048431,"NAKHON RATCHASIMA, TH",14.967,102.083,188.0,1953-06-19,10.2,,28.0,23.8
TH000048431,"NAKHON RATCHASIMA, TH",14.967,102.083,188.0,1953-06-20,3.8,,30.2,23.3
TH000048431,"NAKHON RATCHASIMA, TH",14.967,102.083,188.0,1953-06-21,1.1,,32.5,23.1
TH000048431,"NAKHON RATCHASIMA, TH",14.967,102.083,188.0,1953-06-22,0.0,,33.5,21.9
TH000048431,"NAKHON RATCHASIMA, TH",14.967,102.083,188.0,1953-06-23,0.0,,32.5,24.5
TH000048431,"NAKHON RATCHASIMA, TH",14.967,102.083,188.0,1953-06-24,2.5,,32.0,22.6
TH000048431,"NAKHON RATCHASIMA, TH",14.967,102.083,188.0,1953-06-25,0.0,,34.5,21.4
TH000048431,"NAKHON RATCHASIMA, TH",14.967,102.083,188.0,1953-06-26,0.0,,34.0,23.1
TH000048431,"NAKHON RATCHASIMA, TH",14.967,102.083,188.0,1953-06-27,0.0,,33.7,22.6
TH000048431,"NAKHON RATCHASIMA, TH",14.967,102.083,188.0,1953-06-28,0.0,,33.5,23.4
TH000048431,"NAKHON RATCHASIMA, TH",14.967,102.083,188.0,1953-06-29,0.0,,33.5,24.3
TH000048431,"NAKHON RATCHASIMA, TH",14.967,102.083,188.0,1953-06-30,0.0,,32.2,24.6
TH000048431,"NAKHON RATCHASIMA, TH",14.967,102.083,188.0,1953-07-01,0.0,,32.1,24.1
TH000048431,"NAKHON RATCHASIMA, TH",14.967,102.083,188.0,1953-07-02,0.0,,33.8,24.3
TH000048431,"NAKHON RATCHASIMA, TH",14.967,102.083,188.0,1953-07-03,3.5,,32.5,24.2
TH000048431,"NAKHON RATCHASIMA, TH",14.967,102.083,188.0,1953-07-04,1.5,,31.9,23.9
TH000048431,"NAKHON RATCHASIMA, TH",14.967,102.083,188.0,1953-07-05,2.9,,30.0,23.6
TH000048431,"NAKHON RATCHASIMA, TH",14.967,102.083,188.0,1953-07-06,0.2,,30.9,23.0
TH000048431,"NAKHON RATCHASIMA, TH",14.967,102.083,188.0,1953-07-07,1.7,,30.3,23.4
TH000048431,"NAKHON RATCHASIMA, TH",14.967,102.083,188.0,1953-07-08,0.0,,32.3,23.4
TH000048431,"NAKHON RATCHASIMA, TH",14.967,102.083,188.0,1953-07-09,0.3,,35.1,21.4
TH000048431,"NAKHON RATCHASIMA, TH",14.967,102.083,188.0,1953-07-10,8.5,,35.3,23.4
TH000048431,"NAKHON RATCHASIMA, TH",14.967,102.083,188.0,1953-07-11,10.5,,35.2,23.2
TH000048431,"NAKHON RATCHASIMA, TH",14.967,102.083,188.0,1953-07-12,6.9,,33.8,23.1
TH000048431,"NAKHON RATCHASIMA, TH",14.967,102.083,188.0,1953-07-13,0.0,,35.2,22.6
TH000048431,"NAKHON RATCHASIMA, TH",14.967,102.083,188.0,1953-07-14,3.3,,35.1,23.3
TH000048431,"NAKHON RATCHASIMA, TH",14.967,102.083,188.0,1953-07-15,0.0,,34.0,23.9
TH000048431,"NAKHON RATCHASIMA, TH",14.967,102.083,188.0,1953-07-16,56.1,,34.6,23.0
TH000048431,"NAKHON RATCHASIMA, TH",14.967,102.083,188.0,1953-07-17,0.0,,35.4,23.0
TH000048431,"NAKHON RATCHASIMA, TH",14.967,102.083,188.0,1953-07-18,0.0,,35.7,23.3
TH000048431,"NAKHON RATCHASIMA, TH",14.967,102.083,188.0,1953-07-19,0.0,,35.6,23.2
TH000048431,"NAKHON RATCHASIMA, TH",14.967,102.083,188.0,1953-07-20,2.7,,36.1,23.8
TH000048431,"NAKHON RATCHASIMA, TH",14.967,102.083,188.0,1953-07-21,3.2,,37.0,24.4
TH000048431,"NAKHON RATCHASIMA, TH",14.967,102.083,188.0,1953-07-22,15.3,,34.0,24.0
TH000048431,"NAKHON RATCHASIMA, TH",14.967,102.083,188.0,1953-07-23,0.0,,32.5,25.0
TH000048431,"NAKHON RATCHASIMA, TH",14.967,102.083,188.0,1953-07-24,0.0,,34.8,23.6
TH000048431,"NAKHON RATCHASIMA, TH",14.967,102.083,188.0,1953-07-25,0.0,,32.5,24.1
TH000048431,"NAKHON RATCHASIMA, TH",14.967,102.083,188.0,1953-07-26,9.8,,32.5,23.4
TH000048431,"NAKHON RATCHASIMA, TH",14.967,102.083,188.0,1953-07-27,7.9,,30.6,22.9
TH000048431,"NAKHON RATCHASIMA, TH",14.967,102.083,188.0,1953-07-28,10.1,,27.1,23.5
TH000048431,"NAKHON RATCHASIMA, TH",14.967,102.083,188.0,1953-07-29,5.6,,29.3,22.8
TH000048431,"NAKHON RATCHASIMA, TH",14.967,102.083,188.0,1953-07-30,22.5,,30.5,22.9
TH000048431,"NAKHON RATCHASIMA, TH",14.967,102.083,188.0,1953-07-31,26.4,,30.5,22.8
TH000048431,"NAKHON RATCHASIMA, TH",14.967,102.083,188.0,1953-08-01,0.0,,30.8,23.2
TH000048431,"NAKHON RATCHASIMA, TH",14.967,102.083,188.0,1953-08-02,46.9,,33.5,22.5
TH000048431,"NAKHON RATCHASIMA, TH",14.967,102.083,188.0,1953-08-03,0.0,,32.5,22.9
TH000048431,"NAKHON RATCHASIMA, TH",14.967,102.083,188.0,1953-08-04,0.0,,32.0,23.6
TH000048431,"NAKHON RATCHASIMA, TH",14.967,102.083,188.0,1953-08-05,0.0,,33.3,24.3
TH000048431,"NAKHON RATCHASIMA, TH",14.967,102.083,188.0,1953-08-06,0.0,,35.0,23.1
TH000048431,"NAKHON RATCHASIMA, TH",14.967,102.083,188.0,1953-08-07,2.5,,35.1,24.0
TH000048431,"NAKHON RATCHASIMA, TH",14.967,102.083,188.0,1953-08-08,0.0,,33.6,23.5
TH000048431,"NAKHON RATCHASIMA, TH",14.967,102.083,188.0,1953-08-09,0.0,,30.5,23.9
TH000048431,"NAKHON RATCHASIMA, TH",14.967,102.083,188.0,1953-08-10,0.0,,35.3,24.6
TH000048431,"NAKHON RATCHASIMA, TH",14.967,102.083,188.0,1953-08-11,0.0,,31.2,25.0
TH000048431,"NAKHON RATCHASIMA, TH",14.967,102.083,188.0,1953-08-12,0.0,,31.5,24.7
TH000048431,"NAKHON RATCHASIMA, TH",14.967,102.083,188.0,1953-08-13,1.5,,34.8,24.6
TH000048431,"NAKHON RATCHASIMA, TH",14.967,102.083,188.0,1953-08-14,0.0,,30.0,23.4
TH000048431,"NAKHON RATCHASIMA, TH",14.967,102.083,188.0,1953-08-15,5.8,,27.1,23.2
TH000048431,"NAKHON RATCHASIMA, TH",14.967,102.083,188.0,1953-08-16,0.0,,32.8,23.2
TH000048431,"NAKHON RATCHASIMA, TH",14.967,102.083,188.0,1953-08-17,0.0,,33.3,23.3
TH000048431,"NAKHON RATCHASIMA, TH",14.967,102.083,188.0,1953-08-18,0.0,,33.3,23.9
TH000048431,"NAKHON RATCHASIMA, TH",14.967,102.083,188.0,1953-08-19,0.4,,35.2,23.5
TH000048431,"NAKHON RATCHASIMA, TH",14.967,102.083,188.0,1953-08-20,0.0,,33.2,23.3
TH000048431,"NAKHON RATCHASIMA, TH",14.967,102.083,188.0,1953-08-21,1.1,,30.6,23.7
TH000048431,"NAKHON RATCHASIMA, TH",14.967,102.083,188.0,1953-08-22,4.8,,31.2,23.4
TH000048431,"NAKHON RATCHASIMA, TH",14.967,102.083,188.0,1953-08-23,17.7,,30.7,23.8
TH000048431,"NAKHON RATCHASIMA, TH",14.967,102.083,188.0,1953-08-24,2.4,,26.8,22.0
TH000048431,"NAKHON RATCHASIMA, TH",14.967,102.083,188.0,1953-08-25,1.1,,32.0,22.4
TH000048431,"NAKHON RATCHASIMA, TH",14.967,102.083,188.0,1953-08-26,0.5,,33.6,21.9
TH000048431,"NAKHON RATCHASIMA, TH",14.967,102.083,188.0,1953-08-27,0.0,,34.1,22.0
TH000048431,"NAKHON RATCHASIMA, TH",14.967,102.083,188.0,1953-08-28,0.0,,35.0,23.1
TH000048431,"NAKHON RATCHASIMA, TH",14.967,102.083,188.0,1953-08-29,13.0,,34.8,24.0
TH000048431,"NAKHON RATCHASIMA, TH",14.967,102.083,188.0,1953-08-30,0.0,,34.0,23.0
TH000048431,"NAKHON RATCHASIMA, TH",14.967,102.083,188.0,1953-08-31,0.0,,36.2,23.5
TH000048431,"NAKHON RATCHASIMA, TH",14.967,102.083,188.0,1953-09-01,0.0,,34.8,29.2
TH000048431,"NAKHON RATCHASIMA, TH",14.967,102.083,188.0,1953-09-02,1.8,,35.0,27.3
TH000048431,"NAKHON RATCHASIMA, TH",14.967,102.083,188.0,1953-09-03,40.9,,32.1,23.3
TH000048431,"NAKHON RATCHASIMA, TH",14.967,102.083,188.0,1953-09-04,14.5,,30.0,22.3
TH000048431,"NAKHON RATCHASIMA, TH",14.967,102.083,188.0,1953-09-05,13.6,,31.0,29.3
TH000048431,"NAKHON RATCHASIMA, TH",14.967,102.083,188.0,1953-09-06,28.8,,32.5,24.3
TH000048431,"NAKHON RATCHASIMA, TH",14.967,102.083,188.0,1953-09-07,7.1,,30.6,26.2
TH000048431,"NAKHON RATCHASIMA, TH",14.967,102.083,188.0,1953-09-08,1.3,,31.0,27.3
TH000048431,"NAKHON RATCHASIMA, TH",14.967,102.083,188.0,1953-09-09,0.5,,33.7,21.3
TH000048431,"NAKHON RATCHASIMA, TH",14.967,102.083,188.0,1953-09-10,0.0,,34.7,20.3
TH000048431,"NAKHON RATCHASIMA, TH",14.967,102.083,188.0,1953-09-11,0.0,,33.5,20.3
TH000048431,"NAKHON RATCHASIMA, TH",14.967,102.083,188.0,1953-09-12,0.0,,35.1,21.4
TH000048431,"NAKHON RATCHASIMA, TH",14.967,102.083,188.0,1953-09-13,17.4,,32.0,20.4
TH000048431,"NAKHON RATCHASIMA, TH",14.967,102.083,188.0,1953-09-14,2.1,,28.0,24.3
TH000048431,"NAKHON RATCHASIMA, TH",14.967,102.083,188.0,1953-09-15,19.6,,32.1,20.4
TH000048431,"NAKHON RATCHASIMA, TH",14.967,102.083,188.0,1953-09-16,0.5,,31.6,29.2
TH000048431,"NAKHON RATCHASIMA, TH",14.967,102.083,188.0,1953-09-17,3.3,,32.5,21.3
TH000048431,"NAKHON RATCHASIMA, TH",14.967,102.083,188.0,1953-09-18,3.3,,32.6,21.3
TH000048431,"NAKHON RATCHASIMA, TH",14.967,102.083,188.0,1953-09-19,0.0,,33.0,24.4
TH000048431,"NAKHON RATCHASIMA, TH",14.967,102.083,188.0,1953-09-20,15.0,,29.5,22.4
TH000048431,"NAKHON RATCHASIMA, TH",14.967,102.083,188.0,1953-09-21,86.8,,32.8,21.3
TH000048431,"NAKHON RATCHASIMA, TH",14.967,102.083,188.0,1953-09-22,32.1,,29.1,25.2
TH000048431,"NAKHON RATCHASIMA, TH",14.967,102.083,188.0,1953-09-23,29.9,,26.5,27.2
TH000048431,"NAKHON RATCHASIMA, TH",14.967,102.083,188.0,1953-09-24,0.0,,31.8,20.3
TH000048431,"NAKHON RATCHASIMA, TH",14.967,102.083,188.0,1953-09-25,0.0,,32.4,22.2
TH000048431,"NAKHON RATCHASIMA, TH",14.967,102.083,188.0,1953-09-26,3.8,,32.0,24.3
TH000048431,"NAKHON RATCHASIMA, TH",14.967,102.083,188.0,1953-09-27,0.0,,32.8,24.4
TH000048431,"NAKHON RATCHASIMA, TH",14.967,102.083,188.0,1953-09-28,0.0,,33.0,28.3
TH000048431,"NAKHON RATCHASIMA, TH",14.967,102.083,188.0,1953-09-29,65.7,,26.1,20.2
TH000048431,"NAKHON RATCHASIMA, TH",14.967,102.083,188.0,1953-09-30,12.0,,31.7,22.4
TH000048431,"NAKHON RATCHASIMA, TH",14.967,102.083,188.0,1953-10-01,0.5,,27.2,21.5
TH000048431,"NAKHON RATCHASIMA, TH",14.967,102.083,188.0,1953-10-02,0.0,,29.0,22.3
TH000048431,"NAKHON RATCHASIMA, TH",14.967,102.083,188.0,1953-10-03,0.3,,33.1,23.6
TH000048431,"NAKHON RATCHASIMA, TH",14.967,102.083,188.0,1953-10-04,2.0,,32.0,23.7
TH000048431,"NAKHON RATCHASIMA, TH",14.967,102.083,188.0,1953-10-05,0.4,,33.0,22.5
TH000048431,"NAKHON RATCHASIMA, TH",14.967,102.083,188.0,1953-10-06,33.4,,32.1,23.2
TH000048431,"NAKHON RATCHASIMA, TH",14.967,102.083,188.0,1953-10-07,0.0,,33.7,22.1
TH000048431,"NAKHON RATCHASIMA, TH",14.967,102.083,188.0,1953-10-08,0.0,,34.5,23.2
TH000048431,"NAKHON RATCHASIMA, TH",14.967,102.083,188.0,1953-10-09,6.8,,31.6,22.3
TH000048431,"NAKHON RATCHASIMA, TH",14.967,102.083,188.0,1953-10-10,1.7,,31.8,22.4
TH000048431,"NAKHON RATCHASIMA, TH",14.967,102.083,188.0,1953-10-11,0.0,,31.2,22.3
TH000048431,"NAKHON RATCHASIMA, TH",14.967,102.083,188.0,1953-10-12,0.0,,32.8,22.9
TH000048431,"NAKHON RATCHASIMA, TH",14.967,102.083,188.0,1953-10-13,0.0,,32.6,23.2
TH000048431,"NAKHON RATCHASIMA, TH",14.967,102.083,188.0,1953-10-14,3.2,,30.2,23.2
TH000048431,"NAKHON RATCHASIMA, TH",14.967,102.083,188.0,1953-10-15,0.0,,32.6,22.4
TH000048431,"NAKHON RATCHASIMA, TH",14.967,102.083,188.0,1953-10-16,0.0,,31.8,23.1
TH000048431,"NAKHON RATCHASIMA, TH",14.967,102.083,188.0,1953-10-17,0.0,,31.1,23.0
TH000048431,"NAKHON RATCHASIMA, TH",14.967,102.083,188.0,1953-10-18,0.0,,31.2,23.5
TH000048431,"NAKHON RATCHASIMA, TH",14.967,102.083,188.0,1953-10-19,0.8,,31.3,22.7
TH000048431,"NAKHON RATCHASIMA, TH",14.967,102.083,188.0,1953-10-20,42.9,,33.6,22.9
TH000048431,"NAKHON RATCHASIMA, TH",14.967,102.083,188.0,1953-10-21,0.0,,33.6,23.2
TH000048431,"NAKHON RATCHASIMA, TH",14.967,102.083,188.0,1953-10-22,13.1,,30.7,22.5
TH000048431,"NAKHON RATCHASIMA, TH",14.967,102.083,188.0,1953-10-23,6.4,,29.3,23.2
TH000048431,"NAKHON RATCHASIMA, TH",14.967,102.083,188.0,1953-10-24,0.0,,32.3,22.6
TH000048431,"NAKHON RATCHASIMA, TH",14.967,102.083,188.0,1953-10-25,0.0,,30.7,21.6
TH000048431,"NAKHON RATCHASIMA, TH",14.967,102.083,188.0,1953-10-26,13.8,,30.7,23.1
TH000048431,"NAKHON RATCHASIMA, TH",14.967,102.083,188.0,1953-10-27,0.0,,33.6,22.7
TH000048431,"NAKHON RATCHASIMA, TH",14.967,102.083,188.0,1953-10-28,0.0,,32.3,22.8
TH000048431,"NAKHON RATCHASIMA, TH",14.967,102.083,188.0,1953-10-29,0.0,,33.9,24.2
TH000048431,"NAKHON RATCHASIMA, TH",14.967,102.083,188.0,1953-10-30,0.0,,35.2,24.0
TH000048431,"NAKHON RATCHASIMA, TH",14.967,102.083,188.0,1953-10-31,0.0,,33.5,23.2
TH000048431,"NAKHON RATCHASIMA, TH",14.967,102.083,188.0,1953-11-01,0.0,,30.5,24.2
TH000048431,"NAKHON RATCHASIMA, TH",14.967,102.083,188.0,1953-11-02,0.0,,33.6,24.4
TH000048431,"NAKHON RATCHASIMA, TH",14.967,102.083,188.0,1953-11-03,0.0,,31.2,23.5
TH000048431,"NAKHON RATCHASIMA, TH",14.967,102.083,188.0,1953-11-04,11.6,,30.5,22.4
TH000048431,"NAKHON RATCHASIMA, TH",14.967,102.083,188.0,1953-11-05,0.0,,33.1,23.3
TH000048431,"NAKHON RATCHASIMA, TH",14.967,102.083,188.0,1953-11-06,0.0,,32.6,22.8
TH000048431,"NAKHON RATCHASIMA, TH",14.967,102.083,188.0,1953-11-07,0.3,,32.0,23.2
TH000048431,"NAKHON RATCHASIMA, TH",14.967,102.083,188.0,1953-11-08,0.0,,34.8,24.0
TH000048431,"NAKHON RATCHASIMA, TH",14.967,102.083,188.0,1953-11-09,0.0,,34.6,23.7
TH000048431,"NAKHON RATCHASIMA, TH",14.967,102.083,188.0,1953-11-10,0.0,,34.1,23.4
TH000048431,"NAKHON RATCHASIMA, TH",14.967,102.083,188.0,1953-11-11,4.2,,31.8,24.1
TH000048431,"NAKHON RATCHASIMA, TH",14.967,102.083,188.0,1953-11-12,0.0,,33.5,22.0
TH000048431,"NAKHON RATCHASIMA, TH",14.967,102.083,188.0,1953-11-13,0.0,,29.5,22.0
TH000048431,"NAKHON RATCHASIMA, TH",14.967,102.083,188.0,1953-11-14,0.0,,32.4,22.6
TH000048431,"NAKHON RATCHASIMA, TH",14.967,102.083,188.0,1953-11-15,0.0,,32.5,21.4
TH000048431,"NAKHON RATCHASIMA, TH",14.967,102.083,188.0,1953-11-16,0.0,,34.8,22.1
TH000048431,"NAKHON RATCHASIMA, TH",14.967,102.083,188.0,1953-11-17,0.2,,33.4,22.0
TH000048431,"NAKHON RATCHASIMA, TH",14.967,102.083,188.0,1953-11-18,0.0,,33.8,24.0
TH000048431,"NAKHON RATCHASIMA, TH",14.967,102.083,188.0,1953-11-19,0.0,,24.7,19.3
TH000048431,"NAKHON RATCHASIMA, TH",14.967,102.083,188.0,1953-11-20,0.0,,24.3,16.0
TH000048431,"NAKHON RATCHASIMA, TH",14.967,102.083,188.0,1953-11-21,0.0,,26.2,17.1
TH000048431,"NAKHON RATCHASIMA, TH",14.967,102.083,188.0,1953-11-22,0.0,,26.7,17.6
TH000048431,"NAKHON RATCHASIMA, TH",14.967,102.083,188.0,1953-11-23,0.0,,28.6,18.5
TH000048431,"NAKHON RATCHASIMA, TH",14.967,102.083,188.0,1953-11-24,0.0,,30.7,18.5
TH000048431,"NAKHON RATCHASIMA, TH",14.967,102.083,188.0,1953-11-25,0.6,,31.3,18.9
TH000048431,"NAKHON RATCHASIMA, TH",14.967,102.083,188.0,1953-11-26,0.0,,27.8,21.8
TH000048431,"NAKHON RATCHASIMA, TH",14.967,102.083,188.0,1953-11-27,10.1,,22.4,19.5
TH000048431,"NAKHON RATCHASIMA, TH",14.967,102.083,188.0,1953-11-28,0.0,,26.6,18.7
TH000048431,"NAKHON RATCHASIMA, TH",14.967,102.083,188.0,1953-11-29,0.0,,28.4,17.9
TH000048431,"NAKHON RATCHASIMA, TH",14.967,102.083,188.0,1953-11-30,0.0,,30.5,18.3
TH000048431,"NAKHON RATCHASIMA, TH",14.967,102.083,188.0,1953-12-01,0.0,,30.9,18.6
TH000048431,"NAKHON RATCHASIMA, TH",14.967,102.083,188.0,1953-12-02,0.0,,31.5,17.6
TH000048431,"NAKHON RATCHASIMA, TH",14.967,102.083,188.0,1953-12-03,0.0,,31.2,16.9
TH000048431,"NAKHON RATCHASIMA, TH",14.967,102.083,188.0,1953-12-04,0.0,,31.3,16.9
TH000048431,"NAKHON RATCHASIMA, TH",14.967,102.083,188.0,1953-12-05,0.0,,30.5,15.4
TH000048431,"NAKHON RATCHASIMA, TH",14.967,102.083,188.0,1953-12-06,0.0,,30.6,15.8
TH000048431,"NAKHON RATCHASIMA, TH",14.967,102.083,188.0,1953-12-07,0.0,,28.6,16.4
TH000048431,"NAKHON RATCHASIMA, TH",14.967,102.083,188.0,1953-12-08,0.0,,28.0,17.3
TH000048431,"NAKHON RATCHASIMA, TH",14.967,102.083,188.0,1953-12-09,0.0,,30.8,19.6
TH000048431,"NAKHON RATCHASIMA, TH",14.967,102.083,188.0,1953-12-10,0.0,,29.2,17.5
TH000048431,"NAKHON RATCHASIMA, TH",14.967,102.083,188.0,1953-12-11,0.0,,25.5,15.3
TH000048431,"NAKHON RATCHASIMA, TH",14.967,102.083,188.0,1953-12-12,0.0,,24.5,10.7
TH000048431,"NAKHON RATCHASIMA, TH",14.967,102.083,188.0,1953-12-13,0.0,,25.5,10.6
TH000048431,"NAKHON RATCHASIMA, TH",14.967,102.083,188.0,1953-12-14,0.0,,25.5,16.2
TH000048431,"NAKHON RATCHASIMA, TH",14.967,102.083,188.0,1953-12-15,0.7,,24.0,19.2
TH000048431,"NAKHON RATCHASIMA, TH",14.967,102.083,188.0,1953-12-16,0.0,,31.2,18.2
TH000048431,"NAKHON RATCHASIMA, TH",14.967,102.083,188.0,1953-12-17,0.0,,32.0,18.6
TH000048431,"NAKHON RATCHASIMA, TH",14.967,102.083,188.0,1953-12-18,0.0,,29.5,18.3
TH000048431,"NAKHON RATCHASIMA, TH",14.967,102.083,188.0,1953-12-19,0.0,,29.5,17.0
TH000048431,"NAKHON RATCHASIMA, TH",14.967,102.083,188.0,1953-12-20,0.0,,29.8,17.8
TH000048431,"NAKHON RATCHASIMA, TH",14.967,102.083,188.0,1953-12-21,0.0,,29.5,17.3
TH000048431,"NAKHON RATCHASIMA, TH",14.967,102.083,188.0,1953-12-22,0.0,,29.3,16.9
TH000048431,"NAKHON RATCHASIMA, TH",14.967,102.083,188.0,1953-12-23,0.0,,29.2,15.9
TH000048431,"NAKHON RATCHASIMA, TH",14.967,102.083,188.0,1953-12-24,0.0,,29.0,18.0
TH000048431,"NAKHON RATCHASIMA, TH",14.967,102.083,188.0,1953-12-25,0.0,,29.0,14.6
TH000048431,"NAKHON RATCHASIMA, TH",14.967,102.083,188.0,1953-12-26,0.0,,28.8,16.8
TH000048431,"NAKHON RATCHASIMA, TH",14.967,102.083,188.0,1953-12-27,0.0,,29.0,13.6
TH000048431,"NAKHON RATCHASIMA, TH",14.967,102.083,188.0,1953-12-28,0.0,,29.5,14.9
TH000048431,"NAKHON RATCHASIMA, TH",14.967,102.083,188.0,1953-12-29,0.0,,28.5,14.5
TH000048431,"NAKHON RATCHASIMA, TH",14.967,102.083,188.0,1953-12-30,0.0,,29.5,15.8
TH000048431,"NAKHON RATCHASIMA, TH",14.967,102.083,188.0,1953-12-31,0.0,,32.0,18.6
TH000048431,"NAKHON RATCHASIMA, TH",14.967,102.083,188.0,1954-01-01,0.0,,31.0,18.6
TH000048431,"NAKHON RATCHASIMA, TH",14.967,102.083,188.0,1954-01-02,0.0,,31.0,15.7
TH000048431,"NAKHON RATCHASIMA, TH",14.967,102.083,188.0,1954-01-03,0.0,,32.0,16.1
TH000048431,"NAKHON RATCHASIMA, TH",14.967,102.083,188.0,1954-01-04,0.0,,33.5,16.3
TH000048431,"NAKHON RATCHASIMA, TH",14.967,102.083,188.0,1954-01-05,0.0,,33.0,16.8
TH000048431,"NAKHON RATCHASIMA, TH",14.967,102.083,188.0,1954-01-06,0.0,,32.0,18.4
TH000048431,"NAKHON RATCHASIMA, TH",14.967,102.083,188.0,1954-01-07,0.0,,32.0,16.8
TH000048431,"NAKHON RATCHASIMA, TH",14.967,102.083,188.0,1954-01-08,0.0,,34.0,16.5
TH000048431,"NAKHON RATCHASIMA, TH",14.967,102.083,188.0,1954-01-09,0.0,,35.2,18.3
TH000048431,"NAKHON RATCHASIMA, TH",14.967,102.083,188.0,1954-01-10,0.0,,35.0,19.5
TH000048431,"NAKHON RATCHASIMA, TH",14.967,102.083,188.0,1954-01-11,0.0,,35.0,19.7
TH000048431,"NAKHON RATCHASIMA, TH",14.967,102.083,188.0,1954-01-12,0.0,,35.2,18.6
TH000048431,"NAKHON RATCHASIMA, TH",14.967,102.083,188.0,1954-01-13,0.0,,35.1,18.5
TH000048431,"NAKHON RATCHASIMA, TH",14.967,102.083,188.0,1954-01-14,0.0,,34.5,18.5
TH000048431,"NAKHON RATCHASIMA, TH",14.967,102.083,188.0,1954-01-15,0.0,,34.1,18.6
TH000048431,"NAKHON RATCHASIMA, TH",14.967,102.083,188.0,1954-01-16,0.0,,35.4,18.7
TH000048431,"NAKHON RATCHASIMA, TH",14.967,102.083,188.0,1954-01-17,0.0,,35.0,22.8
TH000048431,"NAKHON RATCHASIMA, TH",14.967,102.083,188.0,1954-01-18,5.0,,33.2,22.8
TH000048431,"NAKHON RATCHASIMA, TH",14.967,102.083,188.0,1954-01-19,0.0,,33.4,20.8
TH000048431,"NAKHON RATCHASIMA, TH",14.967,102.083,188.0,1954-01-20,0.0,,35.6,22.0
TH000048431,"NAKHON RATCHASIMA, TH",14.967,102.083,188.0,1954-01-21,0.0,,34.8,21.4
TH000048431,"NAKHON RATCHASIMA, TH",14.967,102.083,188.0,1954-01-22,0.0,,31.1,22.4
TH000048431,"NAKHON RATCHASIMA, TH",14.967,102.083,188.0,1954-01-23,2.4,,35.8,22.3
TH000048431,"NAKHON RATCHASIMA, TH",14.967,102.083,188.0,1954-01-24,3.7,,34.3,23.3
TH000048431,"NAKHON RATCHASIMA, TH",14.967,102.083,188.0,1954-01-25,17.1,,34.5,21.9
TH000048431,"NAKHON RATCHASIMA, TH",14.967,102.083,188.0,1954-01-26,0.0,,21.5,18.5
TH000048431,"NAKHON RATCHASIMA, TH",14.967,102.083,188.0,1954-01-27,0.0,,26.0,17.5
TH000048431,"NAKHON RATCHASIMA, TH",14.967,102.083,188.0,1954-01-28,0.0,,30.5,17.1
TH000048431,"NAKHON RATCHASIMA, TH",14.967,102.083,188.0,1954-01-29,0.0,,28.2,17.6
TH000048431,"NAKHON RATCHASIMA, TH",14.967,102.083,188.0,1954-01-30,0.0,,29.7,17.0
TH000048431,"NAKHON RATCHASIMA, TH",14.967,102.083,188.0,1954-01-31,0.0,,30.5,17.1
TH000048431,"NAKHON RATCHASIMA, TH",14.967,102.083,188.0,1954-02-01,0.0,,29.5,16.0
TH000048431,"NAKHON RATCHASIMA, TH",14.967,102.083,188.0,1954-02-02,0.0,,32.0,15.2
TH000048431,"NAKHON RATCHASIMA, TH",14.967,102.083,188.0,1954-02-03,0.0,,31.3,16.2
TH000048431,"NAKHON RATCHASIMA, TH",14.967,102.083,188.0,1954-02-04,0.0,,31.0,15.9
TH000048431,"NAKHON RATCHASIMA, TH",14.967,102.083,188.0,1954-02-05,0.0,,29.8,18.2
TH000048431,"NAKHON RATCHASIMA, TH",14.967,102.083,188.0,1954-02-06,0.0,,31.0,15.2
TH000048431,"NAKHON RATCHASIMA, TH",14.967,102.083,188.0,1954-02-07,0.0,,30.0,16.6
TH000048431,"NAKHON RATCHASIMA, TH",14.967,102.083,188.0,1954-02-08,0.0,,28.0,14.5
TH000048431,"NAKHON RATCHASIMA, TH",14.967,102.083,188.0,1954-02-09,0.0,,31.3,13.5
TH000048431,"NAKHON RATCHASIMA, TH",14.967,102.083,188.0,1954-02-10,0.0,,33.2,14.2
TH000048431,"NAKHON RATCHASIMA, TH",14.967,102.083,188.0,1954-02-11,0.0,,34.0,16.2
TH000048431,"NAKHON RATCHASIMA, TH",14.967,102.083,188.0,1954-02-12,0.0,,36.0,17.6
TH000048431,"NAKHON RATCHASIMA, TH",14.967,102.083,188.0,1954-02-13,0.0,,34.0,18.6
TH000048431,"NAKHON RATCHASIMA, TH",14.967,102.083,188.0,1954-02-14,0.0,,35.9,15.6
TH000048431,"NAKHON RATCHASIMA, TH",14.967,102.083,188.0,1954-02-15,0.0,,36.5,18.7
TH000048431,"NAKHON RATCHASIMA, TH",14.967,102.083,188.0,1954-02-16,0.0,,35.8,22.5
TH000048431,"NAKHON RATCHASIMA, TH",14.967,102.083,188.0,1954-02-17,0.0,,36.1,20.0
TH000048431,"NAKHON RATCHASIMA, TH",14.967,102.083,188.0,1954-02-18,0.0,,36.5,21.9
TH000048431,"NAKHON RATCHASIMA, TH",14.967,102.083,188.0,1954-02-19,0.0,,35.3,23.1
TH000048431,"NAKHON RATCHASIMA, TH",14.967,102.083,188.0,1954-02-20,0.0,,35.6,21.6
TH000048431,"NAKHON RATCHASIMA, TH",14.967,102.083,188.0,1954-02-21,0.0,,35.5,21.4
TH000048431,"NAKHON RATCHASIMA, TH",14.967,102.083,188.0,1954-02-22,0.0,,28.8,21.3
TH000048431,"NAKHON RATCHASIMA, TH",14.967,102.083,188.0,1954-02-23,0.0,,31.0,18.6
TH000048431,"NAKHON RATCHASIMA, TH",14.967,102.083,188.0,1954-02-24,0.0,,35.0,20.4
TH000048431,"NAKHON RATCHASIMA, TH",14.967,102.083,188.0,1954-02-25,47.0,,35.5,22.2
TH000048431,"NAKHON RATCHASIMA, TH",14.967,102.083,188.0,1954-02-26,35.5,,34.2,22.0
TH000048431,"NAKHON RATCHASIMA, TH",14.967,102.083,188.0,1954-02-27,0.0,,35.5,21.9
TH000048431,"NAKHON RATCHASIMA, TH",14.967,102.083,188.0,1954-02-28,0.0,,36.1,23.3
TH000048431,"NAKHON RATCHASIMA, TH",14.967,102.083,188.0,1954-03-01,0.0,,37.0,23.1
TH000048431,"NAKHON RATCHASIMA, TH",14.967,102.083,188.0,1954-03-02,0.0,,37.4,23.1
TH000048431,"NAKHON RATCHASIMA, TH",14.967,102.083,188.0,1954-03-03,0.0,,37.0,21.4
TH000048431,"NAKHON RATCHASIMA, TH",14.967,102.083,188.0,1954-03-04,0.0,,37.7,19.9
TH000048431,"NAKHON RATCHASIMA, TH",14.967,102.083,188.0,1954-03-05,0.0,,37.0,19.3
TH000048431,"NAKHON RATCHASIMA, TH",14.967,102.083,188.0,1954-03-06,0.0,,25.1,22.7
TH000048431,"NAKHON RATCHASIMA, TH",14.967,102.083,188.0,1954-03-07,0.0,,28.6,17.9
TH000048431,"NAKHON RATCHASIMA, TH",14.967,102.083,188.0,1954-03-08,0.0,,34.5,18.2
TH000048431,"NAKHON RATCHASIMA, TH",14.967,102.083,188.0,1954-03-09,0.0,,33.0,18.3
TH000048431,"NAKHON RATCHASIMA, TH",14.967,102.083,188.0,1954-03-10,0.0,,36.0,17.6
TH000048431,"NAKHON RATCHASIMA, TH",14.967,102.083,188.0,1954-03-11,0.0,,37.5,22.5
TH000048431,"NAKHON RATCHASIMA, TH",14.967,102.083,188.0,1954-03-12,3.7,,35.8,23.8
TH000048431,"NAKHON RATCHASIMA, TH",14.967,102.083,188.0,1954-03-13,44.3,,33.0,22.0
TH000048431,"NAKHON RATCHASIMA, TH",14.967,102.083,188.0,1954-03-14,0.0,,33.7,20.9
TH000048431,"NAKHON RATCHASIMA, TH",14.967,102.083,188.0,1954-03-15,0.0,,30.2,21.4
TH000048431,"NAKHON RATCHASIMA, TH",14.967,102.083,188.0,1954-03-16,0.0,,27.0,17.5
TH000048431,"NAKHON RATCHASIMA, TH",14.967,102.083,188.0,1954-03-17,0.0,,32.7,18.3
TH000048431,"NAKHON RATCHASIMA, TH",14.967,102.083,188.0,1954-03-18,0.0,,31.0,18.0
TH000048431,"NAKHON RATCHASIMA, TH",14.967,102.083,188.0,1954-03-19,0.0,,33.7,18.7
TH000048431,"NAKHON RATCHASIMA, TH",14.967,102.083,188.0,1954-03-20,0.0,,33.5,19.9
TH000048431,"NAKHON RATCHASIMA, TH",14.967,102.083,188.0,1954-03-21,0.0,,31.5,19.3
TH000048431,"NAKHON RATCHASIMA, TH",14.967,102.083,188.0,1954-03-22,0.0,,35.0,20.7
TH000048431,"NAKHON RATCHASIMA, TH",14.967,102.083,188.0,1954-03-23,0.0,,31.0,18.9
TH000048431,"NAKHON RATCHASIMA, TH",14.967,102.083,188.0,1954-03-24,0.0,,33.5,18.5
TH000048431,"NAKHON RATCHASIMA, TH",14.967,102.083,188.0,1954-03-25,0.0,,34.5,18.8
TH000048431,"NAKHON RATCHASIMA, TH",14.967,102.083,188.0,1954-03-26,0.0,,37.8,21.0
TH000048431,"NAKHON RATCHASIMA, TH",14.967,102.083,188.0,1954-03-27,0.0,,37.0,23.1
TH000048431,"NAKHON RATCHASIMA, TH",14.967,102.083,188.0,1954-03-28,0.0,,37.5,23.0
TH000048431,"NAKHON RATCHASIMA, TH",14.967,102.083,188.0,1954-03-29,6.3,,37.2,21.5
TH000048431,"NAKHON RATCHASIMA, TH",14.967,102.083,188.0,1954-03-30,0.0,,28.5,20.0
TH000048431,"NAKHON RATCHASIMA, TH",14.967,102.083,188.0,1954-03-31,0.0,,34.0,19.3
TH000048431,"NAKHON RATCHASIMA, TH",14.967,102.083,188.0,1954-04-01,0.0,,37.5,22.2
TH000048431,"NAKHON RATCHASIMA, TH",14.967,102.083,188.0,1954-04-02,0.0,,38.0,22.8
TH000048431,"NAKHON RATCHASIMA, TH",14.967,102.083,188.0,1954-04-03,0.0,,39.5,23.5
TH000048431,"NAKHON RATCHASIMA, TH",14.967,102.083,188.0,1954-04-04,30.4,,39.2,24.3
TH000048431,"NAKHON RATCHASIMA, TH",14.967,102.083,188.0,1954-04-05,0.0,,34.5,21.4
TH000048431,"NAKHON RATCHASIMA, TH",14.967,102.083,188.0,1954-04-06,0.0,,38.5,23.6
TH000048431,"NAKHON RATCHASIMA, TH",14.967,102.083,188.0,1954-04-07,0.0,,35.1,22.8
TH000048431,"NAKHON RATCHASIMA, TH",14.967,102.083,188.0,1954-04-08,0.0,,37.3,22.5
TH000048431,"NAKHON RATCHASIMA, TH",14.967,102.083,188.0,1954-04-09,0.0,,37.8,22.9
TH000048431,"NAKHON RATCHASIMA, TH",14.967,102.083,188.0,1954-04-10,0.0,,37.5,23.7
TH000048431,"NAKHON RATCHASIMA, TH",14.967,102.083,188.0,1954-04-11,0.0,,38.8,22.6
TH000048431,"NAKHON RATCHASIMA, TH",14.967,102.083,188.0,1954-04-12,0.0,,39.0,22.8
TH000048431,"NAKHON RATCHASIMA, TH",14.967,102.083,188.0,1954-04-13,0.0,,39.5,24.4
TH000048431,"NAKHON RATCHASIMA, TH",14.967,102.083,188.0,1954-04-14,0.0,,40.5,21.6
TH000048431,"NAKHON RATCHASIMA, TH",14.967,102.083,188.0,1954-04-15,0.0,,39.5,22.8
TH000048431,"NAKHON RATCHASIMA, TH",14.967,102.083,188.0,1954-04-16,0.0,,38.1,22.6
TH000048431,"NAKHON RATCHASIMA, TH",14.967,102.083,188.0,1954-04-17,0.0,,39.5,23.1
TH000048431,"NAKHON RATCHASIMA, TH",14.967,102.083,188.0,1954-04-18,0.0,,41.0,24.5
TH000048431,"NAKHON RATCHASIMA, TH",14.967,102.083,188.0,1954-04-19,0.0,,39.5,23.8
TH000048431,"NAKHON RATCHASIMA, TH",14.967,102.083,188.0,1954-04-20,0.0,,36.0,24.5
TH000048431,"NAKHON RATCHASIMA, TH",14.967,102.083,188.0,1954-04-21,0.0,,36.4,22.5
TH000048431,"NAKHON RATCHASIMA, TH",14.967,102.083,188.0,1954-04-22,0.0,,37.5,23.1
TH000048431,"NAKHON RATCHASIMA, TH",14.967,102.083,188.0,1954-04-23,3.8,,38.0,23.1
TH000048431,"NAKHON RATCHASIMA, TH",14.967,102.083,188.0,1954-04-24,0.0,,39.6,23.3
TH000048431,"NAKHON RATCHASIMA, TH",14.967,102.083,188.0,1954-04-25,0.0,,35.5,23.4
TH000048431,"NAKHON RATCHASIMA, TH",14.967,102.083,188.0,1954-04-26,0.0,,38.1,23.5
TH000048431,"NAKHON RATCHASIMA, TH",14.967,102.083,188.0,1954-04-27,15.2,,38.6,24.0
TH000048431,"NAKHON RATCHASIMA, TH",14.967,102.083,188.0,1954-04-28,1.8,,30.1,21.7
TH000048431,"NAKHON RATCHASIMA, TH",14.967,102.083,188.0,1954-04-29,0.0,,30.2,23.0
TH000048431,"NAKHON RATCHASIMA, TH",14.967,102.083,188.0,1954-04-30,9.6,,35.0,24.1
TH000048431,"NAKHON RATCHASIMA, TH",14.967,102.083,188.0,1954-05-01,2.2,,28.4,26.2
TH000048431,"NAKHON RATCHASIMA, TH",14.967,102.083,188.0,1954-05-02,0.0,,33.5,28.3
TH000048431,"NAKHON RATCHASIMA, TH",14.967,102.083,188.0,1954-05-03,0.0,,34.1,21.4
TH000048431,"NAKHON RATCHASIMA, TH",14.967,102.083,188.0,1954-05-04,0.1,,36.1,22.4
TH000048431,"NAKHON RATCHASIMA, TH",14.967,102.083,188.0,1954-05-05,0.0,,37.5,25.3
TH000048431,"NAKHON RATCHASIMA, TH",14.967,102.083,188.0,1954-05-06,10.8,,38.0,27.4
TH000048431,"NAKHON RATCHASIMA, TH",14.967,102.083,188.0,1954-05-07,8.2,,36.9,24.3
TH000048431,"NAKHON RATCHASIMA, TH",14.967,102.083,188.0,1954-05-08,0.0,,37.0,24.3
TH000048431,"NAKHON RATCHASIMA, TH",14.967,102.083,188.0,1954-05-09,0.0,,37.0,20.4
TH000048431,"NAKHON RATCHASIMA, TH",14.967,102.083,188.0,1954-05-10,3.3,,40.0,24.5
TH000048431,"NAKHON RATCHASIMA, TH",14.967,102.083,188.0,1954-05-11,4.4,,37.5,26.3
TH000048431,"NAKHON RATCHASIMA, TH",14.967,102.083,188.0,1954-05-12,7.0,,33.8,22.3
TH000048431,"NAKHON RATCHASIMA, TH",14.967,102.083,188.0,1954-05-13,1.9,,35.0,22.3
TH000048431,"NAKHON RATCHASIMA, TH",14.967,102.083,188.0,1954-05-14,0.0,,35.0,20.4
TH000048431,"NAKHON RATCHASIMA, TH",14.967,102.083,188.0,1954-05-15,0.0,,36.6,23.3
TH000048431,"NAKHON RATCHASIMA, TH",14.967,102.083,188.0,1954-05-16,0.0,,35.5,25.3
TH000048431,"NAKHON RATCHASIMA, TH",14.967,102.083,188.0,1954-05-17,0.0,,36.0,25.3
TH000048431,"NAKHON RATCHASIMA, TH",14.967,102.083,188.0,1954-05-18,9.1,30.9,37.5,24.4
TH000048431,"NAKHON RATCHASIMA, TH",14.967,102.083,188.0,1954-05-19,0.0,30.8,37.4,27.3
TH000048431,"NAKHON RATCHASIMA, TH",14.967,102.083,188.0,1954-05-20,0.0,30.9,37.0,25.3
TH000048431,"NAKHON RATCHASIMA, TH",14.967,102.083,188.0,1954-05-21,40.9,27.5,35.5,24.3
TH000048431,"NAKHON RATCHASIMA, TH",14.967,102.083,188.0,1954-05-22,1.6,27.2,36.1,20.3
TH000048431,"NAKHON RATCHASIMA, TH",14.967,102.083,188.0,1954-05-23,18.8,27.8,31.7,20.3
TH000048431,"NAKHON RATCHASIMA, TH",14.967,102.083,188.0,1954-05-24,9.4,,33.0,20.2
TH000048431,"NAKHON RATCHASIMA, TH",14.967,102.083,188.0,1954-05-25,0.2,27.8,33.5,23.3
TH000048431,"NAKHON RATCHASIMA, TH",14.967,102.083,188.0,1954-05-26,19.7,26.6,36.0,27.3
TH000048431,"NAKHON RATCHASIMA, TH",14.967,102.083,188.0,1954-05-27,1.5,28.4,31.1,28.3
TH000048431,"NAKHON RATCHASIMA, TH",14.967,102.083,188.0,1954-05-28,12.9,29.1,34.8,20.3
TH000048431,"NAKHON RATCHASIMA, TH",14.967,102.083,188.0,1954-05-29,85.2,30.4,36.0,20.4
TH000048431,"NAKHON RATCHASIMA, TH",14.967,102.083,188.0,1954-05-30,0.0,,34.3,25.2
TH000048431,"NAKHON RATCHASIMA, TH",14.967,102.083,188.0,1954-05-31,0.0,27.9,32.3,20.5
TH000048431,"NAKHON RATCHASIMA, TH",14.967,102.083,188.0,1954-06-01,1.8,,33.3,24.3
TH000048431,"NAKHON RATCHASIMA, TH",14.967,102.083,188.0,1954-06-02,0.0,29.7,33.0,23.0
TH000048431,"NAKHON RATCHASIMA, TH",14.967,102.083,188.0,1954-06-03,2.3,28.3,32.0,24.5
TH000048431,"NAKHON RATCHASIMA, TH",14.967,102.083,188.0,1954-06-04,0.4,27.6,32.7,24.1
TH000048431,"NAKHON RATCHASIMA, TH",14.967,102.083,188.0,1954-06-05,15.9,26.2,33.5,24.2
TH000048431,"NAKHON RATCHASIMA, TH",14.967,102.083,188.0,1954-06-06,0.2,29.2,32.0,23.8
TH000048431,"NAKHON RATCHASIMA, TH",14.967,102.083,188.0,1954-06-07,8.0,29.0,32.8,23.8
TH000048431,"NAKHON RATCHASIMA, TH",14.967,102.083,188.0,1954-06-08,0.0,30.1,36.0,23.0
TH000048431,"NAKHON RATCHASIMA, TH",14.967,102.083,188.0,1954-06-09,0.0,31.4,34.3,23.8
TH000048431,"NAKHON RATCHASIMA, TH",14.967,102.083,188.0,1954-06-10,2.6,,34.5,23.7
TH000048431,"NAKHON RATCHASIMA, TH",14.967,102.083,188.0,1954-06-11,16.0,29.1,34.0,24.4
TH000048431,"NAKHON RATCHASIMA, TH",14.967,102.083,188.0,1954-06-12,0.0,27.7,31.8,22.2
TH000048431,"NAKHON RATCHASIMA, TH",14.967,102.083,188.0,1954-06-13,0.0,30.2,34.4,23.0
TH000048431,"NAKHON RATCHASIMA, TH",14.967,102.083,188.0,1954-06-14,0.3,30.0,35.2,23.3
TH000048431,"NAKHON RATCHASIMA, TH",14.967,102.083,188.0,1954-06-15,0.8,30.0,35.0,24.5
TH000048431,"NAKHON RATCHASIMA, TH",14.967,102.083,188.0,1954-06-16,2.3,29.2,33.3,23.7
TH000048431,"NAKHON RATCHASIMA, TH",14.967,102.083,188.0,1954-06-17,0.0,30.9,36.0,22.0
TH000048431,"NAKHON RATCHASIMA, TH",14.967,102.083,188.0,1954-06-18,0.0,31.4,35.5,25.0
TH000048431,"NAKHON RATCHASIMA, TH",14.967,102.083,188.0,1954-06-19,0.0,31.7,36.3,24.0
TH000048431,"NAKHON RATCHASIMA, TH",14.967,102.083,188.0,1954-06-20,0.0,30.6,34.5,24.5
TH000048431,"NAKHON RATCHASIMA, TH",14.967,102.083,188.0,1954-06-21,0.0,30.3,34.5,24.0
TH000048431,"NAKHON RATCHASIMA, TH",14.967,102.083,188.0,1954-06-22,0.0,29.6,34.2,22.7
TH000048431,"NAKHON RATCHASIMA, TH",14.967,102.083,188.0,1954-06-23,1.7,30.3,35.6,23.2
TH000048431,"NAKHON RATCHASIMA, TH",14.967,102.083,188.0,1954-06-24,9.2,29.7,35.4,24.0
TH000048431,"NAKHON RATCHASIMA, TH",14.967,102.083,188.0,1954-06-25,0.4,30.1,35.5,23.7
TH000048431,"NAKHON RATCHASIMA, TH",14.967,102.083,188.0,1954-06-26,0.0,28.8,36.0,24.3
TH000048431,"NAKHON RATCHASIMA, TH",14.967,102.083,188.0,1954-06-27,0.0,29.6,36.0,22.5
TH000048431,"NAKHON RATCHASIMA, TH",14.967,102.083,188.0,1954-06-28,0.0,,36.2,23.2
TH000048431,"NAKHON RATCHASIMA, TH",14.967,102.083,188.0,1954-06-29,0.2,28.4,34.5,23.0
TH000048431,"NAKHON RATCHASIMA, TH",14.967,102.083,188.0,1954-06-30,20.8,27.9,35.0,24.0
TH000048431,"NAKHON RATCHASIMA, TH",14.967,102.083,188.0,1954-07-01,4.1,27.9,33.0,23.0
TH000048431,"NAKHON RATCHASIMA, TH",14.967,102.083,188.0,1954-07-02,0.3,28.9,31.5,23.0
TH000048431,"NAKHON RATCHASIMA, TH",14.967,102.083,188.0,1954-07-03,1.7,27.7,32.0,21.8
TH000048431,"NAKHON RATCHASIMA, TH",14.967,102.083,188.0,1954-07-04,0.0,28.9,33.5,23.0
TH000048431,"NAKHON RATCHASIMA, TH",14.967,102.083,188.0,1954-07-05,0.3,30.2,35.0,24.1
TH000048431,"NAKHON RATCHASIMA, TH",14.967,102.083,188.0,1954-07-06,1.3,27.1,32.1,24.4
TH000048431,"NAKHON RATCHASIMA, TH",14.967,102.083,188.0,1954-07-07,5.4,28.6,34.2,22.8
TH000048431,"NAKHON RATCHASIMA, TH",14.967,102.083,188.0,1954-07-08,0.0,29.2,34.5,23.2
TH000048431,"NAKHON RATCHASIMA, TH",14.967,102.083,188.0,1954-07-09,0.0,29.6,34.0,23.2
TH000048431,"NAKHON RATCHASIMA, TH",14.967,102.083,188.0,1954-07-10,0.0,30.2,36.1,23.5
TH000048431,"NAKHON RATCHASIMA, TH",14.967,102.083,188.0,1954-07-11,0.0,31.2,35.7,23.1
TH000048431,"NAKHON RATCHASIMA, TH",14.967,102.083,188.0,1954-07-12,0.3,31.3,36.2,23.5
TH000048431,"NAKHON RATCHASIMA, TH",14.967,102.083,188.0,1954-07-13,0.0,31.7,36.5,23.0
TH000048431,"NAKHON RATCHASIMA, TH",14.967,102.083,188.0,1954-07-14,0.2,30.6,35.2,23.8
TH000048431,"NAKHON RATCHASIMA, TH",14.967,102.083,188.0,1954-07-15,27.5,30.3,36.0,25.0
TH000048431,"NAKHON RATCHASIMA, TH",14.967,102.083,188.0,1954-07-16,4.4,,33.5,23.5
TH000048431,"NAKHON RATCHASIMA, TH",14.967,102.083,188.0,1954-07-17,0.0,29.2,34.8,23.5
TH000048431,"NAKHON RATCHASIMA, TH",14.967,102.083,188.0,1954-07-18,0.0,30.1,35.2,22.8
TH000048431,"NAKHON RATCHASIMA, TH",14.967,102.083,188.0,1954-07-19,0.0,30.7,35.1,23.9
TH000048431,"NAKHON RATCHASIMA, TH",14.967,102.083,188.0,1954-07-20,46.0,29.2,35.0,23.4
TH000048431,"NAKHON RATCHASIMA, TH",14.967,102.083,188.0,1954-07-21,0.0,28.4,34.0,23.0
TH000048431,"NAKHON RATCHASIMA, TH",14.967,102.083,188.0,1954-07-22,2.3,28.1,33.2,23.4
TH000048431,"NAKHON RATCHASIMA, TH",14.967,102.083,188.0,1954-07-23,2.2,29.4,34.5,22.6
TH000048431,"NAKHON RATCHASIMA, TH",14.967,102.083,188.0,1954-07-24,0.0,,34.5,24.0
TH000048431,"NAKHON RATCHASIMA, TH",14.967,102.083,188.0,1954-07-25,27.0,28.8,35.0,23.4
TH000048431,"NAKHON RATCHASIMA, TH",14.967,102.083,188.0,1954-07-26,0.5,28.2,33.8,23.0
TH000048431,"NAKHON RATCHASIMA, TH",14.967,102.083,188.0,1954-07-27,2.5,29.4,34.5,23.5
TH000048431,"NAKHON RATCHASIMA, TH",14.967,102.083,188.0,1954-07-28,0.0,29.1,34.5,22.4
TH000048431,"NAKHON RATCHASIMA, TH",14.967,102.083,188.0,1954-07-29,0.0,30.2,36.0,23.0
TH000048431,"NAKHON RATCHASIMA, TH",14.967,102.083,188.0,1954-07-30,0.4,,35.5,23.7
TH000048431,"NAKHON RATCHASIMA, TH",14.967,102.083,188.0,1954-07-31,5.3,27.1,33.3,24.3
TH000048431,"NAKHON RATCHASIMA, TH",14.967,102.083,188.0,1954-08-01,48.3,,33.0,23.5
TH000048431,"NAKHON RATCHASIMA, TH",14.967,102.083,188.0,1954-08-02,0.9,27.5,32.0,23.0
TH000048431,"NAKHON RATCHASIMA, TH",14.967,102.083,188.0,1954-08-03,0.0,29.1,34.2,23.4
TH000048431,"NAKHON RATCHASIMA, TH",14.967,102.083,188.0,1954-08-04,0.0,29.0,34.2,23.3
TH000048431,"NAKHON RATCHASIMA, TH",14.967,102.083,188.0,1954-08-05,8.6,27.7,32.4,23.5
TH000048431,"NAKHON RATCHASIMA, TH",14.967,102.083,188.0,1954-08-06,4.8,,31.0,24.2
TH000048431,"NAKHON RATCHASIMA, TH",14.967,102.083,188.0,1954-08-07,1.5,27.0,31.2,23.2
TH000048431,"NAKHON RATCHASIMA, TH",14.967,102.083,188.0,1954-08-08,0.0,27.0,30.2,23.2
TH000048431,"NAKHON RATCHASIMA, TH",14.967,102.083,188.0,1954-08-09,0.0,28.9,33.7,23.3
TH000048431,"NAKHON RATCHASIMA, TH",14.967,102.083,188.0,1954-08-10,0.0,29.0,34.0,23.2
TH000048431,"NAKHON RATCHASIMA, TH",14.967,102.083,188.0,1954-08-11,3.2,,34.5,22.5
TH000048431,"NAKHON RATCHASIMA, TH",14.967,102.083,188.0,1954-08-12,0.0,29.1,34.0,22.6
TH000048431,"NAKHON RATCHASIMA, TH",14.967,102.083,188.0,1954-08-13,0.0,30.8,33.0,23.4
TH000048431,"NAKHON RATCHASIMA, TH",14.967,102.083,188.0,1954-08-14,11.8,27.1,33.3,23.1
TH000048431,"NAKHON RATCHASIMA, TH",14.967,102.083,188.0,1954-08-15,48.4,28.6,33.5,23.5
TH000048431,"NAKHON RATCHASIMA, TH",14.967,102.083,188.0,1954-08-16,0.0,29.0,33.0,23.1
TH000048431,"NAKHON RATCHASIMA, TH",14.967,102.083,188.0,1954-08-17,0.3,,34.5,24.5
TH000048431,"NAKHON RATCHASIMA, TH",14.967,102.083,188.0,1954-08-18,0.0,29.3,33.5,23.1
TH000048431,"NAKHON RATCHASIMA, TH",14.967,102.083,188.0,1954-08-19,0.0,29.7,33.5,24.0
TH000048431,"NAKHON RATCHASIMA, TH",14.967,102.083,188.0,1954-08-20,0.0,28.6,32.2,23.5
TH000048431,"NAKHON RATCHASIMA, TH",14.967,102.083,188.0,1954-08-21,1.4,28.2,33.5,23.5
TH000048431,"NAKHON RATCHASIMA, TH",14.967,102.083,188.0,1954-08-22,0.0,29.0,33.0,23.6
TH000048431,"NAKHON RATCHASIMA, TH",14.967,102.083,188.0,1954-08-23,0.3,28.8,34.0,22.5
TH000048431,"NAKHON RATCHASIMA, TH",14.967,102.083,188.0,1954-08-24,0.0,,33.3,23.7
TH000048431,"NAKHON RATCHASIMA, TH",14.967,102.083,188.0,1954-08-25,13.5,29.4,35.5,23.5
TH000048431,"NAKHON RATCHASIMA, TH",14.967,102.083,188.0,1954-08-26,3.0,28.8,36.0,22.7
TH000048431,"NAKHON RATCHASIMA, TH",14.967,102.083,188.0,1954-08-27,24.1,27.7,33.0,24.2
TH000048431,"NAKHON RATCHASIMA, TH",14.967,102.083,188.0,1954-08-28,7.1,27.3,32.0,23.1
TH000048431,"NAKHON RATCHASIMA, TH",14.967,102.083,188.0,1954-08-29,9.5,27.1,32.5,23.1
TH000048431,"NAKHON RATCHASIMA, TH",14.967,102.083,188.0,1954-08-30,0.0,28.1,32.0,22.5
TH000048431,"NAKHON RATCHASIMA, TH",14.967,102.083,188.0,1954-08-31,0.0,,32.1,23.7
TH000048431,"NAKHON RATCHASIMA, TH",14.967,102.083,188.0,1954-09-01,1.5,27.9,32.2,26.3
TH000048431,"NAKHON RATCHASIMA, TH",14.967,102.083,188.0,1954-09-02,0.0,28.2,32.0,25.3
TH000048431,"NAKHON RATCHASIMA, TH",14.967,102.083,188.0,1954-09-03,0.0,29.6,33.5,20.2
TH000048431,"NAKHON RATCHASIMA, TH",14.967,102.083,188.0,1954-09-04,0.0,28.6,32.0,20.3
TH000048431,"NAKHON RATCHASIMA, TH",14.967,102.083,188.0,1954-09-05,0.0,27.8,31.7,26.3
TH000048431,"NAKHON RATCHASIMA, TH",14.967,102.083,188.0,1954-09-06,1.2,28.6,33.5,20.2
TH000048431,"NAKHON RATCHASIMA, TH",14.967,102.083,188.0,1954-09-07,0.0,29.4,35.0,23.2
TH000048431,"NAKHON RATCHASIMA, TH",14.967,102.083,188.0,1954-09-08,0.0,,36.1,20.3
TH000048431,"NAKHON RATCHASIMA, TH",14.967,102.083,188.0,1954-09-09,10.8,,34.2,26.3
TH000048431,"NAKHON RATCHASIMA, TH",14.967,102.083,188.0,1954-09-10,15.6,26.3,31.5,25.2
TH000048431,"NAKHON RATCHASIMA, TH",14.967,102.083,188.0,1954-09-11,1.9,27.1,32.2,24.2
TH000048431,"NAKHON RATCHASIMA, TH",14.967,102.083,188.0,1954-09-12,0.0,28.9,33.9,27.2
TH000048431,"NAKHON RATCHASIMA, TH",14.967,102.083,188.0,1954-09-13,0.0,26.9,29.8,22.3
TH000048431,"NAKHON RATCHASIMA, TH",14.967,102.083,188.0,1954-09-14,5.7,26.8,29.8,20.3
TH000048431,"NAKHON RATCHASIMA, TH",14.967,102.083,188.0,1954-09-15,5.9,23.9,26.0,20.2
TH000048431,"NAKHON RATCHASIMA, TH",14.967,102.083,188.0,1954-09-16,9.0,25.2,27.2,27.1
TH000048431,"NAKHON RATCHASIMA, TH",14.967,102.083,188.0,1954-09-17,2.0,25.8,28.7,23.2
TH000048431,"NAKHON RATCHASIMA, TH",14.967,102.083,188.0,1954-09-18,10.6,26.3,31.9,23.2
TH000048431,"NAKHON RATCHASIMA, TH",14.967,102.083,188.0,1954-09-19,3.9,25.7,29.0,25.3
TH000048431,"NAKHON RATCHASIMA, TH",14.967,102.083,188.0,1954-09-20,52.4,24.4,31.2,23.3
TH000048431,"NAKHON RATCHASIMA, TH",14.967,102.083,188.0,1954-09-21,20.9,23.7,24.8,20.2
TH000048431,"NAKHON RATCHASIMA, TH",14.967,102.083,188.0,1954-09-22,17.7,26.2,32.0,22.2
TH000048431,"NAKHON RATCHASIMA, TH",14.967,102.083,188.0,1954-09-23,13.7,26.0,28.3,27.2
TH000048431,"NAKHON RATCHASIMA, TH",14.967,102.083,188.0,1954-09-24,47.4,25.3,28.6,25.3
TH000048431,"NAKHON RATCHASIMA, TH",14.967,102.083,188.0,1954-09-25,8.0,25.6,29.1,20.3
TH000048431,"NAKHON RATCHASIMA, TH",14.967,102.083,188.0,1954-09-26,0.0,28.8,32.5,22.3
TH000048431,"NAKHON RATCHASIMA, TH",14.967,102.083,188.0,1954-09-27,0.0,27.7,31.8,20.3
TH000048431,"NAKHON RATCHASIMA, TH",14.967,102.083,188.0,1954-09-28,6.1,27.3,31.0,26.2
TH000048431,"NAKHON RATCHASIMA, TH",14.967,102.083,188.0,1954-09-29,21.2,27.3,30.8,28.2
TH000048431,"NAKHON RATCHASIMA, TH",14.967,102.083,188.0,1954-09-30,0.0,27.4,31.1,25.2
TH000048431,"NAKHON RATCHASIMA, TH",14.967,102.083,188.0,1954-10-01,28.0,28.1,32.8,22.7
TH000048431,"NAKHON RATCHASIMA, TH",14.967,102.083,188.0,1954-10-02,4.5,26.7,29.7,22.6
TH000048431,"NAKHON RATCHASIMA, TH",14.967,102.083,188.0,1954-10-03,25.1,24.2,30.5,22.5
TH000048431,"NAKHON RATCHASIMA, TH",14.967,102.083,188.0,1954-10-04,0.0,27.8,32.4,21.5
TH000048431,"NAKHON RATCHASIMA, TH",14.967,102.083,188.0,1954-10-05,0.7,28.6,32.0,21.8
TH000048431,"NAKHON RATCHASIMA, TH",14.967,102.083,188.0,1954-10-06,1.0,30.0,33.1,22.6
TH000048431,"NAKHON RATCHASIMA, TH",14.967,102.083,188.0,1954-10-07,2.0,27.1,32.4,22.5
TH000048431,"NAKHON RATCHASIMA, TH",14.967,102.083,188.0,1954-10-08,8.5,25.9,31.5,22.7
TH000048431,"NAKHON RATCHASIMA, TH",14.967,102.083,188.0,1954-10-09,0.0,27.6,31.0,23.2
TH000048431,"NAKHON RATCHASIMA, TH",14.967,102.083,188.0,1954-10-10,0.0,27.8,30.8,22.6
TH000048431,"NAKHON RATCHASIMA, TH",14.967,102.083,188.0,1954-10-11,0.0,26.0,28.6,22.8
TH000048431,"NAKHON RATCHASIMA, TH",14.967,102.083,188.0,1954-10-12,0.0,23.4,27.0,21.6
TH000048431,"NAKHON RATCHASIMA, TH",14.967,102.083,188.0,1954-10-13,0.6,25.2,27.8,21.4
TH000048431,"NAKHON RATCHASIMA, TH",14.967,102.083,188.0,1954-10-14,0.0,26.0,29.7,21.1
TH000048431,"NAKHON RATCHASIMA, TH",14.967,102.083,188.0,1954-10-15,0.0,26.1,29.5,20.5
TH000048431,"NAKHON RATCHASIMA, TH",14.967,102.083,188.0,1954-10-16,0.0,26.1,29.0,22.8
TH000048431,"NAKHON RATCHASIMA, TH",14.967,102.083,188.0,1954-10-17,0.0,26.2,29.5,21.2
TH000048431,"NAKHON RATCHASIMA, TH",14.967,102.083,188.0,1954-10-18,0.0,26.1,29.9,20.4
TH000048431,"NAKHON RATCHASIMA, TH",14.967,102.083,188.0,1954-10-19,0.0,26.4,30.1,20.5
TH000048431,"NAKHON RATCHASIMA, TH",14.967,102.083,188.0,1954-10-20,0.0,26.4,33.0,19.7
TH000048431,"NAKHON RATCHASIMA, TH",14.967,102.083,188.0,1954-10-21,0.0,25.9,30.5,21.0
TH000048431,"NAKHON RATCHASIMA, TH",14.967,102.083,188.0,1954-10-22,0.0,26.2,29.5,19.7
TH000048431,"NAKHON RATCHASIMA, TH",14.967,102.083,188.0,1954-10-23,0.0,25.7,28.8,19.4
TH000048431,"NAKHON RATCHASIMA, TH",14.967,102.083,188.0,1954-10-24,0.0,26.1,31.0,20.1
TH000048431,"NAKHON RATCHASIMA, TH",14.967,102.083,188.0,1954-10-25,0.0,25.4,30.0,18.5
TH000048431,"NAKHON RATCHASIMA, TH",14.967,102.083,188.0,1954-10-26,0.0,26.3,31.4,18.5
TH000048431,"NAKHON RATCHASIMA, TH",14.967,102.083,188.0,1954-10-27,0.0,25.9,30.1,18.0
TH000048431,"NAKHON RATCHASIMA, TH",14.967,102.083,188.0,1954-10-28,0.0,26.0,30.9,18.0
TH000048431,"NAKHON RATCHASIMA, TH",14.967,102.083,188.0,1954-10-29,0.0,27.4,32.0,18.4
TH000048431,"NAKHON RATCHASIMA, TH",14.967,102.083,188.0,1954-10-30,0.0,27.8,32.9,19.4
TH000048431,"NAKHON RATCHASIMA, TH",14.967,102.083,188.0,1954-10-31,0.0,27.3,31.1,18.6
TH000048431,"NAKHON RATCHASIMA, TH",14.967,102.083,188.0,1954-11-01,0.0,27.2,32.8,19.6
TH000048431,"NAKHON RATCHASIMA, TH",14.967,102.083,188.0,1954-11-02,0.0,27.3,31.5,20.0
TH000048431,"NAKHON RATCHASIMA, TH",14.967,102.083,188.0,1954-11-03,0.0,25.8,30.0,19.0
TH000048431,"NAKHON RATCHASIMA, TH",14.967,102.083,188.0,1954-11-04,0.0,24.4,29.5,17.0
TH000048431,"NAKHON RATCHASIMA, TH",14.967,102.083,188.0,1954-11-05,0.0,23.7,31.0,16.0
TH000048431,"NAKHON RATCHASIMA, TH",14.967,102.083,188.0,1954-11-06,0.0,23.7,29.5,14.4
TH000048431,"NAKHON RATCHASIMA, TH",14.967,102.083,188.0,1954-11-07,0.0,24.7,31.4,13.1
TH000048431,"NAKHON RATCHASIMA, TH",14.967,102.083,188.0,1954-11-08,0.0,26.0,30.8,17.1
TH000048431,"NAKHON RATCHASIMA, TH",14.967,102.083,188.0,1954-11-09,0.0,26.5,31.8,16.7
TH000048431,"NAKHON RATCHASIMA, TH",14.967,102.083,188.0,1954-11-10,0.0,27.3,33.0,18.6
TH000048431,"NAKHON RATCHASIMA, TH",14.967,102.083,188.0,1954-11-11,0.0,28.1,32.8,18.6
TH000048431,"NAKHON RATCHASIMA, TH",14.967,102.083,188.0,1954-11-12,0.0,27.9,31.4,18.3
TH000048431,"NAKHON RATCHASIMA, TH",14.967,102.083,188.0,1954-11-13,0.0,27.9,34.1,17.3
TH000048431,"NAKHON RATCHASIMA, TH",14.967,102.083,188.0,1954-11-14,0.0,27.4,33.2,18.0
TH000048431,"NAKHON RATCHASIMA, TH",14.967,102.083,188.0,1954-11-15,0.0,26.8,33.0,17.4
TH000048431,"NAKHON RATCHASIMA, TH",14.967,102.083,188.0,1954-11-16,0.0,26.7,31.2,18.2
TH000048431,"NAKHON RATCHASIMA, TH",14.967,102.083,188.0,1954-11-17,0.0,25.2,29.4,16.7
TH000048431,"NAKHON RATCHASIMA, TH",14.967,102.083,188.0,1954-11-18,0.0,24.4,28.7,18.0
TH000048431,"NAKHON RATCHASIMA, TH",14.967,102.083,188.0,1954-11-19,0.0,22.3,27.1,14.9
TH000048431,"NAKHON RATCHASIMA, TH",14.967,102.083,188.0,1954-11-20,0.0,21.7,27.3,11.4
TH000048431,"NAKHON RATCHASIMA, TH",14.967,102.083,188.0,1954-11-21,0.0,22.0,28.8,9.5
TH000048431,"NAKHON RATCHASIMA, TH",14.967,102.083,188.0,1954-11-22,0.0,23.6,29.8,11.2
TH000048431,"NAKHON RATCHASIMA, TH",14.967,102.083,188.0,1954-11-23,0.0,23.4,30.1,11.4
TH000048431,"NAKHON RATCHASIMA, TH",14.967,102.083,188.0,1954-11-24,0.0,21.6,30.7,12.7
TH000048431,"NAKHON RATCHASIMA, TH",14.967,102.083,188.0,1954-11-25,0.0,24.2,30.2,13.9
TH000048431,"NAKHON RATCHASIMA, TH",14.967,102.083,188.0,1954-11-26,0.0,24.8,29.8,12.6
TH000048431,"NAKHON RATCHASIMA, TH",14.967,102.083,188.0,1954-11-27,0.0,25.3,31.9,14.9
TH000048431,"NAKHON RATCHASIMA, TH",14.967,102.083,188.0,1954-11-28,0.0,25.0,30.2,11.2
TH000048431,"NAKHON RATCHASIMA, TH",14.967,102.083,188.0,1954-11-29,0.0,24.9,30.5,17.2
TH000048431,"NAKHON RATCHASIMA, TH",14.967,102.083,188.0,1954-11-30,0.0,24.7,30.4,15.9
TH000048431,"NAKHON RATCHASIMA, TH",14.967,102.083,188.0,1954-12-01,0.0,24.6,29.7,16.3
TH000048431,"NAKHON RATCHASIMA, TH",14.967,102.083,188.0,1954-12-02,1.3,,27.3,19.9
TH000048431,"NAKHON RATCHASIMA, TH",14.967,102.083,188.0,1954-12-03,0.0,23.3,26.7,19.4
TH000048431,"NAKHON RATCHASIMA, TH",14.967,102.083,188.0,1954-12-04,0.0,24.1,27.6,19.8
TH000048431,"NAKHON RATCHASIMA, TH",14.967,102.083,188.0,1954-12-05,0.0,26.5,29.2,17.3
TH000048431,"NAKHON RATCHASIMA, TH",14.967,102.083,188.0,1954-12-06,0.0,26.3,31.3,19.1
TH000048431,"NAKHON RATCHASIMA, TH",14.967,102.083,188.0,1954-12-07,0.0,27.7,32.6,20.0
TH000048431,"NAKHON RATCHASIMA, TH",14.967,102.083,188.0,1954-12-08,0.0,26.9,32.5,19.8
TH000048431,"NAKHON RATCHASIMA, TH",14.967,102.083,188.0,1954-12-09,0.0,23.8,29.3,19.1
TH000048431,"NAKHON RATCHASIMA, TH",14.967,102.083,188.0,1954-12-10,0.0,21.6,27.4,15.5
TH000048431,"NAKHON RATCHASIMA, TH",14.967,102.083,188.0,1954-12-11,0.0,22.9,27.4,15.4
TH000048431,"NAKHON RATCHASIMA, TH",14.967,102.083,188.0,1954-12-12,0.0,21.2,27.0,14.5
TH000048431,"NAKHON RATCHASIMA, TH",14.967,102.083,188.0,1954-12-13,0.0,20.8,26.2,13.1
TH000048431,"NAKHON RATCHASIMA, TH",14.967,102.083,188.0,1954-12-14,0.0,20.4,25.1,13.4
TH000048431,"NAKHON RATCHASIMA, TH",14.967,102.083,188.0,1954-12-15,0.0,19.2,24.4,11.1
TH000048431,"NAKHON RATCHASIMA, TH",14.967,102.083,188.0,1954-12-16,0.0,18.6,24.0,9.1
TH000048431,"NAKHON RATCHASIMA, TH",14.967,102.083,188.0,1954-12-17,0.0,17.4,25.3,6.4
TH000048431,"NAKHON RATCHASIMA, TH",14.967,102.083,188.0,1954-12-18,0.0,20.0,27.0,7.3
TH000048431,"NAKHON RATCHASIMA, TH",14.967,102.083,188.0,1954-12-19,0.0,21.3,27.8,9.0
TH000048431,"NAKHON RATCHASIMA, TH",14.967,102.083,188.0,1954-12-20,0.0,21.9,29.1,12.5
TH000048431,"NAKHON RATCHASIMA, TH",14.967,102.083,188.0,1954-12-21,0.0,23.2,29.7,12.8
TH000048431,"NAKHON RATCHASIMA, TH",14.967,102.083,188.0,1954-12-22,0.0,,29.3,11.8
TH000048431,"NAKHON RATCHASIMA, TH",14.967,102.083,188.0,1954-12-23,0.0,23.8,30.3,12.2
TH000048431,"NAKHON RATCHASIMA, TH",14.967,102.083,188.0,1954-12-24,0.0,24.8,32.0,14.0
TH000048431,"NAKHON RATCHASIMA, TH",14.967,102.083,188.0,1954-12-25,0.0,23.3,29.2,16.3
TH000048431,"NAKHON RATCHASIMA, TH",14.967,102.083,188.0,1954-12-26,0.0,23.6,31.2,17.8
TH000048431,"NAKHON RATCHASIMA, TH",14.967,102.083,188.0,1954-12-27,0.0,22.1,30.2,14.0
TH000048431,"NAKHON RATCHASIMA, TH",14.967,102.083,188.0,1954-12-28,0.0,22.5,30.5,14.0
TH000048431,"NAKHON RATCHASIMA, TH",14.967,102.083,188.0,1954-12-29,0.0,24.2,30.3,13.3
TH000048431,"NAKHON RATCHASIMA, TH",14.967,102.083,188.0,1954-12-30,0.0,22.8,30.6,15.5
TH000048431,"NAKHON RATCHASIMA, TH",14.967,102.083,188.0,1954-12-31,0.0,,29.7,18.3
TH000048431,"NAKHON RATCHASIMA, TH",14.967,102.083,188.0,1955-01-01,0.0,,31.0,15.7
TH000048431,"NAKHON RATCHASIMA, TH",14.967,102.083,188.0,1955-01-02,0.0,,28.5,19.9
TH000048431,"NAKHON RATCHASIMA, TH",14.967,102.083,188.0,1955-01-03,0.0,25.8,32.0,18.5
TH000048431,"NAKHON RATCHASIMA, TH",14.967,102.083,188.0,1955-01-04,0.0,,31.5,17.4
TH000048431,"NAKHON RATCHASIMA, TH",14.967,102.083,188.0,1955-01-05,0.0,24.2,32.1,18.0
TH000048431,"NAKHON RATCHASIMA, TH",14.967,102.083,188.0,1955-01-06,0.0,,23.7,15.1
TH000048431,"NAKHON RATCHASIMA, TH",14.967,102.083,188.0,1955-01-07,0.0,,25.5,11.1
TH000048431,"NAKHON RATCHASIMA, TH",14.967,102.083,188.0,1955-01-08,0.0,19.6,27.0,10.6
TH000048431,"NAKHON RATCHASIMA, TH",14.967,102.083,188.0,1955-01-09,0.0,21.2,28.1,11.8
TH000048431,"NAKHON RATCHASIMA, TH",14.967,102.083,188.0,1955-01-10,0.0,,24.1,10.8
TH000048431,"NAKHON RATCHASIMA, TH",14.967,102.083,188.0,1955-01-11,0.0,18.3,22.0,7.7
TH000048431,"NAKHON RATCHASIMA, TH",14.967,102.083,188.0,1955-01-12,0.0,15.7,22.0,4.9
TH000048431,"NAKHON RATCHASIMA, TH",14.967,102.083,188.0,1955-01-13,0.0,,26.0,5.9
TH000048431,"NAKHON RATCHASIMA, TH",14.967,102.083,188.0,1955-01-14,0.0,21.7,28.7,10.3
TH000048431,"NAKHON RATCHASIMA, TH",14.967,102.083,188.0,1955-01-15,0.0,23.2,28.8,14.8
TH000048431,"NAKHON RATCHASIMA, TH",14.967,102.083,188.0,1955-01-16,0.0,,25.3,14.3
TH000048431,"NAKHON RATCHASIMA, TH",14.967,102.083,188.0,1955-01-17,0.0,19.3,25.1,11.0
TH000048431,"NAKHON RATCHASIMA, TH",14.967,102.083,188.0,1955-01-18,0.0,19.0,25.6,10.7
TH000048431,"NAKHON RATCHASIMA, TH",14.967,102.083,188.0,1955-01-19,0.0,20.2,27.9,11.0
TH000048431,"NAKHON RATCHASIMA, TH",14.967,102.083,188.0,1955-01-20,0.0,,28.8,11.1
TH000048431,"NAKHON RATCHASIMA, TH",14.967,102.083,188.0,1955-01-21,0.0,,28.1,15.5
TH000048431,"NAKHON RATCHASIMA, TH",14.967,102.083,188.0,1955-01-22,0.0,,28.0,10.7
TH000048431,"NAKHON RATCHASIMA, TH",14.967,102.083,188.0,1955-01-23,0.0,20.6,30.1,9.2
TH000048431,"NAKHON RATCHASIMA, TH",14.967,102.083,188.0,1955-01-24,0.0,21.5,31.3,10.0
TH000048431,"NAKHON RATCHASIMA, TH",14.967,102.083,188.0,1955-01-25,0.0,24.7,35.0,13.9
TH000048431,"NAKHON RATCHASIMA, TH",14.967,102.083,188.0,1955-01-26,0.0,,35.0,12.7
TH000048431,"NAKHON RATCHASIMA, TH",14.967,102.083,188.0,1955-01-27,0.0,,32.1,14.0
TH000048431,"NAKHON RATCHASIMA, TH",14.967,102.083,188.0,1955-01-28,0.0,,32.1,16.7
TH000048431,"NAKHON RATCHASIMA, TH",14.967,102.083,188.0,1955-01-29,0.0,23.6,33.2,15.3
TH000048431,"NAKHON RATCHASIMA, TH",14.967,102.083,188.0,1955-01-30,0.0,24.6,32.8,16.4
TH000048431,"NAKHON RATCHASIMA, TH",14.967,102.083,188.0,1955-01-31,0.0,,34.3,14.9
TH000048431,"NAKHON RATCHASIMA, TH",14.967,102.083,188.0,1955-02-01,0.0,27.9,35.8,15.3
TH000048431,"NAKHON RATCHASIMA, TH",14.967,102.083,188.0,1955-02-02,0.0,29.4,38.0,18.5
TH000048431,"NAKHON RATCHASIMA, TH",14.967,102.083,188.0,1955-02-03,0.0,27.9,36.6,17.9
TH000048431,"NAKHON RATCHASIMA, TH",14.967,102.083,188.0,1955-02-04,0.0,29.4,35.6,20.5
TH000048431,"NAKHON RATCHASIMA, TH",14.967,102.083,188.0,1955-02-05,0.0,30.0,35.6,20.7
TH000048431,"NAKHON RATCHASIMA, TH",14.967,102.083,188.0,1955-02-06,0.0,,38.5,21.7
TH000048431,"NAKHON RATCHASIMA, TH",14.967,102.083,188.0,1955-02-07,0.0,,37.4,20.1
TH000048431,"NAKHON RATCHASIMA, TH",14.967,102.083,188.0,1955-02-08,0.0,29.8,38.0,21.0
TH000048431,"NAKHON RATCHASIMA, TH",14.967,102.083,188.0,1955-02-09,0.0,32.1,38.6,20.2
TH000048431,"NAKHON RATCHASIMA, TH",14.967,102.083,188.0,1955-02-10,0.0,,38.1,20.5
TH000048431,"NAKHON RATCHASIMA, TH",14.967,102.083,188.0,1955-02-11,18.8,,36.5,20.3
TH000048431,"NAKHON RATCHASIMA, TH",14.967,102.083,188.0,1955-02-12,0.0,22.7,24.0,21.5
TH000048431,"NAKHON RATCHASIMA, TH",14.967,102.083,188.0,1955-02-13,0.0,,31.4,20.6
TH000048431,"NAKHON RATCHASIMA, TH",14.967,102.083,188.0,1955-02-14,0.0,28.4,33.5,20.5
TH000048431,"NAKHON RATCHASIMA, TH",14.967,102.083,188.0,1955-02-15,0.0,28.6,33.1,20.3
TH000048431,"NAKHON RATCHASIMA, TH",14.967,102.083,188.0,1955-02-16,0.0,28.2,33.0,21.1
TH000048431,"NAKHON RATCHASIMA, TH",14.967,102.083,188.0,1955-02-17,0.0,,34.0,21.2
TH000048431,"NAKHON RATCHASIMA, TH",14.967,102.083,188.0,1955-02-18,0.0,,35.3,21.7
TH000048431,"NAKHON RATCHASIMA, TH",14.967,102.083,188.0,1955-02-19,0.0,29.6,34.7,21.7
TH000048431,"NAKHON RATCHASIMA, TH",14.967,102.083,188.0,1955-02-20,0.0,26.6,30.5,22.0
TH000048431,"NAKHON RATCHASIMA, TH",14.967,102.083,188.0,1955-02-21,0.0,19.6,24.6,10.6
TH000048431,"NAKHON RATCHASIMA, TH",14.967,102.083,188.0,1955-02-22,0.0,,27.0,13.5
TH000048431,"NAKHON RATCHASIMA, TH",14.967,102.083,188.0,1955-02-23,0.0,24.3,30.4,14.4
TH000048431,"NAKHON RATCHASIMA, TH",14.967,102.083,188.0,1955-02-24,0.0,23.6,34.0,14.4
TH000048431,"NAKHON RATCHASIMA, TH",14.967,102.083,188.0,1955-02-25,0.0,,36.0,19.1
TH000048431,"NAKHON RATCHASIMA, TH",14.967,102.083,188.0,1955-02-26,0.0,29.8,36.7,18.8
TH000048431,"NAKHON RATCHASIMA, TH",14.967,102.083,188.0,1955-02-27,0.0,,36.6,20.1
TH000048431,"NAKHON RATCHASIMA, TH",14.967,102.083,188.0,1955-02-28,0.0,,37.0,21.9
TH000048431,"NAKHON RATCHASIMA, TH",14.967,102.083,188.0,1955-03-01,0.0,,37.0,20.9
TH000048431,"NAKHON RATCHASIMA, TH",14.967,102.083,188.0,1955-03-02,0.1,32.1,38.1,22.0
TH000048431,"NAKHON RATCHASIMA, TH",14.967,102.083,188.0,1955-03-03,0.0,32.0,37.2,19.5
TH000048431,"NAKHON RATCHASIMA, TH",14.967,102.083,188.0,1955-03-04,0.0,31.7,38.0,19.1
TH000048431,"NAKHON RATCHASIMA, TH",14.967,102.083,188.0,1955-03-05,0.0,,37.6,20.9
TH000048431,"NAKHON RATCHASIMA, TH",14.967,102.083,188.0,1955-03-06,0.0,31.4,39.3,22.0
TH000048431,"NAKHON RATCHASIMA, TH",14.967,102.083,188.0,1955-03-07,0.0,32.2,38.0,22.3
TH000048431,"NAKHON RATCHASIMA, TH",14.967,102.083,188.0,1955-03-08,1.7,,38.3,21.1
TH000048431,"NAKHON RATCHASIMA, TH",14.967,102.083,188.0,1955-03-09,0.0,32.2,39.0,22.4
TH000048431,"NAKHON RATCHASIMA, TH",14.967,102.083,188.0,1955-03-10,0.0,28.6,33.5,24.3
TH000048431,"NAKHON RATCHASIMA, TH",14.967,102.083,188.0,1955-03-11,0.0,26.5,34.0,20.5
TH000048431,"NAKHON RATCHASIMA, TH",14.967,102.083,188.0,1955-03-12,0.0,28.9,35.0,22.5
TH000048431,"NAKHON RATCHASIMA, TH",14.967,102.083,188.0,1955-03-13,0.0,,36.0,21.5
TH000048431,"NAKHON RATCHASIMA, TH",14.967,102.083,188.0,1955-03-14,0.0,28.0,34.0,18.3
TH000048431,"NAKHON RATCHASIMA, TH",14.967,102.083,188.0,1955-03-15,0.0,,33.0,18.8
TH000048431,"NAKHON RATCHASIMA, TH",14.967,102.083,188.0,1955-03-16,0.0,28.8,36.2,19.1
TH000048431,"NAKHON RATCHASIMA, TH",14.967,102.083,188.0,1955-03-17,0.0,31.0,38.8,22.0
TH000048431,"NAKHON RATCHASIMA, TH",14.967,102.083,188.0,1955-03-18,19.3,,39.1,22.5
TH000048431,"NAKHON RATCHASIMA, TH",14.967,102.083,188.0,1955-03-19,1.7,29.3,36.8,22.6
TH000048431,"NAKHON RATCHASIMA, TH",14.967,102.083,188.0,1955-03-20,0.0,29.7,36.5,20.5
TH000048431,"NAKHON RATCHASIMA, TH",14.967,102.083,188.0,1955-03-21,0.0,31.7,37.9,21.3
TH000048431,"NAKHON RATCHASIMA, TH",14.967,102.083,188.0,1955-03-22,0.0,31.2,39.0,22.3
TH000048431,"NAKHON RATCHASIMA, TH",14.967,102.083,188.0,1955-03-23,0.0,33.0,39.5,23.2
TH000048431,"NAKHON RATCHASIMA, TH",14.967,102.083,188.0,1955-03-24,0.0,,36.5,24.5
TH000048431,"NAKHON RATCHASIMA, TH",14.967,102.083,188.0,1955-03-25,0.0,31.4,35.8,24.0
TH000048431,"NAKHON RATCHASIMA, TH",14.967,102.083,188.0,1955-03-26,0.0,29.2,36.1,23.4
TH000048431,"NAKHON RATCHASIMA, TH",14.967,102.083,188.0,1955-03-27,0.0,28.9,35.8,24.3
TH000048431,"NAKHON RATCHASIMA, TH",14.967,102.083,188.0,1955-03-28,7.9,27.2,29.1,24.5
TH000048431,"NAKHON RATCHASIMA, TH",14.967,102.083,188.0,1955-03-29,0.0,,34.1,20.8
TH000048431,"NAKHON RATCHASIMA, TH",14.967,102.083,188.0,1955-03-30,0.0,30.2,36.0,22.0
TH000048431,"NAKHON RATCHASIMA, TH",14.967,102.083,188.0,1955-03-31,0.0,,37.6,22.8
TH000048431,"NAKHON RATCHASIMA, TH",14.967,102.083,188.0,1955-04-01,0.0,32.7,38.0,22.1
TH000048431,"NAKHON RATCHASIMA, TH",14.967,102.083,188.0,1955-04-02,0.0,,39.6,22.8
TH000048431,"NAKHON RATCHASIMA, TH",14.967,102.083,188.0,1955-04-03,0.0,35.7,40.3,25.0
TH000048431,"NAKHON RATCHASIMA, TH",14.967,102.083,188.0,1955-04-04,55.4,30.7,38.6,25.5
TH000048431,"NAKHON RATCHASIMA, TH",14.967,102.083,188.0,1955-04-05,0.0,24.6,27.5,21.0
TH000048431,"NAKHON RATCHASIMA, TH",14.967,102.083,188.0,1955-04-06,0.0,,32.0,20.8
TH000048431,"NAKHON RATCHASIMA, TH",14.967,102.083,188.0,1955-04-07,0.0,29.7,35.1,22.4
TH000048431,"NAKHON RATCHASIMA, TH",14.967,102.083,188.0,1955-04-08,0.0,30.2,34.5,24.3
TH000048431,"NAKHON RATCHASIMA, TH",14.967,102.083,188.0,1955-04-09,0.0,29.1,34.0,23.0
TH000048431,"NAKHON RATCHASIMA, TH",14.967,102.083,188.0,1955-04-10,0.0,28.2,33.1,23.3
TH000048431,"NAKHON RATCHASIMA, TH",14.967,102.083,188.0,1955-04-11,0.0,31.4,37.2,22.5
TH000048431,"NAKHON RATCHASIMA, TH",14.967,102.083,188.0,1955-04-12,6.5,29.3,36.9,24.0
TH000048431,"NAKHON RATCHASIMA, TH",14.967,102.083,188.0,1955-04-13,0.0,31.0,37.0,22.5
TH000048431,"NAKHON RATCHASIMA, TH",14.967,102.083,188.0,1955-04-14,0.0,32.3,38.3,22.8
TH000048431,"NAKHON RATCHASIMA, TH",14.967,102.083,188.0,1955-04-15,0.0,32.6,38.5,23.5
TH000048431,"NAKHON RATCHASIMA, TH",14.967,102.083,188.0,1955-04-16,0.0,33.9,39.9,22.0
TH000048431,"NAKHON RATCHASIMA, TH",14.967,102.083,188.0,1955-04-17,0.0,32.9,39.5,22.2
TH000048431,"NAKHON RATCHASIMA, TH",14.967,102.083,188.0,1955-04-18,0.0,34.0,41.3,23.2
TH000048431,"NAKHON RATCHASIMA, TH",14.967,102.083,188.0,1955-04-19,0.4,31.4,36.0,26.5
TH000048431,"NAKHON RATCHASIMA, TH",14.967,102.083,188.0,1955-04-20,0.0,,34.1,22.6
TH000048431,"NAKHON RATCHASIMA, TH",14.967,102.083,188.0,1955-04-21,0.0,29.3,34.5,23.5
TH000048431,"NAKHON RATCHASIMA, TH",14.967,102.083,188.0,1955-04-22,35.3,,36.4,21.8
TH000048431,"NAKHON RATCHASIMA, TH",14.967,102.083,188.0,1955-04-23,35.0,25.8,31.8,21.5
TH000048431,"NAKHON RATCHASIMA, TH",14.967,102.083,188.0,1955-04-24,1.4,26.3,32.6,21.8
TH000048431,"NAKHON RATCHASIMA, TH",14.967,102.083,188.0,1955-04-25,6.6,25.0,27.3,23.0
TH000048431,"NAKHON RATCHASIMA, TH",14.967,102.083,188.0,1955-04-26,4.7,27.7,32.0,22.0
TH000048431,"NAKHON RATCHASIMA, TH",14.967,102.083,188.0,1955-04-27,0.0,28.2,32.5,22.4
TH000048431,"NAKHON RATCHASIMA, TH",14.967,102.083,188.0,1955-04-28,0.0,29.2,32.3,22.6
TH000048431,"NAKHON RATCHASIMA, TH",14.967,102.083,188.0,1955-04-29,0.0,28.8,35.9,23.5
TH000048431,"NAKHON RATCHASIMA, TH",14.967,102.083,188.0,1955-04-30,0.0,,31.0,23.3
TH000048431,"NAKHON RATCHASIMA, TH",14.967,102.083,188.0,1955-05-01,0.0,28.2,35.3,23.2
TH000048431,"NAKHON RATCHASIMA, TH",14.967,102.083,188.0,1955-05-02,0.0,30.8,36.4,24.1
TH000048431,"NAKHON RATCHASIMA, TH",14.967,102.083,188.0,1955-05-03,0.0,31.3,36.5,23.4
TH000048431,"NAKHON RATCHASIMA, TH",14.967,102.083,188.0,1955-05-04,0.0,28.6,32.6,22.3
TH000048431,"NAKHON RATCHASIMA, TH",14.967,102.083,188.0,1955-05-05,3.6,,36.0,21.2
TH000048431,"NAKHON RATCHASIMA, TH",14.967,102.083,188.0,1955-05-06,0.0,30.6,36.6,23.3
TH000048431,"NAKHON RATCHASIMA, TH",14.967,102.083,188.0,1955-05-07,0.9,31.2,37.3,27.2
TH000048431,"NAKHON RATCHASIMA, TH",14.967,102.083,188.0,1955-05-08,0.0,31.9,36.7,28.3
TH000048431,"NAKHON RATCHASIMA, TH",14.967,102.083,188.0,1955-05-09,0.0,,37.6,27.4
TH000048431,"NAKHON RATCHASIMA, TH",14.967,102.083,188.0,1955-05-10,0.0,31.7,38.0,22.5
TH000048431,"NAKHON RATCHASIMA, TH",14.967,102.083,188.0,1955-05-11,0.8,,36.7,21.6
TH000048431,"NAKHON RATCHASIMA, TH",14.967,102.083,188.0,1955-05-12,2.8,30.2,33.2,20.4
TH000048431,"NAKHON RATCHASIMA, TH",14.967,102.083,188.0,1955-05-13,46.9,29.2,34.3,27.2
TH000048431,"NAKHON RATCHASIMA, TH",14.967,102.083,188.0,1955-05-14,0.7,27.6,31.5,20.3
TH000048431,"NAKHON RATCHASIMA, TH",14.967,102.083,188.0,1955-05-15,19.4,28.7,33.3,27.3
TH000048431,"NAKHON RATCHASIMA, TH",14.967,102.083,188.0,1955-05-16,0.0,28.9,38.0,20.4
TH000048431,"NAKHON RATCHASIMA, TH",14.967,102.083,188.0,1955-05-17,52.1,31.0,34.2,26.4
TH000048431,"NAKHON RATCHASIMA, TH",14.967,102.083,188.0,1955-05-18,0.0,,33.2,20.2
TH000048431,"NAKHON RATCHASIMA, TH",14.967,102.083,188.0,1955-05-19,0.3,29.4,35.0,22.4
TH000048431,"NAKHON RATCHASIMA, TH",14.967,102.083,188.0,1955-05-20,0.0,29.0,34.5,25.4
TH000048431,"NAKHON RATCHASIMA, TH",14.967,102.083,188.0,1955-05-21,11.1,27.8,33.0,26.4
TH000048431,"NAKHON RATCHASIMA, TH",14.967,102.083,188.0,1955-05-22,0.0,28.8,33.0,20.3
TH000048431,"NAKHON RATCHASIMA, TH",14.967,102.083,188.0,1955-05-23,0.0,30.6,33.5,25.3
TH000048431,"NAKHON RATCHASIMA, TH",14.967,102.083,188.0,1955-05-24,0.0,30.0,34.0,20.3
TH000048431,"NAKHON RATCHASIMA, TH",14.967,102.083,188.0,1955-05-25,0.0,29.4,34.5,23.3
TH000048431,"NAKHON RATCHASIMA, TH",14.967,102.083,188.0,1955-05-26,0.0,,34.5,26.3
TH000048431,"NAKHON RATCHASIMA, TH",14.967,102.083,188.0,1955-05-27,0.0,30.2,34.3,20.5
TH000048431,"NAKHON RATCHASIMA, TH",14.967,102.083,188.0,1955-05-28,0.0,29.1,33.7,25.3
TH000048431,"NAKHON RATCHASIMA, TH",14.967,102.083,188.0,1955-05-29,0.0,30.1,34.5,20.3
TH000048431,"NAKHON RATCHASIMA, TH",14.967,102.083,188.0,1955-05-30,0.0,29.4,34.2,24.3
TH000048431,"NAKHON RATCHASIMA, TH",14.967,102.083,188.0,1955-05-31,8.0,29.0,34.5,22.4
TH000048431,"NAKHON RATCHASIMA, TH",14.967,102.083,188.0,1955-06-01,4.8,,33.0,24.0
TH000048431,"NAKHON RATCHASIMA, TH",14.967,102.083,188.0,1955-06-02,5.2,28.2,32.0,23.0
TH000048431,"NAKHON RATCHASIMA, TH",14.967,102.083,188.0,1955-06-03,24.8,27.2,36.0,22.8
TH000048431,"NAKHON RATCHASIMA, TH",14.967,102.083,188.0,1955-06-04,8.4,28.1,30.5,22.5
TH000048431,"NAKHON RATCHASIMA, TH",14.967,102.083,188.0,1955-06-05,0.0,28.0,34.6,23.6
TH000048431,"NAKHON RATCHASIMA, TH",14.967,102.083,188.0,1955-06-06,7.3,,33.0,24.5
TH000048431,"NAKHON RATCHASIMA, TH",14.967,102.083,188.0,1955-06-07,1.5,27.8,32.7,23.0
TH000048431,"NAKHON RATCHASIMA, TH",14.967,102.083,188.0,1955-06-08,0.6,,32.2,23.4
TH000048431,"NAKHON RATCHASIMA, TH",14.967,102.083,188.0,1955-06-09,0.0,,32.7,23.5
TH000048431,"NAKHON RATCHASIMA, TH",14.967,102.083,188.0,1955-06-10,0.0,,36.0,23.1
TH000048431,"NAKHON RATCHASIMA, TH",14.967,102.083,188.0,1955-06-11,0.6,28.7,34.6,23.7
TH000048431,"NAKHON RATCHASIMA, TH",14.967,102.083,188.0,1955-06-12,4.0,30.1,33.0,23.6
TH000048431,"NAKHON RATCHASIMA, TH",14.967,102.083,188.0,1955-06-13,0.0,,34.2,22.6
TH000048431,"NAKHON RATCHASIMA, TH",14.967,102.083,188.0,1955-06-14,7.7,27.9,32.5,23.3
TH000048431,"NAKHON RATCHASIMA, TH",14.967,102.083,188.0,1955-06-15,0.0,29.7,33.5,24.2
TH000048431,"NAKHON RATCHASIMA, TH",14.967,102.083,188.0,1955-06-16,7.5,,32.4,24.0
TH000048431,"NAKHON RATCHASIMA, TH",14.967,102.083,188.0,1955-06-17,2.8,28.9,33.5,23.1
TH000048431,"NAKHON RATCHASIMA, TH",14.967,102.083,188.0,1955-06-18,28.0,29.3,33.8,23.7
TH000048431,"NAKHON RATCHASIMA, TH",14.967,102.083,188.0,1955-06-19,15.5,29.8,33.8,23.6
TH000048431,"NAKHON RATCHASIMA, TH",14.967,102.083,188.0,1955-06-20,3.6,28.7,32.4,22.5
TH000048431,"NAKHON RATCHASIMA, TH",14.967,102.083,188.0,1955-06-21,1.0,29.0,32.2,23.7
TH000048431,"NAKHON RATCHASIMA, TH",14.967,102.083,188.0,1955-06-22,0.0,,33.2,22.5
TH000048431,"NAKHON RATCHASIMA, TH",14.967,102.083,188.0,1955-06-23,15.6,29.4,33.5,22.3
TH000048431,"NAKHON RATCHASIMA, TH",14.967,102.083,188.0,1955-06-24,33.3,29.0,32.7,22.8
TH000048431,"NAKHON RATCHASIMA, TH",14.967,102.083,188.0,1955-06-25,0.1,28.1,31.2,22.3
TH000048431,"NAKHON RATCHASIMA, TH",14.967,102.083,188.0,1955-06-26,0.0,28.3,31.0,22.2
TH000048431,"NAKHON RATCHASIMA, TH",14.967,102.083,188.0,1955-06-27,0.4,,30.3,24.3
TH000048431,"NAKHON RATCHASIMA, TH",14.967,102.083,188.0,1955-06-28,0.0,26.6,31.6,23.5
TH000048431,"NAKHON RATCHASIMA, TH",14.967,102.083,188.0,1955-06-29,69.3,28.2,30.9,23.7
TH000048431,"NAKHON RATCHASIMA, TH",14.967,102.083,188.0,1955-06-30,0.0,28.0,32.0,22.5
TH000048431,"NAKHON RATCHASIMA, TH",14.967,102.083,188.0,1955-07-01,0.0,,34.2,22.4
TH000048431,"NAKHON RATCHASIMA, TH",14.967,102.083,188.0,1955-07-02,0.0,30.2,34.0,23.0
TH000048431,"NAKHON RATCHASIMA, TH",14.967,102.083,188.0,1955-07-03,0.0,29.4,32.1,23.7
TH000048431,"NAKHON RATCHASIMA, TH",14.967,102.083,188.0,1955-07-04,0.0,,33.0,22.7
TH000048431,"NAKHON RATCHASIMA, TH",14.967,102.083,188.0,1955-07-05,52.3,29.4,33.0,23.3
TH000048431,"NAKHON RATCHASIMA, TH",14.967,102.083,188.0,1955-07-06,0.0,29.2,32.5,21.4
TH000048431,"NAKHON RATCHASIMA, TH",14.967,102.083,188.0,1955-07-07,0.6,30.4,34.0,22.7
TH000048431,"NAKHON RATCHASIMA, TH",14.967,102.083,188.0,1955-07-08,14.6,26.6,34.0,22.6
TH000048431,"NAKHON RATCHASIMA, TH",14.967,102.083,188.0,1955-07-09,0.2,28.1,32.2,22.3
TH000048431,"NAKHON RATCHASIMA, TH",14.967,102.083,188.0,1955-07-10,0.4,30.4,32.5,22.6
TH000048431,"NAKHON RATCHASIMA, TH",14.967,102.083,188.0,1955-07-11,0.4,,33.0,22.8
TH000048431,"NAKHON RATCHASIMA, TH",14.967,102.083,188.0,1955-07-12,0.0,,32.5,24.0
TH000048431,"NAKHON RATCHASIMA, TH",14.967,102.083,188.0,1955-07-13,0.0,30.2,33.1,23.3
TH000048431,"NAKHON RATCHASIMA, TH",14.967,102.083,188.0,1955-07-14,1.2,29.8,33.0,24.0
TH000048431,"NAKHON RATCHASIMA, TH",14.967,102.083,188.0,1955-07-15,1.7,28.1,31.7,24.1
TH000048431,"NAKHON RATCHASIMA, TH",14.967,102.083,188.0,1955-07-16,17.5,28.8,31.8,24.1
TH000048431,"NAKHON RATCHASIMA, TH",14.967,102.083,188.0,1955-07-17,0.0,27.9,32.4,22.7
TH000048431,"NAKHON RATCHASIMA, TH",14.967,102.083,188.0,1955-07-18,0.0,,32.5,23.0
TH000048431,"NAKHON RATCHASIMA, TH",14.967,102.083,188.0,1955-07-19,0.0,30.0,33.5,24.5
TH000048431,"NAKHON RATCHASIMA, TH",14.967,102.083,188.0,1955-07-20,0.0,,33.5,24.8
TH000048431,"NAKHON RATCHASIMA, TH",14.967,102.083,188.0,1955-07-21,2.5,29.3,33.1,23.1
TH000048431,"NAKHON RATCHASIMA, TH",14.967,102.083,188.0,1955-07-22,4.0,28.3,32.3,22.1
TH000048431,"NAKHON RATCHASIMA, TH",14.967,102.083,188.0,1955-07-23,0.0,30.4,34.1,23.1
TH000048431,"NAKHON RATCHASIMA, TH",14.967,102.083,188.0,1955-07-24,0.2,28.2,33.9,23.0
TH000048431,"NAKHON RATCHASIMA, TH",14.967,102.083,188.0,1955-07-25,0.0,29.1,34.8,22.6
TH000048431,"NAKHON RATCHASIMA, TH",14.967,102.083,188.0,1955-07-26,0.2,27.8,34.2,24.1
TH000048431,"NAKHON RATCHASIMA, TH",14.967,102.083,188.0,1955-07-27,8.0,28.3,33.5,21.6
TH000048431,"NAKHON RATCHASIMA, TH",14.967,102.083,188.0,1955-07-28,0.0,29.1,34.0,21.3
TH000048431,"NAKHON RATCHASIMA, TH",14.967,102.083,188.0,1955-07-29,2.3,28.5,34.6,22.7
TH000048431,"NAKHON RATCHASIMA, TH",14.967,102.083,188.0,1955-07-30,3.1,28.5,33.0,23.3
TH000048431,"NAKHON RATCHASIMA, TH",14.967,102.083,188.0,1955-07-31,12.5,26.2,31.8,21.6
TH000048431,"NAKHON RATCHASIMA, TH",14.967,102.083,188.0,1955-08-01,0.0,,31.5,21.8
TH000048431,"NAKHON RATCHASIMA, TH",14.967,102.083,188.0,1955-08-02,0.0,,33.2,23.3
TH000048431,"NAKHON RATCHASIMA, TH",14.967,102.083,188.0,1955-08-03,7.3,29.0,33.5,23.6
TH000048431,"NAKHON RATCHASIMA, TH",14.967,102.083,188.0,1955-08-04,3.2,28.8,33.0,22.5
TH000048431,"NAKHON RATCHASIMA, TH",14.967,102.083,188.0,1955-08-05,0.0,28.6,33.9,22.1
TH000048431,"NAKHON RATCHASIMA, TH",14.967,102.083,188.0,1955-08-06,0.2,,32.3,23.3
TH000048431,"NAKHON RATCHASIMA, TH",14.967,102.083,188.0,1955-08-07,8.8,,33.0,21.8
TH000048431,"NAKHON RATCHASIMA, TH",14.967,102.083,188.0,1955-08-08,0.0,28.3,31.9,23.2
TH000048431,"NAKHON RATCHASIMA, TH",14.967,102.083,188.0,1955-08-09,0.9,27.4,31.8,23.6
TH000048431,"NAKHON RATCHASIMA, TH",14.967,102.083,188.0,1955-08-10,3.5,27.1,32.2,23.0
TH000048431,"NAKHON RATCHASIMA, TH",14.967,102.083,188.0,1955-08-11,2.9,29.9,33.4,22.8
TH000048431,"NAKHON RATCHASIMA, TH",14.967,102.083,188.0,1955-08-12,0.7,31.0,34.5,23.2
TH000048431,"NAKHON RATCHASIMA, TH",14.967,102.083,188.0,1955-08-13,0.0,29.2,34.6,22.9
TH000048431,"NAKHON RATCHASIMA, TH",14.967,102.083,188.0,1955-08-14,0.0,29.4,33.9,23.3
TH000048431,"NAKHON RATCHASIMA, TH",14.967,102.083,188.0,1955-08-15,7.3,29.2,34.2,23.5
TH000048431,"NAKHON RATCHASIMA, TH",14.967,102.083,188.0,1955-08-16,4.8,,31.1,22.9
TH000048431,"NAKHON RATCHASIMA, TH",14.967,102.083,188.0,1955-08-17,0.0,28.0,32.0,23.5
TH000048431,"NAKHON RATCHASIMA, TH",14.967,102.083,188.0,1955-08-18,0.6,,31.5,23.7
TH000048431,"NAKHON RATCHASIMA, TH",14.967,102.083,188.0,1955-08-19,1.8,27.0,33.2,21.9
TH000048431,"NAKHON RATCHASIMA, TH",14.967,102.083,188.0,1955-08-20,7.0,27.4,33.1,23.0
TH000048431,"NAKHON RATCHASIMA, TH",14.967,102.083,188.0,1955-08-21,0.9,29.1,33.6,23.1
TH000048431,"NAKHON RATCHASIMA, TH",14.967,102.083,188.0,1955-08-22,4.3,29.2,33.6,23.7
TH000048431,"NAKHON RATCHASIMA, TH",14.967,102.083,188.0,1955-08-23,0.0,,32.4,22.3
TH000048431,"NAKHON RATCHASIMA, TH",14.967,102.083,188.0,1955-08-24,2.2,28.2,34.2,21.9
TH000048431,"NAKHON RATCHASIMA, TH",14.967,102.083,188.0,1955-08-25,0.0,,33.0,21.5
TH000048431,"NAKHON RATCHASIMA, TH",14.967,102.083,188.0,1955-08-26,0.0,,33.2,22.6
TH000048431,"NAKHON RATCHASIMA, TH",14.967,102.083,188.0,1955-08-27,0.6,29.0,32.3,23.0
TH000048431,"NAKHON RATCHASIMA, TH",14.967,102.083,188.0,1955-08-28,1.0,29.0,32.2,23.4
TH000048431,"NAKHON RATCHASIMA, TH",14.967,102.083,188.0,1955-08-29,0.6,29.0,33.0,23.1
TH000048431,"NAKHON RATCHASIMA, TH",14.967,102.083,188.0,1955-08-30,0.0,,31.6,22.3
TH000048431,"NAKHON RATCHASIMA, TH",14.967,102.083,188.0,1955-08-31,0.0,,33.5,21.7
TH000048431,"NAKHON RATCHASIMA, TH",14.967,102.083,188.0,1955-09-01,0.0,,33.7,21.1
TH000048431,"NAKHON RATCHASIMA, TH",14.967,102.083,188.0,1955-09-02,3.0,28.9,34.8,28.2
TH000048431,"NAKHON RATCHASIMA, TH",14.967,102.083,188.0,1955-09-03,0.0,28.5,32.3,27.2
TH000048431,"NAKHON RATCHASIMA, TH",14.967,102.083,188.0,1955-09-04,0.3,27.9,31.7,20.3
TH000048431,"NAKHON RATCHASIMA, TH",14.967,102.083,188.0,1955-09-05,17.8,,30.3,28.3
TH000048431,"NAKHON RATCHASIMA, TH",14.967,102.083,188.0,1955-09-06,5.8,28.3,31.0,25.2
TH000048431,"NAKHON RATCHASIMA, TH",14.967,102.083,188.0,1955-09-07,0.0,28.3,32.5,26.2
TH000048431,"NAKHON RATCHASIMA, TH",14.967,102.083,188.0,1955-09-08,10.7,26.5,32.0,27.2
TH000048431,"NAKHON RATCHASIMA, TH",14.967,102.083,188.0,1955-09-09,6.4,27.3,31.0,23.3
TH000048431,"NAKHON RATCHASIMA, TH",14.967,102.083,188.0,1955-09-10,0.5,28.3,33.0,21.3
TH000048431,"NAKHON RATCHASIMA, TH",14.967,102.083,188.0,1955-09-11,2.4,28.3,34.0,20.3
TH000048431,"NAKHON RATCHASIMA, TH",14.967,102.083,188.0,1955-09-12,20.4,,33.5,27.2
TH000048431,"NAKHON RATCHASIMA, TH",14.967,102.083,188.0,1955-09-13,0.0,,34.0,23.2
TH000048431,"NAKHON RATCHASIMA, TH",14.967,102.083,188.0,1955-09-14,0.0,27.9,33.7,24.2
TH000048431,"NAKHON RATCHASIMA, TH",14.967,102.083,188.0,1955-09-15,59.7,27.2,34.0,22.3
TH000048431,"NAKHON RATCHASIMA, TH",14.967,102.083,188.0,1955-09-16,0.0,27.7,31.7,26.1
TH000048431,"NAKHON RATCHASIMA, TH",14.967,102.083,188.0,1955-09-17,0.0,30.7,34.1,20.2
TH000048431,"NAKHON RATCHASIMA, TH",14.967,102.083,188.0,1955-09-18,61.6,28.8,33.8,27.2
TH000048431,"NAKHON RATCHASIMA, TH",14.967,102.083,188.0,1955-09-19,0.0,27.3,31.0,21.1
TH000048431,"NAKHON RATCHASIMA, TH",14.967,102.083,188.0,1955-09-20,0.5,28.1,31.6,20.2
TH000048431,"NAKHON RATCHASIMA, TH",14.967,102.083,188.0,1955-09-21,11.4,27.2,32.5,27.3
TH000048431,"NAKHON RATCHASIMA, TH",14.967,102.083,188.0,1955-09-22,29.9,26.0,29.6,21.3
TH000048431,"NAKHON RATCHASIMA, TH",14.967,102.083,188.0,1955-09-23,25.8,,29.0,25.2
TH000048431,"NAKHON RATCHASIMA, TH",14.967,102.083,188.0,1955-09-24,16.8,25.6,32.1,21.2
TH000048431,"NAKHON RATCHASIMA, TH",14.967,102.083,188.0,1955-09-25,0.0,27.8,31.0,21.2
TH000048431,"NAKHON RATCHASIMA, TH",14.967,102.083,188.0,1955-09-26,0.0,28.7,31.6,26.2
TH000048431,"NAKHON RATCHASIMA, TH",14.967,102.083,188.0,1955-09-27,17.7,,31.0,21.2
TH000048431,"NAKHON RATCHASIMA, TH",14.967,102.083,188.0,1955-09-28,7.6,27.0,32.4,29.2
TH000048431,"NAKHON RATCHASIMA, TH",14.967,102.083,188.0,1955-09-29,8.5,26.1,31.0,20.2
TH000048431,"NAKHON RATCHASIMA, TH",14.967,102.083,188.0,1955-09-30,0.0,27.7,31.7,26.2
TH000048431,"NAKHON RATCHASIMA, TH",14.967,102.083,188.0,1955-10-01,0.0,29.9,33.0,23.0
TH000048431,"NAKHON RATCHASIMA, TH",14.967,102.083,188.0,1955-10-02,0.5,,31.8,23.5
TH000048431,"NAKHON RATCHASIMA, TH",14.967,102.083,188.0,1955-10-03,32.9,28.3,32.4,22.0
TH000048431,"NAKHON RATCHASIMA, TH",14.967,102.083,188.0,1955-10-04,0.0,27.1,30.7,21.6
TH000048431,"NAKHON RATCHASIMA, TH",14.967,102.083,188.0,1955-10-05,0.0,27.6,31.0,21.7
TH000048431,"NAKHON RATCHASIMA, TH",14.967,102.083,188.0,1955-10-06,0.0,27.0,31.5,18.1
TH000048431,"NAKHON RATCHASIMA, TH",14.967,102.083,188.0,1955-10-07,0.0,26.8,30.0,21.5
TH000048431,"NAKHON RATCHASIMA, TH",14.967,102.083,188.0,1955-10-08,1.2,27.5,30.8,22.9
TH000048431,"NAKHON RATCHASIMA, TH",14.967,102.083,188.0,1955-10-09,0.5,,28.5,21.3
TH000048431,"NAKHON RATCHASIMA, TH",14.967,102.083,188.0,1955-10-10,0.0,27.8,28.8,22.7
TH000048431,"NAKHON RATCHASIMA, TH",14.967,102.083,188.0,1955-10-11,0.0,,29.5,21.7
TH000048431,"NAKHON RATCHASIMA, TH",14.967,102.083,188.0,1955-10-12,0.0,25.8,28.7,20.8
TH000048431,"NAKHON RATCHASIMA, TH",14.967,102.083,188.0,1955-10-13,0.0,25.7,30.0,20.7
TH000048431,"NAKHON RATCHASIMA, TH",14.967,102.083,188.0,1955-10-14,0.0,,30.5,21.5
TH000048431,"NAKHON RATCHASIMA, TH",14.967,102.083,188.0,1955-10-15,0.0,28.3,30.6,18.8
TH000048431,"NAKHON RATCHASIMA, TH",14.967,102.083,188.0,1955-10-16,0.0,27.4,31.6,20.1
TH000048431,"NAKHON RATCHASIMA, TH",14.967,102.083,188.0,1955-10-17,19.5,,30.1,21.7
TH000048431,"NAKHON RATCHASIMA, TH",14.967,102.083,188.0,1955-10-18,2.4,26.0,29.5,22.1
TH000048431,"NAKHON RATCHASIMA, TH",14.967,102.083,188.0,1955-10-19,0.5,,29.7,22.1
TH000048431,"NAKHON RATCHASIMA, TH",14.967,102.083,188.0,1955-10-20,0.0,,29.4,20.1
TH000048431,"NAKHON RATCHASIMA, TH",14.967,102.083,188.0,1955-10-21,0.0,24.7,28.0,20.1
TH000048431,"NAKHON RATCHASIMA, TH",14.967,102.083,188.0,1955-10-22,0.0,,29.5,20.0
TH000048431,"NAKHON RATCHASIMA, TH",14.967,102.083,188.0,1955-10-23,0.0,26.0,30.0,19.5
TH000048431,"NAKHON RATCHASIMA, TH",14.967,102.083,188.0,1955-10-24,0.0,26.9,29.8,21.7
TH000048431,"NAKHON RATCHASIMA, TH",14.967,102.083,188.0,1955-10-25,0.0,27.2,31.5,21.8
TH000048431,"NAKHON RATCHASIMA, TH",14.967,102.083,188.0,1955-10-26,0.0,27.5,31.8,20.5
TH000048431,"NAKHON RATCHASIMA, TH",14.967,102.083,188.0,1955-10-27,0.0,28.4,33.2,20.8
TH000048431,"NAKHON RATCHASIMA, TH",14.967,102.083,188.0,1955-10-28,0.0,,31.6,19.5
TH000048431,"NAKHON RATCHASIMA, TH",14.967,102.083,188.0,1955-10-29,0.0,28.6,33.5,20.5
TH000048431,"NAKHON RATCHASIMA, TH",14.967,102.083,188.0,1955-10-30,0.0,,32.2,22.2
TH000048431,"NAKHON RATCHASIMA, TH",14.967,102.083,188.0,1955-10-31,0.0,26.8,31.5,19.8
TH000048431,"NAKHON RATCHASIMA, TH",14.967,102.083,188.0,1955-11-01,0.0,26.9,31.0,19.7
TH000048431,"NAKHON RATCHASIMA, TH",14.967,102.083,188.0,1955-11-02,20.1,26.7,31.8,23.5
TH000048431,"NAKHON RATCHASIMA, TH",14.967,102.083,188.0,1955-11-03,1.3,,27.6,21.1
TH000048431,"NAKHON RATCHASIMA, TH",14.967,102.083,188.0,1955-11-04,0.0,24.6,28.0,19.5
TH000048431,"NAKHON RATCHASIMA, TH",14.967,102.083,188.0,1955-11-05,0.0,24.0,29.5,17.6
TH000048431,"NAKHON RATCHASIMA, TH",14.967,102.083,188.0,1955-11-06,0.0,,30.3,20.2
TH000048431,"NAKHON RATCHASIMA, TH",14.967,102.083,188.0,1955-11-07,5.4,,30.1,22.1
TH000048431,"NAKHON RATCHASIMA, TH",14.967,102.083,188.0,1955-11-08,12.0,,28.0,19.5
TH000048431,"NAKHON RATCHASIMA, TH",14.967,102.083,188.0,1955-11-09,108.6,24.7,28.4,21.4
TH000048431,"NAKHON RATCHASIMA, TH",14.967,102.083,188.0,1955-11-10,25.1,,28.5,21.4
TH000048431,"NAKHON RATCHASIMA, TH",14.967,102.083,188.0,1955-11-11,0.0,24.6,28.0,20.1
TH000048431,"NAKHON RATCHASIMA, TH",14.967,102.083,188.0,1955-11-12,0.0,23.6,27.3,18.8
TH000048431,"NAKHON RATCHASIMA, TH",14.967,102.083,188.0,1955-11-13,0.0,24.0,28.5,18.3
TH000048431,"NAKHON RATCHASIMA, TH",14.967,102.083,188.0,1955-11-14,0.0,23.2,29.2,18.1
TH000048431,"NAKHON RATCHASIMA, TH",14.967,102.083,188.0,1955-11-15,0.0,,30.3,19.1
TH000048431,"NAKHON RATCHASIMA, TH",14.967,102.083,188.0,1955-11-16,0.0,26.7,28.6,23.6
TH000048431,"NAKHON RATCHASIMA, TH",14.967,102.083,188.0,1955-11-17,1.8,22.8,26.3,19.8
TH000048431,"NAKHON RATCHASIMA, TH",14.967,102.083,188.0,1955-11-18,0.0,23.5,29.8,19.5
TH000048431,"NAKHON RATCHASIMA, TH",14.967,102.083,188.0,1955-11-19,0.0,25.4,29.4,18.5
TH000048431,"NAKHON RATCHASIMA, TH",14.967,102.083,188.0,1955-11-20,0.0,,29.4,20.8
TH000048431,"NAKHON RATCHASIMA, TH",14.967,102.083,188.0,1955-11-21,0.0,22.2,27.2,17.1
TH000048431,"NAKHON RATCHASIMA, TH",14.967,102.083,188.0,1955-11-22,0.0,,27.0,14.3
TH000048431,"NAKHON RATCHASIMA, TH",14.967,102.083,188.0,1955-11-23,0.0,,25.1,12.8
TH000048431,"NAKHON RATCHASIMA, TH",14.967,102.083,188.0,1955-11-24,0.0,,27.0,12.6
TH000048431,"NAKHON RATCHASIMA, TH",14.967,102.083,188.0,1955-11-25,0.0,23.8,29.0,14.6
TH000048431,"NAKHON RATCHASIMA, TH",14.967,102.083,188.0,1955-11-26,0.0,22.9,28.4,16.8
TH000048431,"NAKHON RATCHASIMA, TH",14.967,102.083,188.0,1955-11-27,0.0,23.8,28.8,15.8
TH000048431,"NAKHON RATCHASIMA, TH",14.967,102.083,188.0,1955-11-28,0.0,22.8,28.0,14.5
TH000048431,"NAKHON RATCHASIMA, TH",14.967,102.083,188.0,1955-11-29,0.0,20.7,27.0,11.2
TH000048431,"NAKHON RATCHASIMA, TH",14.967,102.083,188.0,1955-11-30,0.0,20.3,24.9,10.3
TH000048431,"NAKHON RATCHASIMA, TH",14.967,102.083,188.0,1955-12-01,0.0,19.1,24.3,8.5
TH000048431,"NAKHON RATCHASIMA, TH",14.967,102.083,188.0,1955-12-02,0.0,16.7,24.0,9.0
TH000048431,"NAKHON RATCHASIMA, TH",14.967,102.083,188.0,1955-12-03,0.0,16.9,24.1,7.7
TH000048431,"NAKHON RATCHASIMA, TH",14.967,102.083,188.0,1955-12-04,0.0,,25.2,8.1
TH000048431,"NAKHON RATCHASIMA, TH",14.967,102.083,188.0,1955-12-05,0.0,20.2,26.9,9.3
TH000048431,"NAKHON RATCHASIMA, TH",14.967,102.083,188.0,1955-12-06,0.0,,28.5,12.1
TH000048431,"NAKHON RATCHASIMA, TH",14.967,102.083,188.0,1955-12-07,0.0,23.3,29.0,15.2
TH000048431,"NAKHON RATCHASIMA, TH",14.967,102.083,188.0,1955-12-08,0.0,,27.5,13.4
TH000048431,"NAKHON RATCHASIMA, TH",14.967,102.083,188.0,1955-12-09,0.0,21.0,27.8,13.1
TH000048431,"NAKHON RATCHASIMA, TH",14.967,102.083,188.0,1955-12-10,0.0,,29.6,13.8
TH000048431,"NAKHON RATCHASIMA, TH",14.967,102.083,188.0,1955-12-11,0.0,24.1,28.5,14.6
TH000048431,"NAKHON RATCHASIMA, TH",14.967,102.083,188.0,1955-12-12,0.0,22.9,29.4,14.3
TH000048431,"NAKHON RATCHASIMA, TH",14.967,102.083,188.0,1955-12-13,0.0,23.1,29.0,14.5
TH000048431,"NAKHON RATCHASIMA, TH",14.967,102.083,188.0,1955-12-14,0.0,,28.9,12.5
TH000048431,"NAKHON RATCHASIMA, TH",14.967,102.083,188.0,1955-12-15,0.0,,29.8,12.5
TH000048431,"NAKHON RATCHASIMA, TH",14.967,102.083,188.0,1955-12-16,0.0,20.8,30.0,12.5
TH000048431,"NAKHON RATCHASIMA, TH",14.967,102.083,188.0,1955-12-17,0.0,23.8,28.1,14.5
TH000048431,"NAKHON RATCHASIMA, TH",14.967,102.083,188.0,1955-12-18,0.0,25.2,30.0,14.3
TH000048431,"NAKHON RATCHASIMA, TH",14.967,102.083,188.0,1955-12-19,0.5,25.6,32.0,17.2
TH000048431,"NAKHON RATCHASIMA, TH",14.967,102.083,188.0,1955-12-20,0.0,26.9,32.2,18.8
TH000048431,"NAKHON RATCHASIMA, TH",14.967,102.083,188.0,1955-12-21,0.0,25.8,32.0,17.3
TH000048431,"NAKHON RATCHASIMA, TH",14.967,102.083,188.0,1955-12-22,0.0,25.0,30.5,19.4
TH000048431,"NAKHON RATCHASIMA, TH",14.967,102.083,188.0,1955-12-23,0.0,,30.0,14.4
TH000048431,"NAKHON RATCHASIMA, TH",14.967,102.083,188.0,1955-12-24,0.0,24.1,30.2,13.5
TH000048431,"NAKHON RATCHASIMA, TH",14.967,102.083,188.0,1955-12-25,0.0,26.7,30.4,12.8
TH000048431,"NAKHON RATCHASIMA, TH",14.967,102.083,188.0,1955-12-26,0.0,,31.0,12.5
TH000048431,"NAKHON RATCHASIMA, TH",14.967,102.083,188.0,1955-12-27,0.0,,30.4,13.2
TH000048431,"NAKHON RATCHASIMA, TH",14.967,102.083,188.0,1955-12-28,0.0,,29.4,14.1
TH000048431,"NAKHON RATCHASIMA, TH",14.967,102.083,188.0,1955-12-29,0.0,23.4,30.0,14.0
TH000048431,"NAKHON RATCHASIMA, TH",14.967,102.083,188.0,1955-12-30,0.0,25.4,32.0,14.2
TH000048431,"NAKHON RATCHASIMA, TH",14.967,102.083,188.0,1955-12-31,0.0,26.3,33.6,16.5
TH000048431,"NAKHON RATCHASIMA, TH",14.967,102.083,188.0,1956-01-01,0.0,28.5,35.0,17.0
TH000048431,"NAKHON RATCHASIMA, TH",14.967,102.083,188.0,1956-01-02,0.0,31.0,35.0,19.4
TH000048431,"NAKHON RATCHASIMA, TH",14.967,102.083,188.0,1956-01-03,0.0,29.8,32.4,19.3
TH000048431,"NAKHON RATCHASIMA, TH",14.967,102.083,188.0,1956-01-04,0.0,26.8,32.7,19.9
TH000048431,"NAKHON RATCHASIMA, TH",14.967,102.083,188.0,1956-01-05,0.0,26.4,33.8,19.0
TH000048431,"NAKHON RATCHASIMA, TH",14.967,102.083,188.0,1956-01-06,0.0,28.6,34.9,19.0
TH000048431,"NAKHON RATCHASIMA, TH",14.967,102.083,188.0,1956-01-07,0.0,28.3,34.2,18.8
TH000048431,"NAKHON RATCHASIMA, TH",14.967,102.083,188.0,1956-01-08,0.0,23.5,29.0,18.7
TH000048431,"NAKHON RATCHASIMA, TH",14.967,102.083,188.0,1956-01-09,0.0,,26.0,13.7
TH000048431,"NAKHON RATCHASIMA, TH",14.967,102.083,188.0,1956-01-10,0.0,20.8,25.6,11.2
TH000048431,"NAKHON RATCHASIMA, TH",14.967,102.083,188.0,1956-01-11,0.0,19.6,26.5,11.3
TH000048431,"NAKHON RATCHASIMA, TH",14.967,102.083,188.0,1956-01-12,0.0,21.4,28.7,9.3
TH000048431,"NAKHON RATCHASIMA, TH",14.967,102.083,188.0,1956-01-13,0.0,21.7,28.0,10.4
TH000048431,"NAKHON RATCHASIMA, TH",14.967,102.083,188.0,1956-01-14,0.0,21.7,26.5,11.0
TH000048431,"NAKHON RATCHASIMA, TH",14.967,102.083,188.0,1956-01-15,0.0,,26.7,9.6
TH000048431,"NAKHON RATCHASIMA, TH",14.967,102.083,188.0,1956-01-16,0.0,19.6,26.6,9.5
TH000048431,"NAKHON RATCHASIMA, TH",14.967,102.083,188.0,1956-01-17,0.0,18.7,29.0,8.5
TH000048431,"NAKHON RATCHASIMA, TH",14.967,102.083,188.0,1956-01-18,0.0,23.1,30.6,10.7
TH000048431,"NAKHON RATCHASIMA, TH",14.967,102.083,188.0,1956-01-19,0.0,24.1,32.0,9.6
TH000048431,"NAKHON RATCHASIMA, TH",14.967,102.083,188.0,1956-01-20,0.0,25.0,32.4,12.3
TH000048431,"NAKHON RATCHASIMA, TH",14.967,102.083,188.0,1956-01-21,0.0,26.2,33.0,14.5
TH000048431,"NAKHON RATCHASIMA, TH",14.967,102.083,188.0,1956-01-22,0.0,26.1,33.6,13.8
TH000048431,"NAKHON RATCHASIMA, TH",14.967,102.083,188.0,1956-01-23,0.0,25.2,30.9,16.2
TH000048431,"NAKHON RATCHASIMA, TH",14.967,102.083,188.0,1956-01-24,0.0,23.2,27.7,15.7
TH000048431,"NAKHON RATCHASIMA, TH",14.967,102.083,188.0,1956-01-25,0.0,23.5,29.5,13.8
TH000048431,"NAKHON RATCHASIMA, TH",14.967,102.083,188.0,1956-01-26,0.0,22.5,29.5,15.0
TH000048431,"NAKHON RATCHASIMA, TH",14.967,102.083,188.0,1956-01-27,0.0,21.1,27.7,13.1
TH000048431,"NAKHON RATCHASIMA, TH",14.967,102.083,188.0,1956-01-28,0.0,21.4,29.6,11.3
TH000048431,"NAKHON RATCHASIMA, TH",14.967,102.083,188.0,1956-01-29,0.0,21.2,28.0,11.2
TH000048431,"NAKHON RATCHASIMA, TH",14.967,102.083,188.0,1956-01-30,0.0,,31.2,10.6
TH000048431,"NAKHON RATCHASIMA, TH",14.967,102.083,188.0,1956-01-31,0.0,25.9,33.0,12.8
TH000048431,"NAKHON RATCHASIMA, TH",14.967,102.083,188.0,1956-02-01,0.0,26.4,33.8,14.8
TH000048431,"NAKHON RATCHASIMA, TH",14.967,102.083,188.0,1956-02-02,0.0,28.8,33.0,15.1
TH000048431,"NAKHON RATCHASIMA, TH",14.967,102.083,188.0,1956-02-03,0.0,28.3,35.1,18.1
TH000048431,"NAKHON RATCHASIMA, TH",14.967,102.083,188.0,1956-02-04,0.0,27.5,35.7,17.3
TH000048431,"NAKHON RATCHASIMA, TH",14.967,102.083,188.0,1956-02-05,0.0,28.3,36.0,17.2
TH000048431,"NAKHON RATCHASIMA, TH",14.967,102.083,188.0,1956-02-06,0.0,29.6,35.3,20.6
TH000048431,"NAKHON RATCHASIMA, TH",14.967,102.083,188.0,1956-02-07,0.0,,35.1,20.3
TH000048431,"NAKHON RATCHASIMA, TH",14.967,102.083,188.0,1956-02-08,0.0,28.3,35.6,23.5
TH000048431,"NAKHON RATCHASIMA, TH",14.967,102.083,188.0,1956-02-09,0.0,27.1,33.1,22.9
TH000048431,"NAKHON RATCHASIMA, TH",14.967,102.083,188.0,1956-02-10,0.0,,33.5,20.6
TH000048431,"NAKHON RATCHASIMA, TH",14.967,102.083,188.0,1956-02-11,0.0,28.6,34.6,21.0
TH000048431,"NAKHON RATCHASIMA, TH",14.967,102.083,188.0,1956-02-12,0.0,,32.5,18.6
TH000048431,"NAKHON RATCHASIMA, TH",14.967,102.083,188.0,1956-02-13,0.0,28.4,34.0,19.1
TH000048431,"NAKHON RATCHASIMA, TH",14.967,102.083,188.0,1956-02-14,0.0,26.7,34.3,16.4
TH000048431,"NAKHON RATCHASIMA, TH",14.967,102.083,188.0,1956-02-15,0.0,,36.0,18.0
TH000048431,"NAKHON RATCHASIMA, TH",14.967,102.083,188.0,1956-02-16,0.0,29.2,36.0,18.2
TH000048431,"NAKHON RATCHASIMA, TH",14.967,102.083,188.0,1956-02-17,0.0,27.6,35.9,17.5
TH000048431,"NAKHON RATCHASIMA, TH",14.967,102.083,188.0,1956-02-18,0.0,29.8,36.4,18.6
TH000048431,"NAKHON RATCHASIMA, TH",14.967,102.083,188.0,1956-02-19,3.8,29.4,34.4,21.5
TH000048431,"NAKHON RATCHASIMA, TH",14.967,102.083,188.0,1956-02-20,0.0,28.6,33.5,23.2
TH000048431,"NAKHON RATCHASIMA, TH",14.967,102.083,188.0,1956-02-21,0.0,30.2,34.8,22.0
TH000048431,"NAKHON RATCHASIMA, TH",14.967,102.083,188.0,1956-02-22,12.7,29.2,34.5,22.9
TH000048431,"NAKHON RATCHASIMA, TH",14.967,102.083,188.0,1956-02-23,0.1,,31.0,22.4
TH000048431,"NAKHON RATCHASIMA, TH",14.967,102.083,188.0,1956-02-24,0.0,31.1,35.2,21.9
TH000048431,"NAKHON RATCHASIMA, TH",14.967,102.083,188.0,1956-02-25,0.0,30.8,36.7,23.0
TH000048431,"NAKHON RATCHASIMA, TH",14.967,102.083,188.0,1956-02-26,0.0,30.2,35.1,22.3
TH000048431,"NAKHON RATCHASIMA, TH",14.967,102.083,188.0,1956-02-27,1.6,29.8,37.2,21.0
TH000048431,"NAKHON RATCHASIMA, TH",14.967,102.083,188.0,1956-02-28,0.0,29.7,36.2,22.1
TH000048431,"NAKHON RATCHASIMA, TH",14.967,102.083,188.0,1956-02-29,0.0,27.8,31.9,22.6
TH000048431,"NAKHON RATCHASIMA, TH",14.967,102.083,188.0,1956-03-01,0.0,30.4,34.0,21.0
TH000048431,"NAKHON RATCHASIMA, TH",14.967,102.083,188.0,1956-03-02,0.0,30.6,36.4,21.8
TH000048431,"NAKHON RATCHASIMA, TH",14.967,102.083,188.0,1956-03-03,0.0,31.4,37.0,24.1
TH000048431,"NAKHON RATCHASIMA, TH",14.967,102.083,188.0,1956-03-04,0.0,29.2,36.0,21.7
TH000048431,"NAKHON RATCHASIMA, TH",14.967,102.083,188.0,1956-03-05,0.0,30.7,36.3,21.0
TH000048431,"NAKHON RATCHASIMA, TH",14.967,102.083,188.0,1956-03-06,0.0,32.5,36.6,20.6
TH000048431,"NAKHON RATCHASIMA, TH",14.967,102.083,188.0,1956-03-07,2.3,28.8,34.1,22.1
TH000048431,"NAKHON RATCHASIMA, TH",14.967,102.083,188.0,1956-03-08,0.0,28.7,34.5,21.0
TH000048431,"NAKHON RATCHASIMA, TH",14.967,102.083,188.0,1956-03-09,6.8,29.8,37.0,20.1
TH000048431,"NAKHON RATCHASIMA, TH",14.967,102.083,188.0,1956-03-10,0.0,,32.7,20.1
TH000048431,"NAKHON RATCHASIMA, TH",14.967,102.083,188.0,1956-03-11,0.0,28.1,33.0,22.0
TH000048431,"NAKHON RATCHASIMA, TH",14.967,102.083,188.0,1956-03-12,0.0,26.4,30.6,18.7
TH000048431,"NAKHON RATCHASIMA, TH",14.967,102.083,188.0,1956-03-13,0.0,29.3,34.5,18.4
TH000048431,"NAKHON RATCHASIMA, TH",14.967,102.083,188.0,1956-03-14,0.0,30.8,37.5,21.2
TH000048431,"NAKHON RATCHASIMA, TH",14.967,102.083,188.0,1956-03-15,0.0,31.9,38.0,22.5
TH000048431,"NAKHON RATCHASIMA, TH",14.967,102.083,188.0,1956-03-16,0.0,32.6,37.5,23.6
TH000048431,"NAKHON RATCHASIMA, TH",14.967,102.083,188.0,1956-03-17,0.0,32.5,39.5,23.5
TH000048431,"NAKHON RATCHASIMA, TH",14.967,102.083,188.0,1956-03-18,0.0,,39.0,24.1
TH000048431,"NAKHON RATCHASIMA, TH",14.967,102.083,188.0,1956-03-19,0.0,,39.0,24.5
TH000048431,"NAKHON RATCHASIMA, TH",14.967,102.083,188.0,1956-03-20,2.6,,39.0,24.0
TH000048431,"NAKHON RATCHASIMA, TH",14.967,102.083,188.0,1956-03-21,0.0,33.9,36.7,22.5
TH000048431,"NAKHON RATCHASIMA, TH",14.967,102.083,188.0,1956-03-22,0.0,,39.0,23.8
TH000048431,"NAKHON RATCHASIMA, TH",14.967,102.083,188.0,1956-03-23,4.1,35.2,39.3,22.6
TH000048431,"NAKHON RATCHASIMA, TH",14.967,102.083,188.0,1956-03-24,0.0,32.9,39.4,23.5
TH000048431,"NAKHON RATCHASIMA, TH",14.967,102.083,188.0,1956-03-25,0.0,35.8,40.2,24.2
TH000048431,"NAKHON RATCHASIMA, TH",14.967,102.083,188.0,1956-03-26,22.6,34.2,40.0,22.5
TH000048431,"NAKHON RATCHASIMA, TH",14.967,102.083,188.0,1956-03-27,0.0,32.2,36.0,24.5
TH000048431,"NAKHON RATCHASIMA, TH",14.967,102.083,188.0,1956-03-28,0.0,31.8,37.5,23.0
TH000048431,"NAKHON RATCHASIMA, TH",14.967,102.083,188.0,1956-03-29,1.3,30.7,37.2,22.9
TH000048431,"NAKHON RATCHASIMA, TH",14.967,102.083,188.0,1956-03-30,26.2,30.4,39.0,21.5
TH000048431,"NAKHON RATCHASIMA, TH",14.967,102.083,188.0,1956-03-31,17.6,,33.3,23.0
TH000048431,"NAKHON RATCHASIMA, TH",14.967,102.083,188.0,1956-04-01,4.4,,33.5,21.5
TH000048431,"NAKHON RATCHASIMA, TH",14.967,102.083,188.0,1956-04-02,4.0,25.7,30.9,21.6
TH000048431,"NAKHON RATCHASIMA, TH",14.967,102.083,188.0,1956-04-03,0.0,26.9,32.0,22.4
TH000048431,"NAKHON RATCHASIMA, TH",14.967,102.083,188.0,1956-04-04,0.4,27.8,32.8,23.6
TH000048431,"NAKHON RATCHASIMA, TH",14.967,102.083,188.0,1956-04-05,0.0,29.6,34.5,21.5
TH000048431,"NAKHON RATCHASIMA, TH",14.967,102.083,188.0,1956-04-06,0.0,29.7,35.2,24.5
TH000048431,"NAKHON RATCHASIMA, TH",14.967,102.083,188.0,1956-04-07,0.0,29.4,36.0,23.3
TH000048431,"NAKHON RATCHASIMA, TH",14.967,102.083,188.0,1956-04-08,7.0,30.4,36.8,23.3
TH000048431,"NAKHON RATCHASIMA, TH",14.967,102.083,188.0,1956-04-09,0.0,30.0,35.3,23.1
TH000048431,"NAKHON RATCHASIMA, TH",14.967,102.083,188.0,1956-04-10,0.0,32.6,37.2,24.0
TH000048431,"NAKHON RATCHASIMA, TH",14.967,102.083,188.0,1956-04-11,0.0,31.9,37.5,24.9
TH000048431,"NAKHON RATCHASIMA, TH",14.967,102.083,188.0,1956-04-12,0.0,30.8,35.8,23.1
TH000048431,"NAKHON RATCHASIMA, TH",14.967,102.083,188.0,1956-04-13,1.0,28.1,36.0,23.9
TH000048431,"NAKHON RATCHASIMA, TH",14.967,102.083,188.0,1956-04-14,0.0,30.6,34.7,23.5
TH000048431,"NAKHON RATCHASIMA, TH",14.967,102.083,188.0,1956-04-15,0.0,,35.0,24.0
TH000048431,"NAKHON RATCHASIMA, TH",14.967,102.083,188.0,1956-04-16,5.6,30.2,37.7,24.0
TH000048431,"NAKHON RATCHASIMA, TH",14.967,102.083,188.0,1956-04-17,0.0,32.2,37.0,24.0
TH000048431,"NAKHON RATCHASIMA, TH",14.967,102.083,188.0,1956-04-18,0.0,31.4,37.9,24.0
TH000048431,"NAKHON RATCHASIMA, TH",14.967,102.083,188.0,1956-04-19,0.0,30.0,38.0,24.5
TH000048431,"NAKHON RATCHASIMA, TH",14.967,102.083,188.0,1956-04-20,27.0,31.4,38.1,24.9
TH000048431,"NAKHON RATCHASIMA, TH",14.967,102.083,188.0,1956-04-21,0.2,28.3,33.4,22.5
TH000048431,"NAKHON RATCHASIMA, TH",14.967,102.083,188.0,1956-04-22,9.8,24.7,28.5,23.0
TH000048431,"NAKHON RATCHASIMA, TH",14.967,102.083,188.0,1956-04-23,1.8,28.4,32.9,22.0
TH000048431,"NAKHON RATCHASIMA, TH",14.967,102.083,188.0,1956-04-24,9.8,29.1,35.2,22.8
TH000048431,"NAKHON RATCHASIMA, TH",14.967,102.083,188.0,1956-04-25,0.0,,35.0,23.5
TH000048431,"NAKHON RATCHASIMA, TH",14.967,102.083,188.0,1956-04-26,0.0,31.0,35.9,23.5
TH000048431,"NAKHON RATCHASIMA, TH",14.967,102.083,188.0,1956-04-27,0.0,,35.0,23.7
TH000048431,"NAKHON RATCHASIMA, TH",14.967,102.083,188.0,1956-04-28,0.0,30.6,36.0,23.3
TH000048431,"NAKHON RATCHASIMA, TH",14.967,102.083,188.0,1956-04-29,3.0,30.9,37.1,23.5
TH000048431,"NAKHON RATCHASIMA, TH",14.967,102.083,188.0,1956-04-30,29.6,26.5,32.8,23.4
TH000048431,"NAKHON RATCHASIMA, TH",14.967,102.083,188.0,1956-05-01,0.5,27.1,32.0,24.3
TH000048431,"NAKHON RATCHASIMA, TH",14.967,102.083,188.0,1956-05-02,40.1,,33.2,21.3
TH000048431,"NAKHON RATCHASIMA, TH",14.967,102.083,188.0,1956-05-03,0.0,,31.7,25.3
TH000048431,"NAKHON RATCHASIMA, TH",14.967,102.083,188.0,1956-05-04,30.6,29.1,33.5,24.4
TH000048431,"NAKHON RATCHASIMA, TH",14.967,102.083,188.0,1956-05-05,0.4,28.5,33.0,27.3
TH000048431,"NAKHON RATCHASIMA, TH",14.967,102.083,188.0,1956-05-06,0.0,,33.7,20.4
TH000048431,"NAKHON RATCHASIMA, TH",14.967,102.083,188.0,1956-05-07,0.0,30.2,34.2,29.3
TH000048431,"NAKHON RATCHASIMA, TH",14.967,102.083,188.0,1956-05-08,6.9,,35.6,24.3
TH000048431,"NAKHON RATCHASIMA, TH",14.967,102.083,188.0,1956-05-09,0.0,,34.0,20.4
TH000048431,"NAKHON RATCHASIMA, TH",14.967,102.083,188.0,1956-05-10,2.0,27.8,32.3,25.4
TH000048431,"NAKHON RATCHASIMA, TH",14.967,102.083,188.0,1956-05-11,1.5,27.5,32.3,25.3
TH000048431,"NAKHON RATCHASIMA, TH",14.967,102.083,188.0,1956-05-12,23.3,28.2,32.2,20.3
TH000048431,"NAKHON RATCHASIMA, TH",14.967,102.083,188.0,1956-05-13,0.4,28.8,32.3,27.3
TH000048431,"NAKHON RATCHASIMA, TH",14.967,102.083,188.0,1956-05-14,0.4,28.0,32.0,20.4
TH000048431,"NAKHON RATCHASIMA, TH",14.967,102.083,188.0,1956-05-15,5.2,,34.0,24.4
TH000048431,"NAKHON RATCHASIMA, TH",14.967,102.083,188.0,1956-05-16,0.0,29.0,32.6,24.4
TH000048431,"NAKHON RATCHASIMA, TH",14.967,102.083,188.0,1956-05-17,0.0,27.9,32.5,25.4
TH000048431,"NAKHON RATCHASIMA, TH",14.967,102.083,188.0,1956-05-18,4.5,28.5,33.0,22.4
TH000048431,"NAKHON RATCHASIMA, TH",14.967,102.083,188.0,1956-05-19,0.5,29.7,33.5,26.2
TH000048431,"NAKHON RATCHASIMA, TH",14.967,102.083,188.0,1956-05-20,3.6,30.1,32.3,26.3
TH000048431,"NAKHON RATCHASIMA, TH",14.967,102.083,188.0,1956-05-21,0.6,,33.5,29.3
TH000048431,"NAKHON RATCHASIMA, TH",14.967,102.083,188.0,1956-05-22,0.0,30.4,35.0,20.3
TH000048431,"NAKHON RATCHASIMA, TH",14.967,102.083,188.0,1956-05-23,0.0,30.6,35.0,21.3
TH000048431,"NAKHON RATCHASIMA, TH",14.967,102.083,188.0,1956-05-24,0.0,,35.3,21.3
TH000048431,"NAKHON RATCHASIMA, TH",14.967,102.083,188.0,1956-05-25,0.0,,34.5,29.2
TH000048431,"NAKHON RATCHASIMA, TH",14.967,102.083,188.0,1956-05-26,0.0,29.4,34.2,25.3
TH000048431,"NAKHON RATCHASIMA, TH",14.967,102.083,188.0,1956-05-27,28.5,27.7,32.3,21.4
TH000048431,"NAKHON RATCHASIMA, TH",14.967,102.083,188.0,1956-05-28,0.0,,33.5,22.3
TH000048431,"NAKHON RATCHASIMA, TH",14.967,102.083,188.0,1956-05-29,0.0,28.1,33.6,21.3
TH000048431,"NAKHON RATCHASIMA, TH",14.967,102.083,188.0,1956-05-30,0.0,30.6,35.2,24.3
TH000048431,"NAKHON RATCHASIMA, TH",14.967,102.083,188.0,1956-05-31,1.3,,34.2,20.4
TH000048431,"NAKHON RATCHASIMA, TH",14.967,102.083,188.0,1956-06-01,0.0,,33.7,23.6
TH000048431,"NAKHON RATCHASIMA, TH",14.967,102.083,188.0,1956-06-02,13.5,,34.9,23.1
TH000048431,"NAKHON RATCHASIMA, TH",14.967,102.083,188.0,1956-06-03,0.0,,34.7,24.0
TH000048431,"NAKHON RATCHASIMA, TH",14.967,102.083,188.0,1956-06-04,0.0,32.8,35.5,23.9
TH000048431,"NAKHON RATCHASIMA, TH",14.967,102.083,188.0,1956-06-05,0.0,,30.7,24.6
TH000048431,"NAKHON RATCHASIMA, TH",14.967,102.083,188.0,1956-06-06,0.0,28.2,30.5,24.9
TH000048431,"NAKHON RATCHASIMA, TH",14.967,102.083,188.0,1956-06-07,0.0,,31.5,24.0
TH000048431,"NAKHON RATCHASIMA, TH",14.967,102.083,188.0,1956-06-08,18.7,,33.0,23.6
TH000048431,"NAKHON RATCHASIMA, TH",14.967,102.083,188.0,1956-06-09,0.0,,33.5,22.5
TH000048431,"NAKHON RATCHASIMA, TH",14.967,102.083,188.0,1956-06-10,3.4,,35.0,22.8
TH000048431,"NAKHON RATCHASIMA, TH",14.967,102.083,188.0,1956-06-11,0.0,,34.3,22.6
TH000048431,"NAKHON RATCHASIMA, TH",14.967,102.083,188.0,1956-06-12,0.0,,36.0,22.5
TH000048431,"NAKHON RATCHASIMA, TH",14.967,102.083,188.0,1956-06-13,0.0,28.0,34.7,24.0
TH000048431,"NAKHON RATCHASIMA, TH",14.967,102.083,188.0,1956-06-14,0.0,,32.8,23.4
TH000048431,"NAKHON RATCHASIMA, TH",14.967,102.083,188.0,1956-06-15,0.0,31.3,36.0,23.0
TH000048431,"NAKHON RATCHASIMA, TH",14.967,102.083,188.0,1956-06-16,6.1,31.4,36.3,24.2
TH000048431,"NAKHON RATCHASIMA, TH",14.967,102.083,188.0,1956-06-17,0.0,31.5,33.8,24.5
TH000048431,"NAKHON RATCHASIMA, TH",14.967,102.083,188.0,1956-06-18,1.5,28.3,33.7,23.2
TH000048431,"NAKHON RATCHASIMA, TH",14.967,102.083,188.0,1956-06-19,0.0,31.5,35.6,22.8
TH000048431,"NAKHON RATCHASIMA, TH",14.967,102.083,188.0,1956-06-20,3.2,27.0,31.8,24.0
TH000048431,"NAKHON RATCHASIMA, TH",14.967,102.083,188.0,1956-06-21,1.5,,31.0,22.8
TH000048431,"NAKHON RATCHASIMA, TH",14.967,102.083,188.0,1956-06-22,1.0,25.8,29.3,22.4
TH000048431,"NAKHON RATCHASIMA, TH",14.967,102.083,188.0,1956-06-23,0.0,,36.0,22.5
TH000048431,"NAKHON RATCHASIMA, TH",14.967,102.083,188.0,1956-06-24,67.1,28.4,34.6,22.4
TH000048431,"NAKHON RATCHASIMA, TH",14.967,102.083,188.0,1956-06-25,1.0,,34.2,24.5
TH000048431,"NAKHON RATCHASIMA, TH",14.967,102.083,188.0,1956-06-26,0.0,30.0,34.9,22.6
TH000048431,"NAKHON RATCHASIMA, TH",14.967,102.083,188.0,1956-06-27,0.0,,34.6,23.0
TH000048431,"NAKHON RATCHASIMA, TH",14.967,102.083,188.0,1956-06-28,6.4,28.7,34.0,23.4
TH000048431,"NAKHON RATCHASIMA, TH",14.967,102.083,188.0,1956-06-29,18.5,,32.5,23.4
TH000048431,"NAKHON RATCHASIMA, TH",14.967,102.083,188.0,1956-06-30,14.8,26.4,31.0,22.7
TH000048431,"NAKHON RATCHASIMA, TH",14.967,102.083,188.0,1956-07-01,0.0,29.3,32.5,22.8
TH000048431,"NAKHON RATCHASIMA, TH",14.967,102.083,188.0,1956-07-02,61.2,29.8,33.1,23.2
TH000048431,"NAKHON RATCHASIMA, TH",14.967,102.083,188.0,1956-07-03,13.7,27.8,32.0,22.0
TH000048431,"NAKHON RATCHASIMA, TH",14.967,102.083,188.0,1956-07-04,2.1,25.6,28.3,22.8
TH000048431,"NAKHON RATCHASIMA, TH",14.967,102.083,188.0,1956-07-05,6.4,27.9,32.0,22.3
TH000048431,"NAKHON RATCHASIMA, TH",14.967,102.083,188.0,1956-07-06,0.0,30.3,32.7,22.6
TH000048431,"NAKHON RATCHASIMA, TH",14.967,102.083,188.0,1956-07-07,0.0,28.2,32.5,24.0
TH000048431,"NAKHON RATCHASIMA, TH",14.967,102.083,188.0,1956-07-08,0.0,27.9,31.7,23.8
TH000048431,"NAKHON RATCHASIMA, TH",14.967,102.083,188.0,1956-07-09,0.2,,31.5,22.1
TH000048431,"NAKHON RATCHASIMA, TH",14.967,102.083,188.0,1956-07-10,16.9,,32.1,22.0
TH000048431,"NAKHON RATCHASIMA, TH",14.967,102.083,188.0,1956-07-11,0.6,,33.8,22.0
TH000048431,"NAKHON RATCHASIMA, TH",14.967,102.083,188.0,1956-07-12,0.0,31.0,35.3,23.3
TH000048431,"NAKHON RATCHASIMA, TH",14.967,102.083,188.0,1956-07-13,4.6,29.6,34.6,24.0
TH000048431,"NAKHON RATCHASIMA, TH",14.967,102.083,188.0,1956-07-14,0.0,30.0,34.2,24.4
TH000048431,"NAKHON RATCHASIMA, TH",14.967,102.083,188.0,1956-07-15,21.7,28.2,34.0,23.9
TH000048431,"NAKHON RATCHASIMA, TH",14.967,102.083,188.0,1956-07-16,14.5,,32.2,23.3
TH000048431,"NAKHON RATCHASIMA, TH",14.967,102.083,188.0,1956-07-17,14.6,27.0,32.0,23.5
TH000048431,"NAKHON RATCHASIMA, TH",14.967,102.083,188.0,1956-07-18,1.3,,31.6,21.7
TH000048431,"NAKHON RATCHASIMA, TH",14.967,102.083,188.0,1956-07-19,35.3,26.9,31.7,23.3
TH000048431,"NAKHON RATCHASIMA, TH",14.967,102.083,188.0,1956-07-20,0.0,27.8,32.4,22.4
TH000048431,"NAKHON RATCHASIMA, TH",14.967,102.083,188.0,1956-07-21,47.1,28.9,32.5,23.2
TH000048431,"NAKHON RATCHASIMA, TH",14.967,102.083,188.0,1956-07-22,0.4,28.6,32.3,21.4
TH000048431,"NAKHON RATCHASIMA, TH",14.967,102.083,188.0,1956-07-23,9.4,,33.0,22.8
TH000048431,"NAKHON RATCHASIMA, TH",14.967,102.083,188.0,1956-07-24,3.9,28.5,32.5,22.0
TH000048431,"NAKHON RATCHASIMA, TH",14.967,102.083,188.0,1956-07-25,0.0,27.5,33.0,22.6
TH000048431,"NAKHON RATCHASIMA, TH",14.967,102.083,188.0,1956-07-26,9.2,,34.2,23.0
TH000048431,"NAKHON RATCHASIMA, TH",14.967,102.083,188.0,1956-07-27,0.1,28.7,32.5,22.9
TH000048431,"NAKHON RATCHASIMA, TH",14.967,102.083,188.0,1956-07-28,0.0,27.8,31.2,21.8
TH000048431,"NAKHON RATCHASIMA, TH",14.967,102.083,188.0,1956-07-29,0.0,28.1,32.0,21.6
TH000048431,"NAKHON RATCHASIMA, TH",14.967,102.083,188.0,1956-07-30,0.0,,32.2,22.6
TH000048431,"NAKHON RATCHASIMA, TH",14.967,102.083,188.0,1956-07-31,0.0,29.3,32.8,22.3
TH000048431,"NAKHON RATCHASIMA, TH",14.967,102.083,188.0,1956-08-01,2.2,,32.1,23.4
TH000048431,"NAKHON RATCHASIMA, TH",14.967,102.083,188.0,1956-08-02,0.0,,31.8,22.8
TH000048431,"NAKHON RATCHASIMA, TH",14.967,102.083,188.0,1956-08-03,0.0,27.5,30.8,24.0
TH000048431,"NAKHON RATCHASIMA, TH",14.967,102.083,188.0,1956-08-04,32.0,,31.0,23.8
TH000048431,"NAKHON RATCHASIMA, TH",14.967,102.083,188.0,1956-08-05,12.8,,24.7,22.3
TH000048431,"NAKHON RATCHASIMA, TH",14.967,102.083,188.0,1956-08-06,3.3,26.7,30.0,22.1
TH000048431,"NAKHON RATCHASIMA, TH",14.967,102.083,188.0,1956-08-07,0.0,27.9,32.4,23.1
TH000048431,"NAKHON RATCHASIMA, TH",14.967,102.083,188.0,1956-08-08,0.0,28.3,32.4,22.5
TH000048431,"NAKHON RATCHASIMA, TH",14.967,102.083,188.0,1956-08-09,12.2,,33.1,23.7
TH000048431,"NAKHON RATCHASIMA, TH",14.967,102.083,188.0,1956-08-10,0.0,,32.0,22.5
TH000048431,"NAKHON RATCHASIMA, TH",14.967,102.083,188.0,1956-08-11,0.0,,33.0,24.0
TH000048431,"NAKHON RATCHASIMA, TH",14.967,102.083,188.0,1956-08-12,3.7,27.2,30.0,23.0
TH000048431,"NAKHON RATCHASIMA, TH",14.967,102.083,188.0,1956-08-13,0.0,26.6,29.0,23.2
TH000048431,"NAKHON RATCHASIMA, TH",14.967,102.083,188.0,1956-08-14,1.5,27.2,32.1,22.6
TH000048431,"NAKHON RATCHASIMA, TH",14.967,102.083,188.0,1956-08-15,0.4,,32.0,23.3
TH000048431,"NAKHON RATCHASIMA, TH",14.967,102.083,188.0,1956-08-16,0.0,,33.4,23.2
TH000048431,"NAKHON RATCHASIMA, TH",14.967,102.083,188.0,1956-08-17,0.0,27.5,32.0,23.5
TH000048431,"NAKHON RATCHASIMA, TH",14.967,102.083,188.0,1956-08-18,1.4,27.2,30.6,23.5
TH000048431,"NAKHON RATCHASIMA, TH",14.967,102.083,188.0,1956-08-19,4.1,26.8,32.3,22.2
TH000048431,"NAKHON RATCHASIMA, TH",14.967,102.083,188.0,1956-08-20,4.0,27.4,32.0,22.3
TH000048431,"NAKHON RATCHASIMA, TH",14.967,102.083,188.0,1956-08-21,4.1,29.7,33.2,21.5
TH000048431,"NAKHON RATCHASIMA, TH",14.967,102.083,188.0,1956-08-22,0.5,28.4,33.6,21.7
TH000048431,"NAKHON RATCHASIMA, TH",14.967,102.083,188.0,1956-08-23,11.1,,35.0,22.0
TH000048431,"NAKHON RATCHASIMA, TH",14.967,102.083,188.0,1956-08-24,0.4,27.7,34.8,22.2
TH000048431,"NAKHON RATCHASIMA, TH",14.967,102.083,188.0,1956-08-25,0.0,29.2,33.4,23.8
TH000048431,"NAKHON RATCHASIMA, TH",14.967,102.083,188.0,1956-08-26,0.0,27.3,32.8,22.9
TH000048431,"NAKHON RATCHASIMA, TH",14.967,102.083,188.0,1956-08-27,32.4,28.5,34.0,23.0
TH000048431,"NAKHON RATCHASIMA, TH",14.967,102.083,188.0,1956-08-28,4.9,27.5,32.7,20.5
TH000048431,"NAKHON RATCHASIMA, TH",14.967,102.083,188.0,1956-08-29,27.6,26.4,31.5,23.5
TH000048431,"NAKHON RATCHASIMA, TH",14.967,102.083,188.0,1956-08-30,0.0,28.7,32.4,22.1
TH000048431,"NAKHON RATCHASIMA, TH",14.967,102.083,188.0,1956-08-31,1.1,,31.5,22.8
TH000048431,"NAKHON RATCHASIMA, TH",14.967,102.083,188.0,1956-09-01,1.2,,29.4,25.3
TH000048431,"NAKHON RATCHASIMA, TH",14.967,102.083,188.0,1956-09-02,0.0,,31.5,20.3
TH000048431,"NAKHON RATCHASIMA, TH",14.967,102.083,188.0,1956-09-03,0.0,28.8,32.6,29.1
TH000048431,"NAKHON RATCHASIMA, TH",14.967,102.083,188.0,1956-09-04,0.0,30.7,34.0,27.1
TH000048431,"NAKHON RATCHASIMA, TH",14.967,102.083,188.0,1956-09-05,0.0,29.9,34.3,26.3
TH000048431,"NAKHON RATCHASIMA, TH",14.967,102.083,188.0,1956-09-06,13.6,26.7,29.0,20.4
TH000048431,"NAKHON RATCHASIMA, TH",14.967,102.083,188.0,1956-09-07,11.7,26.2,30.0,27.1
TH000048431,"NAKHON RATCHASIMA, TH",14.967,102.083,188.0,1956-09-08,3.8,25.0,27.0,20.2
TH000048431,"NAKHON RATCHASIMA, TH",14.967,102.083,188.0,1956-09-09,0.0,26.9,30.0,25.1
TH000048431,"NAKHON RATCHASIMA, TH",14.967,102.083,188.0,1956-09-10,21.9,,32.0,20.3
TH000048431,"NAKHON RATCHASIMA, TH",14.967,102.083,188.0,1956-09-11,1.0,28.1,32.2,20.2
TH000048431,"NAKHON RATCHASIMA, TH",14.967,102.083,188.0,1956-09-12,13.1,26.7,32.2,28.2
TH000048431,"NAKHON RATCHASIMA, TH",14.967,102.083,188.0,1956-09-13,4.8,26.8,34.1,26.3
TH000048431,"NAKHON RATCHASIMA, TH",14.967,102.083,188.0,1956-09-14,17.4,26.9,33.0,20.3
TH000048431,"NAKHON RATCHASIMA, TH",14.967,102.083,188.0,1956-09-15,10.4,27.9,32.2,25.1
TH000048431,"NAKHON RATCHASIMA, TH",14.967,102.083,188.0,1956-09-16,6.4,,31.0,20.1
TH000048431,"NAKHON RATCHASIMA, TH",14.967,102.083,188.0,1956-09-17,3.5,28.5,31.5,23.3
TH000048431,"NAKHON RATCHASIMA, TH",14.967,102.083,188.0,1956-09-18,11.0,,32.5,20.4
TH000048431,"NAKHON RATCHASIMA, TH",14.967,102.083,188.0,1956-09-19,3.7,,32.0,20.3
TH000048431,"NAKHON RATCHASIMA, TH",14.967,102.083,188.0,1956-09-20,0.0,,31.2,26.3
TH000048431,"NAKHON RATCHASIMA, TH",14.967,102.083,188.0,1956-09-21,0.2,27.6,30.7,23.3
TH000048431,"NAKHON RATCHASIMA, TH",14.967,102.083,188.0,1956-09-22,0.0,28.2,31.8,26.2
TH000048431,"NAKHON RATCHASIMA, TH",14.967,102.083,188.0,1956-09-23,0.0,29.0,33.3,24.3
TH000048431,"NAKHON RATCHASIMA, TH",14.967,102.083,188.0,1956-09-24,0.0,30.3,33.3,29.3
TH000048431,"NAKHON RATCHASIMA, TH",14.967,102.083,188.0,1956-09-25,0.0,28.8,32.4,28.2
TH000048431,"NAKHON RATCHASIMA, TH",14.967,102.083,188.0,1956-09-26,0.0,29.0,33.0,28.2
TH000048431,"NAKHON RATCHASIMA, TH",14.967,102.083,188.0,1956-09-27,1.4,28.3,33.0,28.1
TH000048431,"NAKHON RATCHASIMA, TH",14.967,102.083,188.0,1956-09-28,0.0,,32.0,21.3
TH000048431,"NAKHON RATCHASIMA, TH",14.967,102.083,188.0,1956-09-29,6.0,28.1,30.9,27.2
TH000048431,"NAKHON RATCHASIMA, TH",14.967,102.083,188.0,1956-09-30,34.6,25.4,30.0,24.3
TH000048431,"NAKHON RATCHASIMA, TH",14.967,102.083,188.0,1956-10-01,24.2,,30.1,22.3
TH000048431,"NAKHON RATCHASIMA, TH",14.967,102.083,188.0,1956-10-02,4.6,,29.3,21.0
TH000048431,"NAKHON RATCHASIMA, TH",14.967,102.083,188.0,1956-10-03,0.0,26.6,30.1,23.0
TH000048431,"NAKHON RATCHASIMA, TH",14.967,102.083,188.0,1956-10-04,0.0,27.6,30.6,21.0
TH000048431,"NAKHON RATCHASIMA, TH",14.967,102.083,188.0,1956-10-05,0.0,28.2,31.1,21.8
TH000048431,"NAKHON RATCHASIMA, TH",14.967,102.083,188.0,1956-10-06,0.0,27.0,31.5,22.6
TH000048431,"NAKHON RATCHASIMA, TH",14.967,102.083,188.0,1956-10-07,0.0,,30.8,21.0
TH000048431,"NAKHON RATCHASIMA, TH",14.967,102.083,188.0,1956-10-08,13.0,,31.4,23.3
TH000048431,"NAKHON RATCHASIMA, TH",14.967,102.083,188.0,1956-10-09,1.5,,30.0,21.0
TH000048431,"NAKHON RATCHASIMA, TH",14.967,102.083,188.0,1956-10-10,11.6,28.1,32.0,22.4
TH000048431,"NAKHON RATCHASIMA, TH",14.967,102.083,188.0,1956-10-11,11.1,27.2,31.0,22.0
TH000048431,"NAKHON RATCHASIMA, TH",14.967,102.083,188.0,1956-10-12,0.0,26.9,29.9,22.0
TH000048431,"NAKHON RATCHASIMA, TH",14.967,102.083,188.0,1956-10-13,55.8,,26.2,22.3
TH000048431,"NAKHON RATCHASIMA, TH",14.967,102.083,188.0,1956-10-14,14.6,25.3,28.1,22.3
TH000048431,"NAKHON RATCHASIMA, TH",14.967,102.083,188.0,1956-10-15,4.6,26.6,29.4,22.4
TH000048431,"NAKHON RATCHASIMA, TH",14.967,102.083,188.0,1956-10-16,1.0,25.3,28.2,22.0
TH000048431,"NAKHON RATCHASIMA, TH",14.967,102.083,188.0,1956-10-17,0.0,28.1,30.5,22.0
TH000048431,"NAKHON RATCHASIMA, TH",14.967,102.083,188.0,1956-10-18,0.0,27.8,30.0,22.0
TH000048431,"NAKHON RATCHASIMA, TH",14.967,102.083,188.0,1956-10-19,0.0,,28.6,20.7
TH000048431,"NAKHON RATCHASIMA, TH",14.967,102.083,188.0,1956-10-20,0.0,25.3,29.5,19.6
TH000048431,"NAKHON RATCHASIMA, TH",14.967,102.083,188.0,1956-10-21,0.0,24.4,29.3,19.0
TH000048431,"NAKHON RATCHASIMA, TH",14.967,102.083,188.0,1956-10-22,0.0,24.6,30.0,17.2
TH000048431,"NAKHON RATCHASIMA, TH",14.967,102.083,188.0,1956-10-23,0.0,25.3,29.0,18.0
TH000048431,"NAKHON RATCHASIMA, TH",14.967,102.083,188.0,1956-10-24,0.0,24.2,30.2,17.2
TH000048431,"NAKHON RATCHASIMA, TH",14.967,102.083,188.0,1956-10-25,0.0,26.2,29.8,18.6
TH000048431,"NAKHON RATCHASIMA, TH",14.967,102.083,188.0,1956-10-26,0.0,26.4,30.0,21.0
TH000048431,"NAKHON RATCHASIMA, TH",14.967,102.083,188.0,1956-10-27,0.0,26.5,30.7,20.5
TH000048431,"NAKHON RATCHASIMA, TH",14.967,102.083,188.0,1956-10-28,14.0,27.4,31.7,22.0
TH000048431,"NAKHON RATCHASIMA, TH",14.967,102.083,188.0,1956-10-29,0.0,,30.8,21.5
TH000048431,"NAKHON RATCHASIMA, TH",14.967,102.083,188.0,1956-10-30,0.0,27.0,30.2,21.4
TH000048431,"NAKHON RATCHASIMA, TH",14.967,102.083,188.0,1956-10-31,0.0,26.2,29.6,20.7
TH000048431,"NAKHON RATCHASIMA, TH",14.967,102.083,188.0,1956-11-01,0.0,26.9,30.5,19.0
TH000048431,"NAKHON RATCHASIMA, TH",14.967,102.083,188.0,1956-11-02,0.0,25.8,30.5,19.0
TH000048431,"NAKHON RATCHASIMA, TH",14.967,102.083,188.0,1956-11-03,0.0,28.3,33.6,19.1
TH000048431,"NAKHON RATCHASIMA, TH",14.967,102.083,188.0,1956-11-04,0.0,27.8,33.8,20.6
TH000048431,"NAKHON RATCHASIMA, TH",14.967,102.083,188.0,1956-11-05,0.0,,32.4,21.4
TH000048431,"NAKHON RATCHASIMA, TH",14.967,102.083,188.0,1956-11-06,0.0,,30.0,22.3
TH000048431,"NAKHON RATCHASIMA, TH",14.967,102.083,188.0,1956-11-07,0.3,25.0,30.8,21.3
TH000048431,"NAKHON RATCHASIMA, TH",14.967,102.083,188.0,1956-11-08,0.0,,30.2,20.5
TH000048431,"NAKHON RATCHASIMA, TH",14.967,102.083,188.0,1956-11-09,0.0,,29.8,19.5
TH000048431,"NAKHON RATCHASIMA, TH",14.967,102.083,188.0,1956-11-10,0.0,26.7,31.4,18.5
TH000048431,"NAKHON RATCHASIMA, TH",14.967,102.083,188.0,1956-11-11,0.0,,31.0,18.5
TH000048431,"NAKHON RATCHASIMA, TH",14.967,102.083,188.0,1956-11-12,0.0,26.0,30.5,20.0
TH000048431,"NAKHON RATCHASIMA, TH",14.967,102.083,188.0,1956-11-13,2.2,,24.4,20.1
TH000048431,"NAKHON RATCHASIMA, TH",14.967,102.083,188.0,1956-11-14,1.4,21.3,24.0,19.0
TH000048431,"NAKHON RATCHASIMA, TH",14.967,102.083,188.0,1956-11-15,0.0,,27.5,20.3
TH000048431,"NAKHON RATCHASIMA, TH",14.967,102.083,188.0,1956-11-16,0.0,23.6,26.3,19.0
TH000048431,"NAKHON RATCHASIMA, TH",14.967,102.083,188.0,1956-11-17,0.0,,30.2,19.3
TH000048431,"NAKHON RATCHASIMA, TH",14.967,102.083,188.0,1956-11-18,0.0,22.5,27.8,13.4
TH000048431,"NAKHON RATCHASIMA, TH",14.967,102.083,188.0,1956-11-19,0.0,,27.5,12.6
TH000048431,"NAKHON RATCHASIMA, TH",14.967,102.083,188.0,1956-11-20,0.0,,27.7,12.4
TH000048431,"NAKHON RATCHASIMA, TH",14.967,102.083,188.0,1956-11-21,0.0,23.0,28.5,13.5
TH000048431,"NAKHON RATCHASIMA, TH",14.967,102.083,188.0,1956-11-22,0.0,22.4,28.2,16.9
TH000048431,"NAKHON RATCHASIMA, TH",14.967,102.083,188.0,1956-11-23,0.0,23.2,29.0,14.6
TH000048431,"NAKHON RATCHASIMA, TH",14.967,102.083,188.0,1956-11-24,0.0,24.2,28.0,16.5
TH000048431,"NAKHON RATCHASIMA, TH",14.967,102.083,188.0,1956-11-25,0.0,21.2,25.8,15.6
TH000048431,"NAKHON RATCHASIMA, TH",14.967,102.083,188.0,1956-11-26,0.0,18.9,25.0,11.7
TH000048431,"NAKHON RATCHASIMA, TH",14.967,102.083,188.0,1956-11-27,0.0,19.6,24.4,10.0
TH000048431,"NAKHON RATCHASIMA, TH",14.967,102.083,188.0,1956-11-28,0.0,20.0,26.2,9.7
TH000048431,"NAKHON RATCHASIMA, TH",14.967,102.083,188.0,1956-11-29,0.0,20.7,25.5,10.9
TH000048431,"NAKHON RATCHASIMA, TH",14.967,102.083,188.0,1956-11-30,0.0,,25.8,9.1
TH000048431,"NAKHON RATCHASIMA, TH",14.967,102.083,188.0,1956-12-01,0.0,,27.3,10.4
TH000048431,"NAKHON RATCHASIMA, TH",14.967,102.083,188.0,1956-12-02,0.0,,29.0,16.5
TH000048431,"NAKHON RATCHASIMA, TH",14.967,102.083,188.0,1956-12-03,0.0,23.6,29.4,15.0
TH000048431,"NAKHON RATCHASIMA, TH",14.967,102.083,188.0,1956-12-04,0.0,24.3,29.8,15.6
TH000048431,"NAKHON RATCHASIMA, TH",14.967,102.083,188.0,1956-12-05,0.0,20.3,28.3,15.4
TH000048431,"NAKHON RATCHASIMA, TH",14.967,102.083,188.0,1956-12-06,0.0,24.4,28.0,12.6
TH000048431,"NAKHON RATCHASIMA, TH",14.967,102.083,188.0,1956-12-07,0.0,21.7,28.6,12.2
TH000048431,"NAKHON RATCHASIMA, TH",14.967,102.083,188.0,1956-12-08,0.0,,28.0,10.6
TH000048431,"NAKHON RATCHASIMA, TH",14.967,102.083,188.0,1956-12-09,0.0,22.7,27.2,15.5
TH000048431,"NAKHON RATCHASIMA, TH",14.967,102.083,188.0,1956-12-10,0.0,,28.2,12.1
TH000048431,"NAKHON RATCHASIMA, TH",14.967,102.083,188.0,1956-12-11,0.0,,29.3,15.7
TH000048431,"NAKHON RATCHASIMA, TH",14.967,102.083,188.0,1956-12-12,0.0,24.6,30.0,16.5
TH000048431,"NAKHON RATCHASIMA, TH",14.967,102.083,188.0,1956-12-13,0.0,24.0,29.8,16.1
TH000048431,"NAKHON RATCHASIMA, TH",14.967,102.083,188.0,1956-12-14,0.0,24.3,29.8,15.0
TH000048431,"NAKHON RATCHASIMA, TH",14.967,102.083,188.0,1956-12-15,0.0,24.0,28.6,16.2
TH000048431,"NAKHON RATCHASIMA, TH",14.967,102.083,188.0,1956-12-16,0.0,23.7,28.1,17.8
TH000048431,"NAKHON RATCHASIMA, TH",14.967,102.083,188.0,1956-12-17,0.0,24.7,30.1,17.6
TH000048431,"NAKHON RATCHASIMA, TH",14.967,102.083,188.0,1956-12-18,0.0,24.7,28.0,18.0
TH000048431,"NAKHON RATCHASIMA, TH",14.967,102.083,188.0,1956-12-19,0.0,24.7,28.3,20.3
TH000048431,"NAKHON RATCHASIMA, TH",14.967,102.083,188.0,1956-12-20,0.0,24.8,28.0,19.0
TH000048431,"NAKHON RATCHASIMA, TH",14.967,102.083,188.0,1956-12-21,0.0,24.9,30.0,17.8
TH000048431,"NAKHON RATCHASIMA, TH",14.967,102.083,188.0,1956-12-22,0.0,24.4,30.7,18.0
TH000048431,"NAKHON RATCHASIMA, TH",14.967,102.083,188.0,1956-12-23,0.0,24.7,31.3,18.5
TH000048431,"NAKHON RATCHASIMA, TH",14.967,102.083,188.0,1956-12-24,0.0,,28.0,16.0
TH000048431,"NAKHON RATCHASIMA, TH",14.967,102.083,188.0,1956-12-25,0.0,21.2,26.5,13.5
TH000048431,"NAKHON RATCHASIMA, TH",14.967,102.083,188.0,1956-12-26,0.0,20.2,27.0,10.0
TH000048431,"NAKHON RATCHASIMA, TH",14.967,102.083,188.0,1956-12-27,0.0,21.7,28.3,9.6
TH000048431,"NAKHON RATCHASIMA, TH",14.967,102.083,188.0,1956-12-28,0.0,21.7,27.6,10.2
TH000048431,"NAKHON RATCHASIMA, TH",14.967,102.083,188.0,1956-12-29,0.0,22.1,27.0,13.5
TH000048431,"NAKHON RATCHASIMA, TH",14.967,102.083,188.0,1956-12-30,0.0,21.9,28.3,9.5
TH000048431,"NAKHON RATCHASIMA, TH",14.967,102.083,188.0,1956-12-31,0.0,23.1,29.4,9.4
TH000048431,"NAKHON RATCHASIMA, TH",14.967,102.083,188.0,1957-01-01,0.0,26.9,30.5,10.4
TH000048431,"NAKHON RATCHASIMA, TH",14.967,102.083,188.0,1957-01-02,0.0,,30.5,11.0
TH000048431,"NAKHON RATCHASIMA, TH",14.967,102.083,188.0,1957-01-03,0.0,,31.4,11.3
TH000048431,"NAKHON RATCHASIMA, TH",14.967,102.083,188.0,1957-01-04,0.0,27.2,31.9,12.5
TH000048431,"NAKHON RATCHASIMA, TH",14.967,102.083,188.0,1957-01-05,0.0,23.2,29.2,10.9
TH000048431,"NAKHON RATCHASIMA, TH",14.967,102.083,188.0,1957-01-06,0.0,22.7,31.2,13.2
TH000048431,"NAKHON RATCHASIMA, TH",14.967,102.083,188.0,1957-01-07,0.0,,27.5,19.6
TH000048431,"NAKHON RATCHASIMA, TH",14.967,102.083,188.0,1957-01-08,0.0,23.0,29.1,18.2
TH000048431,"NAKHON RATCHASIMA, TH",14.967,102.083,188.0,1957-01-09,0.0,23.4,30.0,13.2
TH000048431,"NAKHON RATCHASIMA, TH",14.967,102.083,188.0,1957-01-10,0.0,22.9,30.8,13.5
TH000048431,"NAKHON RATCHASIMA, TH",14.967,102.083,188.0,1957-01-11,0.0,25.7,32.5,14.3
TH000048431,"NAKHON RATCHASIMA, TH",14.967,102.083,188.0,1957-01-12,0.0,27.7,33.8,17.6
TH000048431,"NAKHON RATCHASIMA, TH",14.967,102.083,188.0,1957-01-13,0.0,28.2,35.4,19.0
TH000048431,"NAKHON RATCHASIMA, TH",14.967,102.083,188.0,1957-01-14,0.0,29.3,36.5,18.9
TH000048431,"NAKHON RATCHASIMA, TH",14.967,102.083,188.0,1957-01-15,0.0,30.3,36.6,21.8
TH000048431,"NAKHON RATCHASIMA, TH",14.967,102.083,188.0,1957-01-16,0.0,30.0,36.3,20.6
TH000048431,"NAKHON RATCHASIMA, TH",14.967,102.083,188.0,1957-01-17,0.0,26.8,31.7,21.5
TH000048431,"NAKHON RATCHASIMA, TH",14.967,102.083,188.0,1957-01-18,0.0,23.1,28.6,17.5
TH000048431,"NAKHON RATCHASIMA, TH",14.967,102.083,188.0,1957-01-19,0.0,,28.5,12.7
TH000048431,"NAKHON RATCHASIMA, TH",14.967,102.083,188.0,1957-01-20,0.0,,30.3,11.5
TH000048431,"NAKHON RATCHASIMA, TH",14.967,102.083,188.0,1957-01-21,0.0,22.2,30.1,13.3
TH000048431,"NAKHON RATCHASIMA, TH",14.967,102.083,188.0,1957-01-22,0.0,20.8,30.7,11.6
TH000048431,"NAKHON RATCHASIMA, TH",14.967,102.083,188.0,1957-01-23,0.0,24.0,30.4,12.6
TH000048431,"NAKHON RATCHASIMA, TH",14.967,102.083,188.0,1957-01-24,0.0,22.7,28.9,14.0
TH000048431,"NAKHON RATCHASIMA, TH",14.967,102.083,188.0,1957-01-25,0.0,23.8,31.6,11.7
TH000048431,"NAKHON RATCHASIMA, TH",14.967,102.083,188.0,1957-01-26,0.0,24.6,32.2,12.6
TH000048431,"NAKHON RATCHASIMA, TH",14.967,102.083,188.0,1957-01-27,0.0,24.0,33.5,13.6
TH000048431,"NAKHON RATCHASIMA, TH",14.967,102.083,188.0,1957-01-28,0.0,27.3,33.9,16.2
TH000048431,"NAKHON RATCHASIMA, TH",14.967,102.083,188.0,1957-01-29,0.0,27.6,35.2,14.6
TH000048431,"NAKHON RATCHASIMA, TH",14.967,102.083,188.0,1957-01-30,0.0,27.4,35.5,17.2
TH000048431,"NAKHON RATCHASIMA, TH",14.967,102.083,188.0,1957-01-31,0.0,,34.6,22.7
TH000048431,"NAKHON RATCHASIMA, TH",14.967,102.083,188.0,1957-02-01,2.2,,32.5,21.4
TH000048431,"NAKHON RATCHASIMA, TH",14.967,102.083,188.0,1957-02-02,1.5,26.1,33.0,21.1
TH000048431,"NAKHON RATCHASIMA, TH",14.967,102.083,188.0,1957-02-03,0.0,27.9,35.0,20.3
TH000048431,"NAKHON RATCHASIMA, TH",14.967,102.083,188.0,1957-02-04,0.0,30.2,36.6,19.2
TH000048431,"NAKHON RATCHASIMA, TH",14.967,102.083,188.0,1957-02-05,0.0,28.6,35.5,18.4
TH000048431,"NAKHON RATCHASIMA, TH",14.967,102.083,188.0,1957-02-06,0.0,26.2,35.3,15.5
TH000048431,"NAKHON RATCHASIMA, TH",14.967,102.083,188.0,1957-02-07,0.0,21.7,28.7,15.0
TH000048431,"NAKHON RATCHASIMA, TH",14.967,102.083,188.0,1957-02-08,0.0,,32.8,14.9
TH000048431,"NAKHON RATCHASIMA, TH",14.967,102.083,188.0,1957-02-09,0.0,29.6,36.3,19.0
TH000048431,"NAKHON RATCHASIMA, TH",14.967,102.083,188.0,1957-02-10,0.0,29.0,36.6,18.5
TH000048431,"NAKHON RATCHASIMA, TH",14.967,102.083,188.0,1957-02-11,0.0,21.8,27.3,18.0
TH000048431,"NAKHON RATCHASIMA, TH",14.967,102.083,188.0,1957-02-12,0.2,19.6,26.0,13.6
TH000048431,"NAKHON RATCHASIMA, TH",14.967,102.083,188.0,1957-02-13,0.0,,27.5,16.8
TH000048431,"NAKHON RATCHASIMA, TH",14.967,102.083,188.0,1957-02-14,0.0,23.7,29.5,15.1
TH000048431,"NAKHON RATCHASIMA, TH",14.967,102.083,188.0,1957-02-15,0.0,27.2,35.0,14.6
TH000048431,"NAKHON RATCHASIMA, TH",14.967,102.083,188.0,1957-02-16,0.0,,34.1,19.2
TH000048431,"NAKHON RATCHASIMA, TH",14.967,102.083,188.0,1957-02-17,0.0,29.2,35.0,21.6
TH000048431,"NAKHON RATCHASIMA, TH",14.967,102.083,188.0,1957-02-18,3.1,,35.3,22.8
TH000048431,"NAKHON RATCHASIMA, TH",14.967,102.083,188.0,1957-02-19,23.3,27.3,31.7,23.0
TH000048431,"NAKHON RATCHASIMA, TH",14.967,102.083,188.0,1957-02-20,12.9,24.7,29.2,21.4
TH000048431,"NAKHON RATCHASIMA, TH",14.967,102.083,188.0,1957-02-21,0.0,,34.5,18.7
TH000048431,"NAKHON RATCHASIMA, TH",14.967,102.083,188.0,1957-02-22,0.0,28.7,35.0,19.4
TH000048431,"NAKHON RATCHASIMA, TH",14.967,102.083,188.0,1957-02-23,0.0,30.0,36.2,20.3
TH000048431,"NAKHON RATCHASIMA, TH",14.967,102.083,188.0,1957-02-24,0.0,32.2,36.5,18.4
TH000048431,"NAKHON RATCHASIMA, TH",14.967,102.083,188.0,1957-02-25,0.0,32.8,36.4,19.7
TH000048431,"NAKHON RATCHASIMA, TH",14.967,102.083,188.0,1957-02-26,0.0,29.3,36.6,21.3
TH000048431,"NAKHON RATCHASIMA, TH",14.967,102.083,188.0,1957-02-27,0.0,30.2,34.5,23.7
TH000048431,"NAKHON RATCHASIMA, TH",14.967,102.083,188.0,1957-02-28,0.0,29.1,33.6,22.2
TH000048431,"NAKHON RATCHASIMA, TH",14.967,102.083,188.0,1957-03-01,0.0,,35.1,20.0
TH000048431,"NAKHON RATCHASIMA, TH",14.967,102.083,188.0,1957-03-02,0.0,,35.0,21.3
TH000048431,"NAKHON RATCHASIMA, TH",14.967,102.083,188.0,1957-03-03,0.0,31.0,37.0,22.7
TH000048431,"NAKHON RATCHASIMA, TH",14.967,102.083,188.0,1957-03-04,0.0,,37.5,22.7
TH000048431,"NAKHON RATCHASIMA, TH",14.967,102.083,188.0,1957-03-05,0.0,,37.7,22.0
TH000048431,"NAKHON RATCHASIMA, TH",14.967,102.083,188.0,1957-03-06,0.0,34.6,38.6,23.0
TH000048431,"NAKHON RATCHASIMA, TH",14.967,102.083,188.0,1957-03-07,0.0,32.6,38.2,23.8
TH000048431,"NAKHON RATCHASIMA, TH",14.967,102.083,188.0,1957-03-08,15.1,,37.2,23.0
TH000048431,"NAKHON RATCHASIMA, TH",14.967,102.083,188.0,1957-03-09,0.0,29.3,33.3,21.6
TH000048431,"NAKHON RATCHASIMA, TH",14.967,102.083,188.0,1957-03-10,0.0,29.7,35.6,22.5
TH000048431,"NAKHON RATCHASIMA, TH",14.967,102.083,188.0,1957-03-11,0.0,30.8,36.7,22.8
TH000048431,"NAKHON RATCHASIMA, TH",14.967,102.083,188.0,1957-03-12,0.6,30.6,37.1,23.5
TH000048431,"NAKHON RATCHASIMA, TH",14.967,102.083,188.0,1957-03-13,37.7,,34.6,22.2
TH000048431,"NAKHON RATCHASIMA, TH",14.967,102.083,188.0,1957-03-14,15.4,,29.5,20.8
TH000048431,"NAKHON RATCHASIMA, TH",14.967,102.083,188.0,1957-03-15,0.1,24.7,27.0,21.2
TH000048431,"NAKHON RATCHASIMA, TH",14.967,102.083,188.0,1957-03-16,0.0,24.8,27.2,20.6
TH000048431,"NAKHON RATCHASIMA, TH",14.967,102.083,188.0,1957-03-17,0.0,,30.3,21.0
TH000048431,"NAKHON RATCHASIMA, TH",14.967,102.083,188.0,1957-03-18,11.1,24.3,28.2,21.1
TH000048431,"NAKHON RATCHASIMA, TH",14.967,102.083,188.0,1957-03-19,1.1,24.2,30.4,19.0
TH000048431,"NAKHON RATCHASIMA, TH",14.967,102.083,188.0,1957-03-20,0.0,25.3,32.7,18.8
TH000048431,"NAKHON RATCHASIMA, TH",14.967,102.083,188.0,1957-03-21,0.0,,35.0,19.3
TH000048431,"NAKHON RATCHASIMA, TH",14.967,102.083,188.0,1957-03-22,0.0,,35.8,21.3
TH000048431,"NAKHON RATCHASIMA, TH",14.967,102.083,188.0,1957-03-23,0.0,,36.5,20.5
TH000048431,"NAKHON RATCHASIMA, TH",14.967,102.083,188.0,1957-03-24,0.0,,37.0,21.3
TH000048431,"NAKHON RATCHASIMA, TH",14.967,102.083,188.0,1957-03-25,0.0,,36.8,22.0
TH000048431,"NAKHON RATCHASIMA, TH",14.967,102.083,188.0,1957-03-26,0.0,,37.0,23.1
TH000048431,"NAKHON RATCHASIMA, TH",14.967,102.083,188.0,1957-03-27,0.7,,32.2,22.3
TH000048431,"NAKHON RATCHASIMA, TH",14.967,102.083,188.0,1957-03-28,0.0,,32.5,21.4
TH000048431,"NAKHON RATCHASIMA, TH",14.967,102.083,188.0,1957-03-29,0.0,,34.0,22.0
TH000048431,"NAKHON RATCHASIMA, TH",14.967,102.083,188.0,1957-03-30,0.0,,35.7,21.6
TH000048431,"NAKHON RATCHASIMA, TH",14.967,102.083,188.0,1957-03-31,0.0,,36.3,22.5
TH000048431,"NAKHON RATCHASIMA, TH",14.967,102.083,188.0,1957-04-01,1.3,,36.7,21.3
TH000048431,"NAKHON RATCHASIMA, TH",14.967,102.083,188.0,1957-04-02,0.8,,32.0,23.7
TH000048431,"NAKHON RATCHASIMA, TH",14.967,102.083,188.0,1957-04-03,6.3,25.7,31.0,22.0
TH000048431,"NAKHON RATCHASIMA, TH",14.967,102.083,188.0,1957-04-04,63.3,24.2,29.0,21.0
TH000048431,"NAKHON RATCHASIMA, TH",14.967,102.083,188.0,1957-04-05,4.0,,28.4,22.1
TH000048431,"NAKHON RATCHASIMA, TH",14.967,102.083,188.0,1957-04-06,0.0,,32.2,21.0
TH000048431,"NAKHON RATCHASIMA, TH",14.967,102.083,188.0,1957-04-07,0.0,29.7,34.5,21.8
TH000048431,"NAKHON RATCHASIMA, TH",14.967,102.083,188.0,1957-04-08,0.0,,35.7,22.6
TH000048431,"NAKHON RATCHASIMA, TH",14.967,102.083,188.0,1957-04-09,0.0,30.6,36.7,23.5
TH000048431,"NAKHON RATCHASIMA, TH",14.967,102.083,188.0,1957-04-10,0.0,,38.6,23.0
TH000048431,"NAKHON RATCHASIMA, TH",14.967,102.083,188.0,1957-04-11,0.0,,36.0,23.0
TH000048431,"NAKHON RATCHASIMA, TH",14.967,102.083,188.0,1957-04-12,0.0,,35.7,22.0
TH000048431,"NAKHON RATCHASIMA, TH",14.967,102.083,188.0,1957-04-13,1.8,28.1,33.6,23.6
TH000048431,"NAKHON RATCHASIMA, TH",14.967,102.083,188.0,1957-04-14,0.0,27.2,30.8,20.8
TH000048431,"NAKHON RATCHASIMA, TH",14.967,102.083,188.0,1957-04-15,0.0,28.2,32.8,21.0
TH000048431,"NAKHON RATCHASIMA, TH",14.967,102.083,188.0,1957-04-16,0.0,,35.2,20.4
TH000048431,"NAKHON RATCHASIMA, TH",14.967,102.083,188.0,1957-04-17,0.0,,35.7,22.1
TH000048431,"NAKHON RATCHASIMA, TH",14.967,102.083,188.0,1957-04-18,0.0,31.5,37.0,22.7
TH000048431,"NAKHON RATCHASIMA, TH",14.967,102.083,188.0,1957-04-19,0.0,,37.3,22.6
TH000048431,"NAKHON RATCHASIMA, TH",14.967,102.083,188.0,1957-04-20,0.0,,37.6,22.8
TH000048431,"NAKHON RATCHASIMA, TH",14.967,102.083,188.0,1957-04-21,0.0,,38.8,23.4
TH000048431,"NAKHON RATCHASIMA, TH",14.967,102.083,188.0,1957-04-22,0.0,33.7,39.5,22.9
TH000048431,"NAKHON RATCHASIMA, TH",14.967,102.083,188.0,1957-04-23,0.0,31.7,39.5,23.2
TH000048431,"NAKHON RATCHASIMA, TH",14.967,102.083,188.0,1957-04-24,0.0,,41.0,24.0
TH000048431,"NAKHON RATCHASIMA, TH",14.967,102.083,188.0,1957-04-25,0.0,30.7,40.4,24.3
TH000048431,"NAKHON RATCHASIMA, TH",14.967,102.083,188.0,1957-04-26,0.0,32.3,39.8,24.0
TH000048431,"NAKHON RATCHASIMA, TH",14.967,102.083,188.0,1957-04-27,0.0,,39.8,24.1
TH000048431,"NAKHON RATCHASIMA, TH",14.967,102.083,188.0,1957-04-28,5.3,31.0,37.5,24.2
TH000048431,"NAKHON RATCHASIMA, TH",14.967,102.083,188.0,1957-04-29,0.0,,35.5,20.9
TH000048431,"NAKHON RATCHASIMA, TH",14.967,102.083,188.0,1957-04-30,0.0,31.7,36.2,23.2
TH000048431,"NAKHON RATCHASIMA, TH",14.967,102.083,188.0,1957-05-01,12.6,,35.5,25.3
TH000048431,"NAKHON RATCHASIMA, TH",14.967,102.083,188.0,1957-05-02,0.0,,35.5,20.3
TH000048431,"NAKHON RATCHASIMA, TH",14.967,102.083,188.0,1957-05-03,0.2,26.4,35.0,29.1
TH000048431,"NAKHON RATCHASIMA, TH",14.967,102.083,188.0,1957-05-04,0.0,,35.8,27.1
TH000048431,"NAKHON RATCHASIMA, TH",14.967,102.083,188.0,1957-05-05,0.0,,37.5,28.1
TH000048431,"NAKHON RATCHASIMA, TH",14.967,102.083,188.0,1957-05-06,0.0,,38.6,21.2
TH000048431,"NAKHON RATCHASIMA, TH",14.967,102.083,188.0,1957-05-07,0.0,,40.0,20.3
TH000048431,"NAKHON RATCHASIMA, TH",14.967,102.083,188.0,1957-05-08,6.8,,38.5,25.3
TH000048431,"NAKHON RATCHASIMA, TH",14.967,102.083,188.0,1957-05-09,0.0,,34.7,25.2
TH000048431,"NAKHON RATCHASIMA, TH",14.967,102.083,188.0,1957-05-10,0.0,30.7,36.8,20.3
TH000048431,"NAKHON RATCHASIMA, TH",14.967,102.083,188.0,1957-05-11,0.0,,36.7,22.2
TH000048431,"NAKHON RATCHASIMA, TH",14.967,102.083,188.0,1957-05-12,0.0,,37.4,24.3
TH000048431,"NAKHON RATCHASIMA, TH",14.967,102.083,188.0,1957-05-13,0.0,33.2,38.5,25.4
TH000048431,"NAKHON RATCHASIMA, TH",14.967,102.083,188.0,1957-05-14,1.7,,38.1,24.5
TH000048431,"NAKHON RATCHASIMA, TH",14.967,102.083,188.0,1957-05-15,0.0,,39.3,29.4
TH000048431,"NAKHON RATCHASIMA, TH",14.967,102.083,188.0,1957-05-16,0.3,,38.7,26.4
TH000048431,"NAKHON RATCHASIMA, TH",14.967,102.083,188.0,1957-05-17,0.0,,41.0,25.4
TH000048431,"NAKHON RATCHASIMA, TH",14.967,102.083,188.0,1957-05-18,1.4,31.0,39.8,26.4
TH000048431,"NAKHON RATCHASIMA, TH",14.967,102.083,188.0,1957-05-19,0.0,30.7,36.5,20.5
TH000048431,"NAKHON RATCHASIMA, TH",14.967,102.083,188.0,1957-05-20,0.0,33.6,39.0,25.3
TH000048431,"NAKHON RATCHASIMA, TH",14.967,102.083,188.0,1957-05-21,3.7,,38.1,22.5
TH000048431,"NAKHON RATCHASIMA, TH",14.967,102.083,188.0,1957-05-22,7.6,32.5,37.5,20.4
TH000048431,"NAKHON RATCHASIMA, TH",14.967,102.083,188.0,1957-05-23,3.9,,39.5,27.3
TH000048431,"NAKHON RATCHASIMA, TH",14.967,102.083,188.0,1957-05-24,1.7,,38.2,24.4
TH000048431,"NAKHON RATCHASIMA, TH",14.967,102.083,188.0,1957-05-25,0.0,28.8,35.0,20.4
TH000048431,"NAKHON RATCHASIMA, TH",14.967,102.083,188.0,1957-05-26,0.0,,36.7,20.3
TH000048431,"NAKHON RATCHASIMA, TH",14.967,102.083,188.0,1957-05-27,12.3,31.0,38.5,23.3
TH000048431,"NAKHON RATCHASIMA, TH",14.967,102.083,188.0,1957-05-28,9.2,,33.7,20.2
TH000048431,"NAKHON RATCHASIMA, TH",14.967,102.083,188.0,1957-05-29,1.0,,35.5,25.3
TH000048431,"NAKHON RATCHASIMA, TH",14.967,102.083,188.0,1957-05-30,0.0,28.6,34.8,23.4
TH000048431,"NAKHON RATCHASIMA, TH",14.967,102.083,188.0,1957-05-31,31.2,,34.8,28.3
TH000048431,"NAKHON RATCHASIMA, TH",14.967,102.083,188.0,1957-06-01,0.5,29.9,32.8,24.8
TH000048431,"NAKHON RATCHASIMA, TH",14.967,102.083,188.0,1957-06-02,0.0,29.6,33.7,24.4
TH000048431,"NAKHON RATCHASIMA, TH",14.967,102.083,188.0,1957-06-03,0.0,29.2,35.8,23.1
TH000048431,"NAKHON RATCHASIMA, TH",14.967,102.083,188.0,1957-06-04,1.9,29.4,35.0,23.1
TH000048431,"NAKHON RATCHASIMA, TH",14.967,102.083,188.0,1957-06-05,0.7,30.8,34.8,23.9
TH000048431,"NAKHON RATCHASIMA, TH",14.967,102.083,188.0,1957-06-06,1.0,29.7,34.0,23.8
TH000048431,"NAKHON RATCHASIMA, TH",14.967,102.083,188.0,1957-06-07,6.6,29.7,33.2,24.9
TH000048431,"NAKHON RATCHASIMA, TH",14.967,102.083,188.0,1957-06-08,0.0,,35.3,23.0
TH000048431,"NAKHON RATCHASIMA, TH",14.967,102.083,188.0,1957-06-09,0.0,29.3,33.4,23.0
TH000048431,"NAKHON RATCHASIMA, TH",14.967,102.083,188.0,1957-06-10,1.5,29.4,34.2,24.2
TH000048431,"NAKHON RATCHASIMA, TH",14.967,102.083,188.0,1957-06-11,3.7,29.2,34.5,23.5
TH000048431,"NAKHON RATCHASIMA, TH",14.967,102.083,188.0,1957-06-12,0.9,27.4,30.5,23.0
TH000048431,"NAKHON RATCHASIMA, TH",14.967,102.083,188.0,1957-06-13,2.0,30.6,34.8,24.4
TH000048431,"NAKHON RATCHASIMA, TH",14.967,102.083,188.0,1957-06-14,0.0,31.8,35.8,22.3
TH000048431,"NAKHON RATCHASIMA, TH",14.967,102.083,188.0,1957-06-15,0.0,,36.8,22.0
TH000048431,"NAKHON RATCHASIMA, TH",14.967,102.083,188.0,1957-06-16,0.0,32.0,37.0,23.8
TH000048431,"NAKHON RATCHASIMA, TH",14.967,102.083,188.0,1957-06-17,0.0,,37.0,24.9
TH000048431,"NAKHON RATCHASIMA, TH",14.967,102.083,188.0,1957-06-18,0.0,32.7,38.3,24.5
TH000048431,"NAKHON RATCHASIMA, TH",14.967,102.083,188.0,1957-06-19,2.5,32.7,37.5,24.8
TH000048431,"NAKHON RATCHASIMA, TH",14.967,102.083,188.0,1957-06-20,0.0,33.2,37.0,24.4
TH000048431,"NAKHON RATCHASIMA, TH",14.967,102.083,188.0,1957-06-21,0.8,29.1,34.2,25.5
TH000048431,"NAKHON RATCHASIMA, TH",14.967,102.083,188.0,1957-06-22,11.8,29.4,35.7,22.0
TH000048431,"NAKHON RATCHASIMA, TH",14.967,102.083,188.0,1957-06-23,20.6,,34.1,22.8
TH000048431,"NAKHON RATCHASIMA, TH",14.967,102.083,188.0,1957-06-24,0.0,27.8,32.0,22.1
TH000048431,"NAKHON RATCHASIMA, TH",14.967,102.083,188.0,1957-06-25,1.5,29.8,33.1,24.1
TH000048431,"NAKHON RATCHASIMA, TH",14.967,102.083,188.0,1957-06-26,0.0,30.2,33.5,23.0
TH000048431,"NAKHON RATCHASIMA, TH",14.967,102.083,188.0,1957-06-27,0.0,29.2,33.3,23.0
TH000048431,"NAKHON RATCHASIMA, TH",14.967,102.083,188.0,1957-06-28,0.5,30.4,33.6,23.4
TH000048431,"NAKHON RATCHASIMA, TH",14.967,102.083,188.0,1957-06-29,2.3,29.0,31.3,23.9
TH000048431,"NAKHON RATCHASIMA, TH",14.967,102.083,188.0,1957-06-30,0.0,29.4,32.0,22.4
TH000048431,"NAKHON RATCHASIMA, TH",14.967,102.083,188.0,1957-07-01,0.0,29.9,33.7,22.0
TH000048431,"NAKHON RATCHASIMA, TH",14.967,102.083,188.0,1957-07-02,10.3,,32.5,22.3
TH000048431,"NAKHON RATCHASIMA, TH",14.967,102.083,188.0,1957-07-03,0.0,28.0,32.3,23.3
TH000048431,"NAKHON RATCHASIMA, TH",14.967,102.083,188.0,1957-07-04,0.1,31.4,33.7,23.3
TH000048431,"NAKHON RATCHASIMA, TH",14.967,102.083,188.0,1957-07-05,0.5,26.9,31.0,23.9
TH000048431,"NAKHON RATCHASIMA, TH",14.967,102.083,188.0,1957-07-06,15.2,31.3,34.9,23.6
TH000048431,"NAKHON RATCHASIMA, TH",14.967,102.083,188.0,1957-07-07,0.0,,34.6,22.6
TH000048431,"NAKHON RATCHASIMA, TH",14.967,102.083,188.0,1957-07-08,1.5,32.1,37.0,24.3
TH000048431,"NAKHON RATCHASIMA, TH",14.967,102.083,188.0,1957-07-09,38.5,27.8,34.3,23.9
TH000048431,"NAKHON RATCHASIMA, TH",14.967,102.083,188.0,1957-07-10,0.0,27.7,31.5,22.0
TH000048431,"NAKHON RATCHASIMA, TH",14.967,102.083,188.0,1957-07-11,0.0,30.2,33.7,23.1
TH000048431,"NAKHON RATCHASIMA, TH",14.967,102.083,188.0,1957-07-12,0.0,26.9,32.8,24.3
TH000048431,"NAKHON RATCHASIMA, TH",14.967,102.083,188.0,1957-07-13,3.0,,32.5,22.8
TH000048431,"NAKHON RATCHASIMA, TH",14.967,102.083,188.0,1957-07-14,0.2,29.8,32.8,22.9
TH000048431,"NAKHON RATCHASIMA, TH",14.967,102.083,188.0,1957-07-15,0.0,,33.9,24.1
TH000048431,"NAKHON RATCHASIMA, TH",14.967,102.083,188.0,1957-07-16,0.4,29.6,35.6,23.7
TH000048431,"NAKHON RATCHASIMA, TH",14.967,102.083,188.0,1957-07-17,0.0,,33.0,23.7
TH000048431,"NAKHON RATCHASIMA, TH",14.967,102.083,188.0,1957-07-18,0.0,,34.2,23.8
TH000048431,"NAKHON RATCHASIMA, TH",14.967,102.083,188.0,1957-07-19,0.2,28.6,37.1,24.8
TH000048431,"NAKHON RATCHASIMA, TH",14.967,102.083,188.0,1957-07-20,0.0,,34.5,23.2
TH000048431,"NAKHON RATCHASIMA, TH",14.967,102.083,188.0,1957-07-21,0.0,29.2,32.8,23.9
TH000048431,"NAKHON RATCHASIMA, TH",14.967,102.083,188.0,1957-07-22,28.0,,34.8,23.0
TH000048431,"NAKHON RATCHASIMA, TH",14.967,102.083,188.0,1957-07-23,0.0,,34.5,22.3
TH000048431,"NAKHON RATCHASIMA, TH",14.967,102.083,188.0,1957-07-24,13.2,,35.4,23.0
TH000048431,"NAKHON RATCHASIMA, TH",14.967,102.083,188.0,1957-07-25,22.7,,34.7,23.1
TH000048431,"NAKHON RATCHASIMA, TH",14.967,102.083,188.0,1957-07-26,0.0,,34.8,23.1
TH000048431,"NAKHON RATCHASIMA, TH",14.967,102.083,188.0,1957-07-27,10.4,29.3,35.4,23.5
TH000048431,"NAKHON RATCHASIMA, TH",14.967,102.083,188.0,1957-07-28,47.9,,32.1,24.0
TH000048431,"NAKHON RATCHASIMA, TH",14.967,102.083,188.0,1957-07-29,2.7,29.4,35.8,22.8
TH000048431,"NAKHON RATCHASIMA, TH",14.967,102.083,188.0,1957-07-30,2.6,27.6,32.0,22.7
TH000048431,"NAKHON RATCHASIMA, TH",14.967,102.083,188.0,1957-07-31,0.0,27.3,34.5,23.4
TH000048431,"NAKHON RATCHASIMA, TH",14.967,102.083,188.0,1957-08-01,0.0,28.8,34.0,23.4
TH000048431,"NAKHON RATCHASIMA, TH",14.967,102.083,188.0,1957-08-02,0.0,31.0,34.7,23.5
TH000048431,"NAKHON RATCHASIMA, TH",14.967,102.083,188.0,1957-08-03,0.0,30.8,36.3,23.4
TH000048431,"NAKHON RATCHASIMA, TH",14.967,102.083,188.0,1957-08-04,19.1,,34.0,24.2
TH000048431,"NAKHON RATCHASIMA, TH",14.967,102.083,188.0,1957-08-05,12.4,29.1,33.1,23.4
TH000048431,"NAKHON RATCHASIMA, TH",14.967,102.083,188.0,1957-08-06,0.0,26.5,32.9,22.0
TH000048431,"NAKHON RATCHASIMA, TH",14.967,102.083,188.0,1957-08-07,0.0,27.9,32.9,23.0
TH000048431,"NAKHON RATCHASIMA, TH",14.967,102.083,188.0,1957-08-08,0.0,30.0,33.6,22.9
TH000048431,"NAKHON RATCHASIMA, TH",14.967,102.083,188.0,1957-08-09,0.0,29.0,34.7,23.4
TH000048431,"NAKHON RATCHASIMA, TH",14.967,102.083,188.0,1957-08-10,0.0,,31.8,22.7
TH000048431,"NAKHON RATCHASIMA, TH",14.967,102.083,188.0,1957-08-11,0.0,28.8,33.1,23.0
TH000048431,"NAKHON RATCHASIMA, TH",14.967,102.083,188.0,1957-08-12,0.0,,34.5,22.7
TH000048431,"NAKHON RATCHASIMA, TH",14.967,102.083,188.0,1957-08-13,2.8,,33.5,23.0
TH000048431,"NAKHON RATCHASIMA, TH",14.967,102.083,188.0,1957-08-14,0.0,28.3,33.5,22.8
TH000048431,"NAKHON RATCHASIMA, TH",14.967,102.083,188.0,1957-08-15,0.0,31.0,33.3,22.5
TH000048431,"NAKHON RATCHASIMA, TH",14.967,102.083,188.0,1957-08-16,0.0,30.6,34.9,22.9
TH000048431,"NAKHON RATCHASIMA, TH",14.967,102.083,188.0,1957-08-17,4.6,29.6,32.2,24.5
TH000048431,"NAKHON RATCHASIMA, TH",14.967,102.083,188.0,1957-08-18,0.0,,30.2,22.9
TH000048431,"NAKHON RATCHASIMA, TH",14.967,102.083,188.0,1957-08-19,0.7,27.5,30.6,24.7
TH000048431,"NAKHON RATCHASIMA, TH",14.967,102.083,188.0,1957-08-20,0.0,28.1,32.4,23.1
TH000048431,"NAKHON RATCHASIMA, TH",14.967,102.083,188.0,1957-08-21,0.0,29.8,31.7,23.4
TH000048431,"NAKHON RATCHASIMA, TH",14.967,102.083,188.0,1957-08-22,0.0,29.8,34.6,23.1
TH000048431,"NAKHON RATCHASIMA, TH",14.967,102.083,188.0,1957-08-23,0.2,27.1,32.0,24.0
TH000048431,"NAKHON RATCHASIMA, TH",14.967,102.083,188.0,1957-08-24,0.9,27.4,34.2,22.6
TH000048431,"NAKHON RATCHASIMA, TH",14.967,102.083,188.0,1957-08-25,0.0,,34.4,22.1
TH000048431,"NAKHON RATCHASIMA, TH",14.967,102.083,188.0,1957-08-26,27.6,,35.0,24.9
TH000048431,"NAKHON RATCHASIMA, TH",14.967,102.083,188.0,1957-08-27,9.5,,31.0,22.5
TH000048431,"NAKHON RATCHASIMA, TH",14.967,102.083,188.0,1957-08-28,0.0,28.1,32.5,22.0
TH000048431,"NAKHON RATCHASIMA, TH",14.967,102.083,188.0,1957-08-29,2.2,29.0,32.7,23.2
TH000048431,"NAKHON RATCHASIMA, TH",14.967,102.083,188.0,1957-08-30,0.2,28.2,32.0,23.0
TH000048431,"NAKHON RATCHASIMA, TH",14.967,102.083,188.0,1957-08-31,0.5,28.1,32.6,23.8
TH000048431,"NAKHON RATCHASIMA, TH",14.967,102.083,188.0,1957-09-01,2.4,,31.4,22.3
TH000048431,"NAKHON RATCHASIMA, TH",14.967,102.083,188.0,1957-09-02,20.7,,30.0,27.2
TH000048431,"NAKHON RATCHASIMA, TH",14.967,102.083,188.0,1957-09-03,0.0,29.0,32.8,20.2
TH000048431,"NAKHON RATCHASIMA, TH",14.967,102.083,188.0,1957-09-04,6.5,,33.1,24.4
TH000048431,"NAKHON RATCHASIMA, TH",14.967,102.083,188.0,1957-09-05,1.4,27.6,32.1,22.3
TH000048431,"NAKHON RATCHASIMA, TH",14.967,102.083,188.0,1957-09-06,3.2,,32.1,28.2
TH000048431,"NAKHON RATCHASIMA, TH",14.967,102.083,188.0,1957-09-07,1.8,,32.8,25.2
TH000048431,"NAKHON RATCHASIMA, TH",14.967,102.083,188.0,1957-09-08,18.1,,31.2,27.3
TH000048431,"NAKHON RATCHASIMA, TH",14.967,102.083,188.0,1957-09-09,9.1,,30.6,22.3
TH000048431,"NAKHON RATCHASIMA, TH",14.967,102.083,188.0,1957-09-10,19.8,,32.1,29.2
TH000048431,"NAKHON RATCHASIMA, TH",14.967,102.083,188.0,1957-09-11,13.3,,31.0,24.3
TH000048431,"NAKHON RATCHASIMA, TH",14.967,102.083,188.0,1957-09-12,0.9,,31.0,25.3
TH000048431,"NAKHON RATCHASIMA, TH",14.967,102.083,188.0,1957-09-13,0.6,,31.8,24.2
TH000048431,"NAKHON RATCHASIMA, TH",14.967,102.083,188.0,1957-09-14,2.4,,33.2,25.2
TH000048431,"NAKHON RATCHASIMA, TH",14.967,102.083,188.0,1957-09-15,3.8,,32.8,24.2
TH000048431,"NAKHON RATCHASIMA, TH",14.967,102.083,188.0,1957-09-16,33.6,,31.3,28.2
TH000048431,"NAKHON RATCHASIMA, TH",14.967,102.083,188.0,1957-09-17,42.2,,30.4,25.1
TH000048431,"NAKHON RATCHASIMA, TH",14.967,102.083,188.0,1957-09-18,20.4,,31.3,29.2
TH000048431,"NAKHON RATCHASIMA, TH",14.967,102.083,188.0,1957-09-19,7.4,,31.0,21.2
TH000048431,"NAKHON RATCHASIMA, TH",14.967,102.083,188.0,1957-09-20,0.9,,31.8,23.3
TH000048431,"NAKHON RATCHASIMA, TH",14.967,102.083,188.0,1957-09-21,0.0,,33.0,27.3
TH000048431,"NAKHON RATCHASIMA, TH",14.967,102.083,188.0,1957-09-22,0.0,,33.1,20.3
TH000048431,"NAKHON RATCHASIMA, TH",14.967,102.083,188.0,1957-09-23,0.3,,33.6,22.3
TH000048431,"NAKHON RATCHASIMA, TH",14.967,102.083,188.0,1957-09-24,0.0,,31.9,25.4
TH000048431,"NAKHON RATCHASIMA, TH",14.967,102.083,188.0,1957-09-25,1.9,,32.3,25.3
TH000048431,"NAKHON RATCHASIMA, TH",14.967,102.083,188.0,1957-09-26,1.7,,32.3,25.3
TH000048431,"NAKHON RATCHASIMA, TH",14.967,102.083,188.0,1957-09-27,5.1,29.4,33.2,23.3
TH000048431,"NAKHON RATCHASIMA, TH",14.967,102.083,188.0,1957-09-28,0.9,,33.0,22.3
TH000048431,"NAKHON RATCHASIMA, TH",14.967,102.083,188.0,1957-09-29,15.0,26.1,32.4,26.2
TH000048431,"NAKHON RATCHASIMA, TH",14.967,102.083,188.0,1957-09-30,13.5,25.6,30.4,28.2
TH000048431,"NAKHON RATCHASIMA, TH",14.967,102.083,188.0,1957-10-01,26.5,25.3,27.5,23.4
TH000048431,"NAKHON RATCHASIMA, TH",14.967,102.083,188.0,1957-10-02,61.5,,28.0,22.9
TH000048431,"NAKHON RATCHASIMA, TH",14.967,102.083,188.0,1957-10-03,42.9,25.6,28.6,22.5
TH000048431,"NAKHON RATCHASIMA, TH",14.967,102.083,188.0,1957-10-04,22.7,27.0,30.6,22.9
TH000048431,"NAKHON RATCHASIMA, TH",14.967,102.083,188.0,1957-10-05,2.2,,31.0,22.7
TH000048431,"NAKHON RATCHASIMA, TH",14.967,102.083,188.0,1957-10-06,24.6,,29.3,23.6
TH000048431,"NAKHON RATCHASIMA, TH",14.967,102.083,188.0,1957-10-07,7.0,,27.3,22.1
TH000048431,"NAKHON RATCHASIMA, TH",14.967,102.083,188.0,1957-10-08,4.4,,29.3,23.0
TH000048431,"NAKHON RATCHASIMA, TH",14.967,102.083,188.0,1957-10-09,14.4,26.3,30.0,22.9
TH000048431,"NAKHON RATCHASIMA, TH",14.967,102.083,188.0,1957-10-10,0.2,,29.0,23.0
TH000048431,"NAKHON RATCHASIMA, TH",14.967,102.083,188.0,1957-10-11,0.0,,28.8,23.5
TH000048431,"NAKHON RATCHASIMA, TH",14.967,102.083,188.0,1957-10-12,0.0,,28.5,20.1
TH000048431,"NAKHON RATCHASIMA, TH",14.967,102.083,188.0,1957-10-13,0.5,,29.0,22.8
TH000048431,"NAKHON RATCHASIMA, TH",14.967,102.083,188.0,1957-10-14,0.0,,28.3,21.4
TH000048431,"NAKHON RATCHASIMA, TH",14.967,102.083,188.0,1957-10-15,0.0,,30.3,22.9
TH000048431,"NAKHON RATCHASIMA, TH",14.967,102.083,188.0,1957-10-16,0.0,,32.8,21.7
TH000048431,"NAKHON RATCHASIMA, TH",14.967,102.083,188.0,1957-10-17,0.0,,33.0,22.4
TH000048431,"NAKHON RATCHASIMA, TH",14.967,102.083,188.0,1957-10-18,0.5,26.4,27.6,23.2
TH000048431,"NAKHON RATCHASIMA, TH",14.967,102.083,188.0,1957-10-19,0.0,25.8,28.8,22.0
TH000048431,"NAKHON RATCHASIMA, TH",14.967,102.083,188.0,1957-10-20,0.0,28.2,30.7,20.6
TH000048431,"NAKHON RATCHASIMA, TH",14.967,102.083,188.0,1957-10-21,0.0,,31.5,21.9
TH000048431,"NAKHON RATCHASIMA, TH",14.967,102.083,188.0,1957-10-22,0.0,,32.2,22.7
TH000048431,"NAKHON RATCHASIMA, TH",14.967,102.083,188.0,1957-10-23,0.0,27.3,31.2,22.8
TH000048431,"NAKHON RATCHASIMA, TH",14.967,102.083,188.0,1957-10-24,0.0,,32.0,22.1
TH000048431,"NAKHON RATCHASIMA, TH",14.967,102.083,188.0,1957-10-25,0.0,,33.3,21.7
TH000048431,"NAKHON RATCHASIMA, TH",14.967,102.083,188.0,1957-10-26,0.0,,34.2,22.1
TH000048431,"NAKHON RATCHASIMA, TH",14.967,102.083,188.0,1957-10-27,0.0,,34.0,23.0
TH000048431,"NAKHON RATCHASIMA, TH",14.967,102.083,188.0,1957-10-28,0.0,,34.2,22.8
TH000048431,"NAKHON RATCHASIMA, TH",14.967,102.083,188.0,1957-10-29,2.4,,26.0,22.5
TH000048431,"NAKHON RATCHASIMA, TH",14.967,102.083,188.0,1957-10-30,0.0,23.8,26.6,20.9
TH000048431,"NAKHON RATCHASIMA, TH",14.967,102.083,188.0,1957-10-31,0.0,24.0,26.8,19.9
TH000048431,"NAKHON RATCHASIMA, TH",14.967,102.083,188.0,1957-11-01,0.0,25.7,31.5,19.2
TH000048431,"NAKHON RATCHASIMA, TH",14.967,102.083,188.0,1957-11-02,0.0,,30.7,20.4
TH000048431,"NAKHON RATCHASIMA, TH",14.967,102.083,188.0,1957-11-03,0.0,28.0,31.7,21.2
TH000048431,"NAKHON RATCHASIMA, TH",14.967,102.083,188.0,1957-11-04,0.0,,31.6,20.4
TH000048431,"NAKHON RATCHASIMA, TH",14.967,102.083,188.0,1957-11-05,0.0,,32.5,20.4
TH000048431,"NAKHON RATCHASIMA, TH",14.967,102.083,188.0,1957-11-06,0.0,,32.0,19.6
TH000048431,"NAKHON RATCHASIMA, TH",14.967,102.083,188.0,1957-11-07,0.0,28.6,32.7,19.2
TH000048431,"NAKHON RATCHASIMA, TH",14.967,102.083,188.0,1957-11-08,0.0,27.7,32.5,19.2
TH000048431,"NAKHON RATCHASIMA, TH",14.967,102.083,188.0,1957-11-09,0.0,,32.3,20.8
TH000048431,"NAKHON RATCHASIMA, TH",14.967,102.083,188.0,1957-11-10,0.1,27.2,32.0,21.8
TH000048431,"NAKHON RATCHASIMA, TH",14.967,102.083,188.0,1957-11-11,0.1,27.1,32.5,20.9
TH000048431,"NAKHON RATCHASIMA, TH",14.967,102.083,188.0,1957-11-12,0.0,,31.5,23.5
TH000048431,"NAKHON RATCHASIMA, TH",14.967,102.083,188.0,1957-11-13,0.0,,30.6,22.0
TH000048431,"NAKHON RATCHASIMA, TH",14.967,102.083,188.0,1957-11-14,0.0,27.2,31.0,21.2
TH000048431,"NAKHON RATCHASIMA, TH",14.967,102.083,188.0,1957-11-15,0.0,29.3,32.0,20.6
TH000048431,"NAKHON RATCHASIMA, TH",14.967,102.083,188.0,1957-11-16,3.7,27.9,32.5,20.9
TH000048431,"NAKHON RATCHASIMA, TH",14.967,102.083,188.0,1957-11-17,0.0,26.4,29.8,22.5
TH000048431,"NAKHON RATCHASIMA, TH",14.967,102.083,188.0,1957-11-18,0.0,,29.1,20.1
TH000048431,"NAKHON RATCHASIMA, TH",14.967,102.083,188.0,1957-11-19,0.0,26.1,29.5,15.7
TH000048431,"NAKHON RATCHASIMA, TH",14.967,102.083,188.0,1957-11-20,0.0,,28.8,18.6
TH000048431,"NAKHON RATCHASIMA, TH",14.967,102.083,188.0,1957-11-21,0.0,24.4,29.0,16.6
TH000048431,"NAKHON RATCHASIMA, TH",14.967,102.083,188.0,1957-11-22,0.0,,29.8,14.0
TH000048431,"NAKHON RATCHASIMA, TH",14.967,102.083,188.0,1957-11-23,0.0,26.0,29.7,15.2
TH000048431,"NAKHON RATCHASIMA, TH",14.967,102.083,188.0,1957-11-24,0.0,24.9,29.7,16.6
TH000048431,"NAKHON RATCHASIMA, TH",14.967,102.083,188.0,1957-11-25,0.0,,30.0,18.6
TH000048431,"NAKHON RATCHASIMA, TH",14.967,102.083,188.0,1957-11-26,0.0,25.0,29.8,19.9
TH000048431,"NAKHON RATCHASIMA, TH",14.967,102.083,188.0,1957-11-27,0.0,26.8,30.9,18.0
TH000048431,"NAKHON RATCHASIMA, TH",14.967,102.083,188.0,1957-11-28,0.0,,30.5,15.6
TH000048431,"NAKHON RATCHASIMA, TH",14.967,102.083,188.0,1957-11-29,0.0,,29.7,14.9
TH000048431,"NAKHON RATCHASIMA, TH",14.967,102.083,188.0,1957-11-30,0.0,,30.8,15.4
TH000048431,"NAKHON RATCHASIMA, TH",14.967,102.083,188.0,1957-12-01,0.0,25.2,27.8,19.1
TH000048431,"NAKHON RATCHASIMA, TH",14.967,102.083,188.0,1957-12-02,0.0,,29.2,17.0
TH000048431,"NAKHON RATCHASIMA, TH",14.967,102.083,188.0,1957-12-03,0.0,24.4,28.3,18.2
TH000048431,"NAKHON RATCHASIMA, TH",14.967,102.083,188.0,1957-12-04,0.0,,28.1,16.3
TH000048431,"NAKHON RATCHASIMA, TH",14.967,102.083,188.0,1957-12-05,0.0,,28.5,16.2
TH000048431,"NAKHON RATCHASIMA, TH",14.967,102.083,188.0,1957-12-06,0.0,23.4,28.4,15.5
TH000048431,"NAKHON RATCHASIMA, TH",14.967,102.083,188.0,1957-12-07,0.0,,29.1,12.6
TH000048431,"NAKHON RATCHASIMA, TH",14.967,102.083,188.0,1957-12-08,0.0,23.3,30.0,14.1
TH000048431,"NAKHON RATCHASIMA, TH",14.967,102.083,188.0,1957-12-09,0.0,24.6,31.0,16.5
TH000048431,"NAKHON RATCHASIMA, TH",14.967,102.083,188.0,1957-12-10,0.0,26.2,31.5,17.3
TH000048431,"NAKHON RATCHASIMA, TH",14.967,102.083,188.0,1957-12-11,0.0,24.2,31.2,16.7
TH000048431,"NAKHON RATCHASIMA, TH",14.967,102.083,188.0,1957-12-12,0.0,26.5,32.2,16.7
TH000048431,"NAKHON RATCHASIMA, TH",14.967,102.083,188.0,1957-12-13,0.0,27.8,34.0,16.5
TH000048431,"NAKHON RATCHASIMA, TH",14.967,102.083,188.0,1957-12-14,0.0,28.9,34.7,18.9
TH000048431,"NAKHON RATCHASIMA, TH",14.967,102.083,188.0,1957-12-15,0.0,28.3,32.2,18.7
TH000048431,"NAKHON RATCHASIMA, TH",14.967,102.083,188.0,1957-12-16,0.0,25.7,31.0,19.8
TH000048431,"NAKHON RATCHASIMA, TH",14.967,102.083,188.0,1957-12-17,0.0,,31.8,18.0
TH000048431,"NAKHON RATCHASIMA, TH",14.967,102.083,188.0,1957-12-18,0.0,,32.0,17.0
TH000048431,"NAKHON RATCHASIMA, TH",14.967,102.083,188.0,1957-12-19,0.0,24.6,30.5,15.8
TH000048431,"NAKHON RATCHASIMA, TH",14.967,102.083,188.0,1957-12-20,0.0,,31.6,14.2
TH000048431,"NAKHON RATCHASIMA, TH",14.967,102.083,188.0,1957-12-21,0.0,24.4,31.0,13.3
TH000048431,"NAKHON RATCHASIMA, TH",14.967,102.083,188.0,1957-12-22,0.0,,30.5,17.8
TH000048431,"NAKHON RATCHASIMA, TH",14.967,102.083,188.0,1957-12-23,0.0,23.5,30.9,16.2
TH000048431,"NAKHON RATCHASIMA, TH",14.967,102.083,188.0,1957-12-24,0.0,23.6,32.0,14.7
TH000048431,"NAKHON RATCHASIMA, TH",14.967,102.083,188.0,1957-12-25,0.0,25.0,32.2,14.5
TH000048431,"NAKHON RATCHASIMA, TH",14.967,102.083,188.0,1957-12-26,0.0,,33.2,15.0
TH000048431,"NAKHON RATCHASIMA, TH",14.967,102.083,188.0,1957-12-27,0.0,,34.2,16.0
TH000048431,"NAKHON RATCHASIMA, TH",14.967,102.083,188.0,1957-12-28,0.0,27.8,34.8,16.9
TH000048431,"NAKHON RATCHASIMA, TH",14.967,102.083,188.0,1957-12-29,0.0,26.9,34.8,17.8
TH000048431,"NAKHON RATCHASIMA, TH",14.967,102.083,188.0,1957-12-30,0.0,27.1,33.7,17.8
TH000048431,"NAKHON RATCHASIMA, TH",14.967,102.083,188.0,1957-12-31,0.0,23.3,30.4,17.6
TH000048431,"NAKHON RATCHASIMA, TH",14.967,102.083,188.0,1958-01-01,0.0,23.2,34.3,15.5
TH000048431,"NAKHON RATCHASIMA, TH",14.967,102.083,188.0,1958-01-02,0.0,25.2,31.7,16.0
TH000048431,"NAKHON RATCHASIMA, TH",14.967,102.083,188.0,1958-01-03,0.0,,29.8,15.0
TH000048431,"NAKHON RATCHASIMA, TH",14.967,102.083,188.0,1958-01-04,0.0,22.4,27.2,16.4
TH000048431,"NAKHON RATCHASIMA, TH",14.967,102.083,188.0,1958-01-05,0.0,22.9,26.0,12.6
TH000048431,"NAKHON RATCHASIMA, TH",14.967,102.083,188.0,1958-01-06,0.0,,27.5,10.5
TH000048431,"NAKHON RATCHASIMA, TH",14.967,102.083,188.0,1958-01-07,0.0,,29.2,12.0
TH000048431,"NAKHON RATCHASIMA, TH",14.967,102.083,188.0,1958-01-08,0.0,,31.3,15.0
TH000048431,"NAKHON RATCHASIMA, TH",14.967,102.083,188.0,1958-01-09,0.0,24.2,31.8,13.4
TH000048431,"NAKHON RATCHASIMA, TH",14.967,102.083,188.0,1958-01-10,0.0,24.4,32.7,15.1
TH000048431,"NAKHON RATCHASIMA, TH",14.967,102.083,188.0,1958-01-11,0.0,25.8,33.2,13.7
TH000048431,"NAKHON RATCHASIMA, TH",14.967,102.083,188.0,1958-01-12,0.0,,34.1,14.2
TH000048431,"NAKHON RATCHASIMA, TH",14.967,102.083,188.0,1958-01-13,0.0,29.7,34.7,14.4
TH000048431,"NAKHON RATCHASIMA, TH",14.967,102.083,188.0,1958-01-14,0.0,29.9,35.0,14.3
TH000048431,"NAKHON RATCHASIMA, TH",14.967,102.083,188.0,1958-01-15,0.0,25.0,35.0,15.0
TH000048431,"NAKHON RATCHASIMA, TH",14.967,102.083,188.0,1958-01-16,0.0,,33.4,16.1
TH000048431,"NAKHON RATCHASIMA, TH",14.967,102.083,188.0,1958-01-17,0.0,27.7,32.8,19.3
TH000048431,"NAKHON RATCHASIMA, TH",14.967,102.083,188.0,1958-01-18,0.0,28.4,34.0,20.8
TH000048431,"NAKHON RATCHASIMA, TH",14.967,102.083,188.0,1958-01-19,0.0,26.7,32.5,21.0
TH000048431,"NAKHON RATCHASIMA, TH",14.967,102.083,188.0,1958-01-20,0.0,25.6,31.7,20.3
TH000048431,"NAKHON RATCHASIMA, TH",14.967,102.083,188.0,1958-01-21,0.0,27.3,34.5,18.0
TH000048431,"NAKHON RATCHASIMA, TH",14.967,102.083,188.0,1958-01-22,0.0,,34.0,18.8
TH000048431,"NAKHON RATCHASIMA, TH",14.967,102.083,188.0,1958-01-23,0.0,,32.0,19.6
TH000048431,"NAKHON RATCHASIMA, TH",14.967,102.083,188.0,1958-01-24,0.0,,28.3,17.7
TH000048431,"NAKHON RATCHASIMA, TH",14.967,102.083,188.0,1958-01-25,0.0,24.2,30.2,16.4
TH000048431,"NAKHON RATCHASIMA, TH",14.967,102.083,188.0,1958-01-26,0.0,26.8,33.2,15.6
TH000048431,"NAKHON RATCHASIMA, TH",14.967,102.083,188.0,1958-01-27,0.0,25.4,32.0,16.9
TH000048431,"NAKHON RATCHASIMA, TH",14.967,102.083,188.0,1958-01-28,0.0,25.3,32.3,18.2
TH000048431,"NAKHON RATCHASIMA, TH",14.967,102.083,188.0,1958-01-29,0.0,27.6,33.8,20.0
TH000048431,"NAKHON RATCHASIMA, TH",14.967,102.083,188.0,1958-01-30,0.0,,34.5,18.8
TH000048431,"NAKHON RATCHASIMA, TH",14.967,102.083,188.0,1958-01-31,8.6,,34.1,21.6
TH000048431,"NAKHON RATCHASIMA, TH",14.967,102.083,188.0,1958-02-01,0.7,20.2,22.2,19.2
TH000048431,"NAKHON RATCHASIMA, TH",14.967,102.083,188.0,1958-02-02,0.0,22.0,26.0,18.5
TH000048431,"NAKHON RATCHASIMA, TH",14.967,102.083,188.0,1958-02-03,0.4,,27.5,18.0
TH000048431,"NAKHON RATCHASIMA, TH",14.967,102.083,188.0,1958-02-04,0.0,,30.3,20.4
TH000048431,"NAKHON RATCHASIMA, TH",14.967,102.083,188.0,1958-02-05,0.0,,32.0,18.8
TH000048431,"NAKHON RATCHASIMA, TH",14.967,102.083,188.0,1958-02-06,0.0,,35.0,19.5
TH000048431,"NAKHON RATCHASIMA, TH",14.967,102.083,188.0,1958-02-07,0.0,,36.7,21.0
TH000048431,"NAKHON RATCHASIMA, TH",14.967,102.083,188.0,1958-02-08,0.0,30.7,36.6,20.1
TH000048431,"NAKHON RATCHASIMA, TH",14.967,102.083,188.0,1958-02-09,0.0,,34.7,19.7
TH000048431,"NAKHON RATCHASIMA, TH",14.967,102.083,188.0,1958-02-10,0.0,,31.5,19.0
TH000048431,"NAKHON RATCHASIMA, TH",14.967,102.083,188.0,1958-02-11,0.0,22.5,28.5,16.4
TH000048431,"NAKHON RATCHASIMA, TH",14.967,102.083,188.0,1958-02-12,0.0,,27.4,16.0
TH000048431,"NAKHON RATCHASIMA, TH",14.967,102.083,188.0,1958-02-13,0.0,,28.1,15.4
TH000048431,"NAKHON RATCHASIMA, TH",14.967,102.083,188.0,1958-02-14,0.0,22.2,29.5,15.2
TH000048431,"NAKHON RATCHASIMA, TH",14.967,102.083,188.0,1958-02-15,0.0,27.2,32.6,13.0
TH000048431,"NAKHON RATCHASIMA, TH",14.967,102.083,188.0,1958-02-16,0.0,25.2,34.5,14.0
TH000048431,"NAKHON RATCHASIMA, TH",14.967,102.083,188.0,1958-02-17,0.0,,35.0,16.3
TH000048431,"NAKHON RATCHASIMA, TH",14.967,102.083,188.0,1958-02-18,0.0,27.8,36.5,16.5
TH000048431,"NAKHON RATCHASIMA, TH",14.967,102.083,188.0,1958-02-19,0.0,25.6,32.0,17.5
TH000048431,"NAKHON RATCHASIMA, TH",14.967,102.083,188.0,1958-02-20,0.0,,32.6,18.8
TH000048431,"NAKHON RATCHASIMA, TH",14.967,102.083,188.0,1958-02-21,0.0,,33.2,20.6
TH000048431,"NAKHON RATCHASIMA, TH",14.967,102.083,188.0,1958-02-22,0.0,,35.3,19.5
TH000048431,"NAKHON RATCHASIMA, TH",14.967,102.083,188.0,1958-02-23,0.4,,36.5,21.6
TH000048431,"NAKHON RATCHASIMA, TH",14.967,102.083,188.0,1958-02-24,15.4,,36.0,22.3
TH000048431,"NAKHON RATCHASIMA, TH",14.967,102.083,188.0,1958-02-25,0.0,,32.4,21.6
TH000048431,"NAKHON RATCHASIMA, TH",14.967,102.083,188.0,1958-02-26,0.0,,35.5,21.8
TH000048431,"NAKHON RATCHASIMA, TH",14.967,102.083,188.0,1958-02-27,0.0,,36.1,22.8
TH000048431,"NAKHON RATCHASIMA, TH",14.967,102.083,188.0,1958-02-28,0.0,,37.1,22.2
TH000048431,"NAKHON RATCHASIMA, TH",14.967,102.083,188.0,1958-03-01,0.0,,38.1,22.0
TH000048431,"NAKHON RATCHASIMA, TH",14.967,102.083,188.0,1958-03-02,0.0,,38.2,21.9
TH000048431,"NAKHON RATCHASIMA, TH",14.967,102.083,188.0,1958-03-03,2.2,,36.5,23.9
TH000048431,"NAKHON RATCHASIMA, TH",14.967,102.083,188.0,1958-03-04,0.0,,32.1,23.0
TH000048431,"NAKHON RATCHASIMA, TH",14.967,102.083,188.0,1958-03-05,0.0,,35.2,22.7
TH000048431,"NAKHON RATCHASIMA, TH",14.967,102.083,188.0,1958-03-06,0.0,,37.8,23.2
TH000048431,"NAKHON RATCHASIMA, TH",14.967,102.083,188.0,1958-03-07,0.2,,36.3,24.5
TH000048431,"NAKHON RATCHASIMA, TH",14.967,102.083,188.0,1958-03-08,0.0,,33.5,21.7
TH000048431,"NAKHON RATCHASIMA, TH",14.967,102.083,188.0,1958-03-09,0.0,,34.6,22.2
TH000048431,"NAKHON RATCHASIMA, TH",14.967,102.083,188.0,1958-03-10,0.2,,36.9,23.0
TH000048431,"NAKHON RATCHASIMA, TH",14.967,102.083,188.0,1958-03-11,0.0,,37.4,22.6
TH000048431,"NAKHON RATCHASIMA, TH",14.967,102.083,188.0,1958-03-12,0.0,,37.5,23.2
TH000048431,"NAKHON RATCHASIMA, TH",14.967,102.083,188.0,1958-03-13,0.5,,38.4,23.5
TH000048431,"NAKHON RATCHASIMA, TH",14.967,102.083,188.0,1958-03-14,0.0,,39.0,23.0
TH000048431,"NAKHON RATCHASIMA, TH",14.967,102.083,188.0,1958-03-15,0.0,,40.1,23.3
TH000048431,"NAKHON RATCHASIMA, TH",14.967,102.083,188.0,1958-03-16,0.0,,40.3,22.5
TH000048431,"NAKHON RATCHASIMA, TH",14.967,102.083,188.0,1958-03-17,0.0,,40.0,24.4
TH000048431,"NAKHON RATCHASIMA, TH",14.967,102.083,188.0,1958-03-18,0.0,,39.9,22.5
TH000048431,"NAKHON RATCHASIMA, TH",14.967,102.083,188.0,1958-03-19,0.0,,40.3,21.3
TH000048431,"NAKHON RATCHASIMA, TH",14.967,102.083,188.0,1958-03-20,0.0,,40.0,23.6
TH000048431,"NAKHON RATCHASIMA, TH",14.967,102.083,188.0,1958-03-21,0.0,,39.1,24.5
TH000048431,"NAKHON RATCHASIMA, TH",14.967,102.083,188.0,1958-03-22,0.0,,40.0,24.6
TH000048431,"NAKHON RATCHASIMA, TH",14.967,102.083,188.0,1958-03-23,0.0,,40.5,23.9
TH000048431,"NAKHON RATCHASIMA, TH",14.967,102.083,188.0,1958-03-24,0.0,32.8,40.6,25.0
TH000048431,"NAKHON RATCHASIMA, TH",14.967,102.083,188.0,1958-03-25,0.0,,40.4,25.0
TH000048431,"NAKHON RATCHASIMA, TH",14.967,102.083,188.0,1958-03-26,0.0,,41.1,23.0
TH000048431,"NAKHON RATCHASIMA, TH",14.967,102.083,188.0,1958-03-27,0.0,,40.7,23.3
TH000048431,"NAKHON RATCHASIMA, TH",14.967,102.083,188.0,1958-03-28,10.0,,38.0,24.0
TH000048431,"NAKHON RATCHASIMA, TH",14.967,102.083,188.0,1958-03-29,0.0,,31.7,19.9
TH000048431,"NAKHON RATCHASIMA, TH",14.967,102.083,188.0,1958-03-30,0.0,,33.8,20.5
TH000048431,"NAKHON RATCHASIMA, TH",14.967,102.083,188.0,1958-03-31,0.0,,36.8,22.2
TH000048431,"NAKHON RATCHASIMA, TH",14.967,102.083,188.0,1958-04-01,0.0,,38.1,24.2
TH000048431,"NAKHON RATCHASIMA, TH",14.967,102.083,188.0,1958-04-02,0.0,,39.0,23.3
TH000048431,"NAKHON RATCHASIMA, TH",14.967,102.083,188.0,1958-04-03,0.0,,40.5,24.4
TH000048431,"NAKHON RATCHASIMA, TH",14.967,102.083,188.0,1958-04-04,0.0,,40.0,24.9
TH000048431,"NAKHON RATCHASIMA, TH",14.967,102.083,188.0,1958-04-05,0.0,,41.3,24.5
TH000048431,"NAKHON RATCHASIMA, TH",14.967,102.083,188.0,1958-04-06,0.0,,41.0,23.0
TH000048431,"NAKHON RATCHASIMA, TH",14.967,102.083,188.0,1958-04-07,0.0,,39.8,24.8
TH000048431,"NAKHON RATCHASIMA, TH",14.967,102.083,188.0,1958-04-08,0.0,,37.8,24.5
TH000048431,"NAKHON RATCHASIMA, TH",14.967,102.083,188.0,1958-04-09,0.0,,39.5,24.6
TH000048431,"NAKHON RATCHASIMA, TH",14.967,102.083,188.0,1958-04-10,12.8,32.2,40.0,25.3
TH000048431,"NAKHON RATCHASIMA, TH",14.967,102.083,188.0,1958-04-11,0.0,,39.0,24.0
TH000048431,"NAKHON RATCHASIMA, TH",14.967,102.083,188.0,1958-04-12,0.0,,38.3,25.6
TH000048431,"NAKHON RATCHASIMA, TH",14.967,102.083,188.0,1958-04-13,0.0,32.8,38.5,25.0
TH000048431,"NAKHON RATCHASIMA, TH",14.967,102.083,188.0,1958-04-14,0.0,30.6,33.6,23.7
TH000048431,"NAKHON RATCHASIMA, TH",14.967,102.083,188.0,1958-04-15,0.0,30.9,35.2,24.4
TH000048431,"NAKHON RATCHASIMA, TH",14.967,102.083,188.0,1958-04-16,0.0,29.3,32.8,24.5
TH000048431,"NAKHON RATCHASIMA, TH",14.967,102.083,188.0,1958-04-17,31.8,29.2,34.9,23.7
TH000048431,"NAKHON RATCHASIMA, TH",14.967,102.083,188.0,1958-04-18,29.6,30.1,35.8,23.5
TH000048431,"NAKHON RATCHASIMA, TH",14.967,102.083,188.0,1958-04-19,0.0,29.5,34.3,22.4
TH000048431,"NAKHON RATCHASIMA, TH",14.967,102.083,188.0,1958-04-20,0.0,31.1,37.4,24.3
TH000048431,"NAKHON RATCHASIMA, TH",14.967,102.083,188.0,1958-04-21,0.0,32.7,37.7,25.0
TH000048431,"NAKHON RATCHASIMA, TH",14.967,102.083,188.0,1958-04-22,0.0,33.2,39.0,24.5
TH000048431,"NAKHON RATCHASIMA, TH",14.967,102.083,188.0,1958-04-23,0.0,32.6,39.3,24.7
TH000048431,"NAKHON RATCHASIMA, TH",14.967,102.083,188.0,1958-04-24,0.0,34.6,41.0,24.0
TH000048431,"NAKHON RATCHASIMA, TH",14.967,102.083,188.0,1958-04-25,0.0,34.1,40.7,25.8
TH000048431,"NAKHON RATCHASIMA, TH",14.967,102.083,188.0,1958-04-26,1.2,31.1,38.1,26.2
TH000048431,"NAKHON RATCHASIMA, TH",14.967,102.083,188.0,1958-04-27,0.0,30.3,38.0,22.4
TH000048431,"NAKHON RATCHASIMA, TH",14.967,102.083,188.0,1958-04-28,0.0,30.1,36.0,23.4
TH000048431,"NAKHON RATCHASIMA, TH",14.967,102.083,188.0,1958-04-29,0.0,31.8,37.1,24.5
TH000048431,"NAKHON RATCHASIMA, TH",14.967,102.083,188.0,1958-04-30,0.0,34.0,38.7,24.1
TH000048431,"NAKHON RATCHASIMA, TH",14.967,102.083,188.0,1958-05-01,0.1,27.8,38.8,27.5
TH000048431,"NAKHON RATCHASIMA, TH",14.967,102.083,188.0,1958-05-02,0.3,29.2,39.5,28.3
TH000048431,"NAKHON RATCHASIMA, TH",14.967,102.083,188.0,1958-05-03,5.3,32.9,38.2,24.4
TH000048431,"NAKHON RATCHASIMA, TH",14.967,102.083,188.0,1958-05-04,0.0,,35.5,20.4
TH000048431,"NAKHON RATCHASIMA, TH",14.967,102.083,188.0,1958-05-05,0.0,33.9,39.8,27.3
TH000048431,"NAKHON RATCHASIMA, TH",14.967,102.083,188.0,1958-05-06,11.8,,39.7,22.5
TH000048431,"NAKHON RATCHASIMA, TH",14.967,102.083,188.0,1958-05-07,8.1,30.9,37.2,25.3
TH000048431,"NAKHON RATCHASIMA, TH",14.967,102.083,188.0,1958-05-08,0.0,32.3,38.0,23.5
TH000048431,"NAKHON RATCHASIMA, TH",14.967,102.083,188.0,1958-05-09,0.0,33.1,38.0,26.5
TH000048431,"NAKHON RATCHASIMA, TH",14.967,102.083,188.0,1958-05-10,0.0,33.7,39.6,28.5
TH000048431,"NAKHON RATCHASIMA, TH",14.967,102.083,188.0,1958-05-11,0.0,34.1,39.5,25.5
TH000048431,"NAKHON RATCHASIMA, TH",14.967,102.083,188.0,1958-05-12,0.2,31.6,38.0,22.6
TH000048431,"NAKHON RATCHASIMA, TH",14.967,102.083,188.0,1958-05-13,0.1,30.4,37.9,28.4
TH000048431,"NAKHON RATCHASIMA, TH",14.967,102.083,188.0,1958-05-14,31.5,30.9,37.0,25.5
TH000048431,"NAKHON RATCHASIMA, TH",14.967,102.083,188.0,1958-05-15,0.0,31.0,35.5,26.3
TH000048431,"NAKHON RATCHASIMA, TH",14.967,102.083,188.0,1958-05-16,4.9,30.0,36.3,26.5
TH000048431,"NAKHON RATCHASIMA, TH",14.967,102.083,188.0,1958-05-17,10.2,27.6,32.7,23.3
TH000048431,"NAKHON RATCHASIMA, TH",14.967,102.083,188.0,1958-05-18,0.0,27.9,34.8,23.3
TH000048431,"NAKHON RATCHASIMA, TH",14.967,102.083,188.0,1958-05-19,21.7,29.9,35.0,20.5
TH000048431,"NAKHON RATCHASIMA, TH",14.967,102.083,188.0,1958-05-20,0.0,31.8,35.6,29.4
TH000048431,"NAKHON RATCHASIMA, TH",14.967,102.083,188.0,1958-05-21,0.0,31.6,35.5,28.5
TH000048431,"NAKHON RATCHASIMA, TH",14.967,102.083,188.0,1958-05-22,0.0,32.1,36.4,29.5
TH000048431,"NAKHON RATCHASIMA, TH",14.967,102.083,188.0,1958-05-23,0.0,30.8,36.6,24.5
TH000048431,"NAKHON RATCHASIMA, TH",14.967,102.083,188.0,1958-05-24,0.0,32.5,36.5,27.4
TH000048431,"NAKHON RATCHASIMA, TH",14.967,102.083,188.0,1958-05-25,0.7,30.4,35.4,27.5
TH000048431,"NAKHON RATCHASIMA, TH",14.967,102.083,188.0,1958-05-26,0.0,29.6,36.0,25.3
TH000048431,"NAKHON RATCHASIMA, TH",14.967,102.083,188.0,1958-05-27,2.0,31.3,37.1,22.4
TH000048431,"NAKHON RATCHASIMA, TH",14.967,102.083,188.0,1958-05-28,0.0,30.2,34.3,27.3
TH000048431,"NAKHON RATCHASIMA, TH",14.967,102.083,188.0,1958-05-29,0.0,31.6,36.0,26.4
TH000048431,"NAKHON RATCHASIMA, TH",14.967,102.083,188.0,1958-05-30,0.0,31.6,36.4,20.4
TH000048431,"NAKHON RATCHASIMA, TH",14.967,102.083,188.0,1958-05-31,0.0,32.6,37.7,25.4
TH000048431,"NAKHON RATCHASIMA, TH",14.967,102.083,188.0,1958-06-01,0.6,30.1,35.6,25.0
TH000048431,"NAKHON RATCHASIMA, TH",14.967,102.083,188.0,1958-06-02,0.0,31.1,36.4,25.5
TH000048431,"NAKHON RATCHASIMA, TH",14.967,102.083,188.0,1958-06-03,13.9,29.4,34.8,25.6
TH000048431,"NAKHON RATCHASIMA, TH",14.967,102.083,188.0,1958-06-04,2.3,27.6,32.1,23.3
TH000048431,"NAKHON RATCHASIMA, TH",14.967,102.083,188.0,1958-06-05,1.7,26.4,31.8,23.6
TH000048431,"NAKHON RATCHASIMA, TH",14.967,102.083,188.0,1958-06-06,0.0,27.0,28.6,23.9
TH000048431,"NAKHON RATCHASIMA, TH",14.967,102.083,188.0,1958-06-07,0.2,29.4,34.3,23.4
TH000048431,"NAKHON RATCHASIMA, TH",14.967,102.083,188.0,1958-06-08,0.0,30.4,35.6,24.8
TH000048431,"NAKHON RATCHASIMA, TH",14.967,102.083,188.0,1958-06-09,0.1,29.3,33.7,24.9
TH000048431,"NAKHON RATCHASIMA, TH",14.967,102.083,188.0,1958-06-10,0.1,30.6,36.4,25.4
TH000048431,"NAKHON RATCHASIMA, TH",14.967,102.083,188.0,1958-06-11,4.0,28.7,34.3,24.9
TH000048431,"NAKHON RATCHASIMA, TH",14.967,102.083,188.0,1958-06-12,28.6,27.6,35.6,23.6
TH000048431,"NAKHON RATCHASIMA, TH",14.967,102.083,188.0,1958-06-13,3.8,27.8,32.3,24.9
TH000048431,"NAKHON RATCHASIMA, TH",14.967,102.083,188.0,1958-06-14,20.2,29.7,33.8,24.7
TH000048431,"NAKHON RATCHASIMA, TH",14.967,102.083,188.0,1958-06-15,0.1,28.6,34.0,24.4
TH000048431,"NAKHON RATCHASIMA, TH",14.967,102.083,188.0,1958-06-16,10.7,29.4,33.3,24.2
TH000048431,"NAKHON RATCHASIMA, TH",14.967,102.083,188.0,1958-06-17,0.0,28.7,33.0,25.0
TH000048431,"NAKHON RATCHASIMA, TH",14.967,102.083,188.0,1958-06-18,0.2,27.5,31.3,24.3
TH000048431,"NAKHON RATCHASIMA, TH",14.967,102.083,188.0,1958-06-19,0.0,28.4,33.5,24.4
TH000048431,"NAKHON RATCHASIMA, TH",14.967,102.083,188.0,1958-06-20,0.0,29.6,34.5,23.5
TH000048431,"NAKHON RATCHASIMA, TH",14.967,102.083,188.0,1958-06-21,0.0,31.1,35.6,24.5
TH000048431,"NAKHON RATCHASIMA, TH",14.967,102.083,188.0,1958-06-22,0.0,31.0,35.6,24.1
TH000048431,"NAKHON RATCHASIMA, TH",14.967,102.083,188.0,1958-06-23,0.0,31.4,37.0,24.3
TH000048431,"NAKHON RATCHASIMA, TH",14.967,102.083,188.0,1958-06-24,0.0,32.1,37.7,25.2
TH000048431,"NAKHON RATCHASIMA, TH",14.967,102.083,188.0,1958-06-25,0.0,29.9,36.4,25.3
TH000048431,"NAKHON RATCHASIMA, TH",14.967,102.083,188.0,1958-06-26,0.5,27.8,34.2,24.4
TH000048431,"NAKHON RATCHASIMA, TH",14.967,102.083,188.0,1958-06-27,17.0,28.2,35.0,24.3
TH000048431,"NAKHON RATCHASIMA, TH",14.967,102.083,188.0,1958-06-28,1.0,26.6,29.5,23.4
TH000048431,"NAKHON RATCHASIMA, TH",14.967,102.083,188.0,1958-06-29,0.1,26.7,30.2,23.5
TH000048431,"NAKHON RATCHASIMA, TH",14.967,102.083,188.0,1958-06-30,14.4,27.4,35.5,22.6
TH000048431,"NAKHON RATCHASIMA, TH",14.967,102.083,188.0,1958-07-01,0.0,27.4,34.7,22.9
TH000048431,"NAKHON RATCHASIMA, TH",14.967,102.083,188.0,1958-07-02,4.7,28.4,33.3,23.9
TH000048431,"NAKHON RATCHASIMA, TH",14.967,102.083,188.0,1958-07-03,44.1,27.4,31.6,22.6
TH000048431,"NAKHON RATCHASIMA, TH",14.967,102.083,188.0,1958-07-04,45.2,25.5,29.8,23.4
TH000048431,"NAKHON RATCHASIMA, TH",14.967,102.083,188.0,1958-07-05,4.7,27.4,31.1,23.1
TH000048431,"NAKHON RATCHASIMA, TH",14.967,102.083,188.0,1958-07-06,0.0,27.8,32.7,23.7
TH000048431,"NAKHON RATCHASIMA, TH",14.967,102.083,188.0,1958-07-07,0.1,28.2,32.7,23.7
TH000048431,"NAKHON RATCHASIMA, TH",14.967,102.083,188.0,1958-07-08,0.0,28.1,30.9,24.6
TH000048431,"NAKHON RATCHASIMA, TH",14.967,102.083,188.0,1958-07-09,2.6,27.5,30.2,23.6
TH000048431,"NAKHON RATCHASIMA, TH",14.967,102.083,188.0,1958-07-10,0.0,28.1,33.0,24.0
TH000048431,"NAKHON RATCHASIMA, TH",14.967,102.083,188.0,1958-07-11,0.4,27.9,34.0,23.9
TH000048431,"NAKHON RATCHASIMA, TH",14.967,102.083,188.0,1958-07-12,0.0,28.9,33.2,23.5
TH000048431,"NAKHON RATCHASIMA, TH",14.967,102.083,188.0,1958-07-13,0.3,28.4,32.7,23.1
TH000048431,"NAKHON RATCHASIMA, TH",14.967,102.083,188.0,1958-07-14,0.0,28.2,31.8,23.8
TH000048431,"NAKHON RATCHASIMA, TH",14.967,102.083,188.0,1958-07-15,5.3,28.2,33.0,24.4
TH000048431,"NAKHON RATCHASIMA, TH",14.967,102.083,188.0,1958-07-16,0.0,28.2,31.4,23.3
TH000048431,"NAKHON RATCHASIMA, TH",14.967,102.083,188.0,1958-07-17,0.0,28.7,32.4,24.7
TH000048431,"NAKHON RATCHASIMA, TH",14.967,102.083,188.0,1958-07-18,0.0,28.9,32.0,25.0
TH000048431,"NAKHON RATCHASIMA, TH",14.967,102.083,188.0,1958-07-19,0.0,28.5,32.5,25.3
TH000048431,"NAKHON RATCHASIMA, TH",14.967,102.083,188.0,1958-07-20,2.3,28.7,33.3,25.5
TH000048431,"NAKHON RATCHASIMA, TH",14.967,102.083,188.0,1958-07-21,5.0,27.8,33.4,23.9
TH000048431,"NAKHON RATCHASIMA, TH",14.967,102.083,188.0,1958-07-22,0.0,27.1,30.7,23.5
TH000048431,"NAKHON RATCHASIMA, TH",14.967,102.083,188.0,1958-07-23,35.0,26.8,32.2,23.8
TH000048431,"NAKHON RATCHASIMA, TH",14.967,102.083,188.0,1958-07-24,0.1,27.2,30.8,23.8
TH000048431,"NAKHON RATCHASIMA, TH",14.967,102.083,188.0,1958-07-25,0.0,28.6,33.8,23.6
TH000048431,"NAKHON RATCHASIMA, TH",14.967,102.083,188.0,1958-07-26,0.0,29.8,32.8,23.5
TH000048431,"NAKHON RATCHASIMA, TH",14.967,102.083,188.0,1958-07-27,0.0,28.8,33.0,23.4
TH000048431,"NAKHON RATCHASIMA, TH",14.967,102.083,188.0,1958-07-28,0.0,29.7,33.7,23.5
TH000048431,"NAKHON RATCHASIMA, TH",14.967,102.083,188.0,1958-07-29,0.0,29.4,33.5,23.8
TH000048431,"NAKHON RATCHASIMA, TH",14.967,102.083,188.0,1958-07-30,0.0,29.4,33.6,23.3
TH000048431,"NAKHON RATCHASIMA, TH",14.967,102.083,188.0,1958-07-31,17.4,27.1,32.4,23.1
TH000048431,"NAKHON RATCHASIMA, TH",14.967,102.083,188.0,1958-08-01,0.0,27.7,30.6,23.0
TH000048431,"NAKHON RATCHASIMA, TH",14.967,102.083,188.0,1958-08-02,0.0,30.2,36.1,23.7
TH000048431,"NAKHON RATCHASIMA, TH",14.967,102.083,188.0,1958-08-03,0.7,29.2,37.7,24.0
TH000048431,"NAKHON RATCHASIMA, TH",14.967,102.083,188.0,1958-08-04,0.0,29.4,36.3,24.1
TH000048431,"NAKHON RATCHASIMA, TH",14.967,102.083,188.0,1958-08-05,0.0,28.7,34.3,24.1
TH000048431,"NAKHON RATCHASIMA, TH",14.967,102.083,188.0,1958-08-06,0.0,27.4,34.0,24.1
TH000048431,"NAKHON RATCHASIMA, TH",14.967,102.083,188.0,1958-08-07,8.7,27.4,34.5,23.9
TH000048431,"NAKHON RATCHASIMA, TH",14.967,102.083,188.0,1958-08-08,3.3,28.3,33.5,23.4
TH000048431,"NAKHON RATCHASIMA, TH",14.967,102.083,188.0,1958-08-09,40.7,27.8,34.1,24.8
TH000048431,"NAKHON RATCHASIMA, TH",14.967,102.083,188.0,1958-08-10,50.3,26.3,32.0,21.9
TH000048431,"NAKHON RATCHASIMA, TH",14.967,102.083,188.0,1958-08-11,2.2,25.6,30.9,22.4
TH000048431,"NAKHON RATCHASIMA, TH",14.967,102.083,188.0,1958-08-12,6.8,28.0,32.2,22.6
TH000048431,"NAKHON RATCHASIMA, TH",14.967,102.083,188.0,1958-08-13,3.7,25.9,32.0,22.8
TH000048431,"NAKHON RATCHASIMA, TH",14.967,102.083,188.0,1958-08-14,19.6,26.3,32.3,22.9
TH000048431,"NAKHON RATCHASIMA, TH",14.967,102.083,188.0,1958-08-15,19.1,27.4,33.0,23.1
TH000048431,"NAKHON RATCHASIMA, TH",14.967,102.083,188.0,1958-08-16,6.4,27.4,32.6,23.6
TH000048431,"NAKHON RATCHASIMA, TH",14.967,102.083,188.0,1958-08-17,1.3,25.7,30.5,23.8
TH000048431,"NAKHON RATCHASIMA, TH",14.967,102.083,188.0,1958-08-18,0.1,26.9,30.5,22.6
TH000048431,"NAKHON RATCHASIMA, TH",14.967,102.083,188.0,1958-08-19,3.3,25.6,29.0,23.5
TH000048431,"NAKHON RATCHASIMA, TH",14.967,102.083,188.0,1958-08-20,3.1,26.5,30.2,22.7
TH000048431,"NAKHON RATCHASIMA, TH",14.967,102.083,188.0,1958-08-21,0.0,27.2,31.5,23.0
TH000048431,"NAKHON RATCHASIMA, TH",14.967,102.083,188.0,1958-08-22,6.3,27.3,32.2,23.3
TH000048431,"NAKHON RATCHASIMA, TH",14.967,102.083,188.0,1958-08-23,1.4,27.8,34.0,22.8
TH000048431,"NAKHON RATCHASIMA, TH",14.967,102.083,188.0,1958-08-24,0.0,28.9,33.1,23.3
TH000048431,"NAKHON RATCHASIMA, TH",14.967,102.083,188.0,1958-08-25,49.0,28.7,33.5,24.1
TH000048431,"NAKHON RATCHASIMA, TH",14.967,102.083,188.0,1958-08-26,2.4,27.9,32.6,23.2
TH000048431,"NAKHON RATCHASIMA, TH",14.967,102.083,188.0,1958-08-27,0.0,28.4,33.0,24.3
TH000048431,"NAKHON RATCHASIMA, TH",14.967,102.083,188.0,1958-08-28,1.4,28.2,33.5,24.7
TH000048431,"NAKHON RATCHASIMA, TH",14.967,102.083,188.0,1958-08-29,0.3,26.1,28.6,24.3
TH000048431,"NAKHON RATCHASIMA, TH",14.967,102.083,188.0,1958-08-30,0.0,26.8,30.5,23.7
TH000048431,"NAKHON RATCHASIMA, TH",14.967,102.083,188.0,1958-08-31,11.2,28.4,32.1,23.7
TH000048431,"NAKHON RATCHASIMA, TH",14.967,102.083,188.0,1958-09-01,12.6,27.3,32.2,20.4
TH000048431,"NAKHON RATCHASIMA, TH",14.967,102.083,188.0,1958-09-02,30.6,25.3,28.0,20.2
TH000048431,"NAKHON RATCHASIMA, TH",14.967,102.083,188.0,1958-09-03,0.0,26.6,31.7,21.3
TH000048431,"NAKHON RATCHASIMA, TH",14.967,102.083,188.0,1958-09-04,0.0,28.4,32.5,26.3
TH000048431,"NAKHON RATCHASIMA, TH",14.967,102.083,188.0,1958-09-05,0.0,28.7,31.8,26.3
TH000048431,"NAKHON RATCHASIMA, TH",14.967,102.083,188.0,1958-09-06,0.0,28.8,32.4,25.3
TH000048431,"NAKHON RATCHASIMA, TH",14.967,102.083,188.0,1958-09-07,36.1,24.2,27.5,28.4
TH000048431,"NAKHON RATCHASIMA, TH",14.967,102.083,188.0,1958-09-08,89.4,22.8,24.0,20.2
TH000048431,"NAKHON RATCHASIMA, TH",14.967,102.083,188.0,1958-09-09,2.5,25.8,29.4,27.1
TH000048431,"NAKHON RATCHASIMA, TH",14.967,102.083,188.0,1958-09-10,0.0,25.8,28.7,27.2
TH000048431,"NAKHON RATCHASIMA, TH",14.967,102.083,188.0,1958-09-11,0.4,27.5,31.8,20.3
TH000048431,"NAKHON RATCHASIMA, TH",14.967,102.083,188.0,1958-09-12,6.9,27.0,33.2,28.3
TH000048431,"NAKHON RATCHASIMA, TH",14.967,102.083,188.0,1958-09-13,0.0,28.5,33.0,26.3
TH000048431,"NAKHON RATCHASIMA, TH",14.967,102.083,188.0,1958-09-14,0.0,29.2,33.9,26.3
TH000048431,"NAKHON RATCHASIMA, TH",14.967,102.083,188.0,1958-09-15,0.0,27.2,33.0,23.4
TH000048431,"NAKHON RATCHASIMA, TH",14.967,102.083,188.0,1958-09-16,2.1,28.1,34.1,29.3
TH000048431,"NAKHON RATCHASIMA, TH",14.967,102.083,188.0,1958-09-17,0.5,27.9,33.3,22.3
TH000048431,"NAKHON RATCHASIMA, TH",14.967,102.083,188.0,1958-09-18,0.1,26.7,32.8,29.3
TH000048431,"NAKHON RATCHASIMA, TH",14.967,102.083,188.0,1958-09-19,0.0,27.2,32.3,24.3
TH000048431,"NAKHON RATCHASIMA, TH",14.967,102.083,188.0,1958-09-20,0.3,28.2,33.1,20.3
TH000048431,"NAKHON RATCHASIMA, TH",14.967,102.083,188.0,1958-09-21,26.2,26.9,33.2,21.3
TH000048431,"NAKHON RATCHASIMA, TH",14.967,102.083,188.0,1958-09-22,21.5,25.5,29.6,20.1
TH000048431,"NAKHON RATCHASIMA, TH",14.967,102.083,188.0,1958-09-23,11.2,24.9,27.0,20.3
TH000048431,"NAKHON RATCHASIMA, TH",14.967,102.083,188.0,1958-09-24,11.8,25.4,29.4,21.3
TH000048431,"NAKHON RATCHASIMA, TH",14.967,102.083,188.0,1958-09-25,28.7,24.6,28.6,26.2
TH000048431,"NAKHON RATCHASIMA, TH",14.967,102.083,188.0,1958-09-26,40.3,24.0,26.2,28.2
TH000048431,"NAKHON RATCHASIMA, TH",14.967,102.083,188.0,1958-09-27,0.0,26.6,30.3,20.3
TH000048431,"NAKHON RATCHASIMA, TH",14.967,102.083,188.0,1958-09-28,0.0,26.7,30.5,23.2
TH000048431,"NAKHON RATCHASIMA, TH",14.967,102.083,188.0,1958-09-29,0.0,26.4,30.3,23.2
TH000048431,"NAKHON RATCHASIMA, TH",14.967,102.083,188.0,1958-09-30,0.8,26.3,29.6,28.2
TH000048431,"NAKHON RATCHASIMA, TH",14.967,102.083,188.0,1958-10-01,14.7,25.7,30.5,22.1
TH000048431,"NAKHON RATCHASIMA, TH",14.967,102.083,188.0,1958-10-02,8.9,25.1,29.0,22.6
TH000048431,"NAKHON RATCHASIMA, TH",14.967,102.083,188.0,1958-10-03,16.6,26.3,30.5,23.1
TH000048431,"NAKHON RATCHASIMA, TH",14.967,102.083,188.0,1958-10-04,0.4,26.4,30.7,23.3
TH000048431,"NAKHON RATCHASIMA, TH",14.967,102.083,188.0,1958-10-05,1.7,26.6,29.5,22.3
TH000048431,"NAKHON RATCHASIMA, TH",14.967,102.083,188.0,1958-10-06,0.0,27.5,30.9,23.9
TH000048431,"NAKHON RATCHASIMA, TH",14.967,102.083,188.0,1958-10-07,14.9,24.4,27.5,22.7
TH000048431,"NAKHON RATCHASIMA, TH",14.967,102.083,188.0,1958-10-08,12.6,26.4,30.2,22.7
TH000048431,"NAKHON RATCHASIMA, TH",14.967,102.083,188.0,1958-10-09,0.2,25.3,28.7,22.5
TH000048431,"NAKHON RATCHASIMA, TH",14.967,102.083,188.0,1958-10-10,7.6,26.5,32.3,22.7
TH000048431,"NAKHON RATCHASIMA, TH",14.967,102.083,188.0,1958-10-11,56.0,25.2,28.0,24.0
TH000048431,"NAKHON RATCHASIMA, TH",14.967,102.083,188.0,1958-10-12,0.0,26.6,31.7,22.2
TH000048431,"NAKHON RATCHASIMA, TH",14.967,102.083,188.0,1958-10-13,29.9,26.9,31.8,23.2
TH000048431,"NAKHON RATCHASIMA, TH",14.967,102.083,188.0,1958-10-14,0.0,26.4,31.6,22.8
TH000048431,"NAKHON RATCHASIMA, TH",14.967,102.083,188.0,1958-10-15,0.2,27.2,32.4,23.1
TH000048431,"NAKHON RATCHASIMA, TH",14.967,102.083,188.0,1958-10-16,22.8,27.0,31.3,23.3
TH000048431,"NAKHON RATCHASIMA, TH",14.967,102.083,188.0,1958-10-17,3.1,27.1,30.8,22.6
TH000048431,"NAKHON RATCHASIMA, TH",14.967,102.083,188.0,1958-10-18,0.0,24.6,27.6,23.5
TH000048431,"NAKHON RATCHASIMA, TH",14.967,102.083,188.0,1958-10-19,6.4,26.0,29.4,22.0
TH000048431,"NAKHON RATCHASIMA, TH",14.967,102.083,188.0,1958-10-20,14.3,25.1,29.2,22.3
TH000048431,"NAKHON RATCHASIMA, TH",14.967,102.083,188.0,1958-10-21,0.0,25.8,31.6,21.9
TH000048431,"NAKHON RATCHASIMA, TH",14.967,102.083,188.0,1958-10-22,0.0,26.1,31.8,23.1
TH000048431,"NAKHON RATCHASIMA, TH",14.967,102.083,188.0,1958-10-23,0.0,26.2,31.2,22.8
TH000048431,"NAKHON RATCHASIMA, TH",14.967,102.083,188.0,1958-10-24,0.0,25.6,31.1,22.1
TH000048431,"NAKHON RATCHASIMA, TH",14.967,102.083,188.0,1958-10-25,0.0,25.1,29.7,21.9
TH000048431,"NAKHON RATCHASIMA, TH",14.967,102.083,188.0,1958-10-26,0.0,23.3,26.8,21.5
TH000048431,"NAKHON RATCHASIMA, TH",14.967,102.083,188.0,1958-10-27,0.0,23.0,27.0,20.2
TH000048431,"NAKHON RATCHASIMA, TH",14.967,102.083,188.0,1958-10-28,0.0,23.2,28.3,20.0
TH000048431,"NAKHON RATCHASIMA, TH",14.967,102.083,188.0,1958-10-29,0.0,22.8,27.5,19.7
TH000048431,"NAKHON RATCHASIMA, TH",14.967,102.083,188.0,1958-10-30,0.0,22.5,27.5,16.7
TH000048431,"NAKHON RATCHASIMA, TH",14.967,102.083,188.0,1958-10-31,0.0,22.1,27.1,16.7
TH000048431,"NAKHON RATCHASIMA, TH",14.967,102.083,188.0,1958-11-01,0.0,22.2,26.5,17.3
TH000048431,"NAKHON RATCHASIMA, TH",14.967,102.083,188.0,1958-11-02,0.0,21.4,26.8,18.2
TH000048431,"NAKHON RATCHASIMA, TH",14.967,102.083,188.0,1958-11-03,0.0,21.6,27.1,14.6
TH000048431,"NAKHON RATCHASIMA, TH",14.967,102.083,188.0,1958-11-04,0.0,22.6,27.8,16.9
TH000048431,"NAKHON RATCHASIMA, TH",14.967,102.083,188.0,1958-11-05,0.0,22.9,27.7,18.5
TH000048431,"NAKHON RATCHASIMA, TH",14.967,102.083,188.0,1958-11-06,0.0,23.0,28.2,18.7
TH000048431,"NAKHON RATCHASIMA, TH",14.967,102.083,188.0,1958-11-07,0.0,23.4,28.0,17.3
TH000048431,"NAKHON RATCHASIMA, TH",14.967,102.083,188.0,1958-11-08,0.0,23.9,28.7,19.2
TH000048431,"NAKHON RATCHASIMA, TH",14.967,102.083,188.0,1958-11-09,0.0,24.2,29.7,19.2
TH000048431,"NAKHON RATCHASIMA, TH",14.967,102.083,188.0,1958-11-10,0.0,25.1,31.0,18.6
TH000048431,"NAKHON RATCHASIMA, TH",14.967,102.083,188.0,1958-11-11,0.0,25.7,31.2,19.5
TH000048431,"NAKHON RATCHASIMA, TH",14.967,102.083,188.0,1958-11-12,0.0,25.9,31.2,20.2
TH000048431,"NAKHON RATCHASIMA, TH",14.967,102.083,188.0,1958-11-13,0.0,26.7,31.3,19.2
TH000048431,"NAKHON RATCHASIMA, TH",14.967,102.083,188.0,1958-11-14,0.0,26.8,32.1,20.9
TH000048431,"NAKHON RATCHASIMA, TH",14.967,102.083,188.0,1958-11-15,0.0,26.1,31.5,22.2
TH000048431,"NAKHON RATCHASIMA, TH",14.967,102.083,188.0,1958-11-16,0.9,25.7,30.0,22.6
TH000048431,"NAKHON RATCHASIMA, TH",14.967,102.083,188.0,1958-11-17,0.0,25.7,30.4,21.6
TH000048431,"NAKHON RATCHASIMA, TH",14.967,102.083,188.0,1958-11-18,0.0,25.8,30.8,21.5
TH000048431,"NAKHON RATCHASIMA, TH",14.967,102.083,188.0,1958-11-19,0.0,23.4,27.8,20.7
TH000048431,"NAKHON RATCHASIMA, TH",14.967,102.083,188.0,1958-11-20,0.0,24.1,27.4,18.8
TH000048431,"NAKHON RATCHASIMA, TH",14.967,102.083,188.0,1958-11-21,0.0,22.2,26.4,20.1
TH000048431,"NAKHON RATCHASIMA, TH",14.967,102.083,188.0,1958-11-22,0.0,20.9,26.7,16.7
TH000048431,"NAKHON RATCHASIMA, TH",14.967,102.083,188.0,1958-11-23,0.0,19.9,25.6,14.6
TH000048431,"NAKHON RATCHASIMA, TH",14.967,102.083,188.0,1958-11-24,0.0,20.2,26.2,13.7
TH000048431,"NAKHON RATCHASIMA, TH",14.967,102.083,188.0,1958-11-25,0.0,20.7,27.0,11.6
TH000048431,"NAKHON RATCHASIMA, TH",14.967,102.083,188.0,1958-11-26,0.0,20.7,27.7,13.3
TH000048431,"NAKHON RATCHASIMA, TH",14.967,102.083,188.0,1958-11-27,0.0,20.3,26.3,12.4
TH000048431,"NAKHON RATCHASIMA, TH",14.967,102.083,188.0,1958-11-28,0.0,21.3,26.7,14.8
TH000048431,"NAKHON RATCHASIMA, TH",14.967,102.083,188.0,1958-11-29,0.0,22.2,26.8,18.7
TH000048431,"NAKHON RATCHASIMA, TH",14.967,102.083,188.0,1958-11-30,0.0,21.1,27.4,17.2
TH000048431,"NAKHON RATCHASIMA, TH",14.967,102.083,188.0,1958-12-01,0.0,20.8,27.2,14.1
TH000048431,"NAKHON RATCHASIMA, TH",14.967,102.083,188.0,1958-12-02,0.0,21.5,26.7,12.2
TH000048431,"NAKHON RATCHASIMA, TH",14.967,102.083,188.0,1958-12-03,0.0,20.2,26.7,13.0
TH000048431,"NAKHON RATCHASIMA, TH",14.967,102.083,188.0,1958-12-04,0.0,21.2,26.2,12.9
TH000048431,"NAKHON RATCHASIMA, TH",14.967,102.083,188.0,1958-12-05,0.0,19.8,25.5,15.9
TH000048431,"NAKHON RATCHASIMA, TH",14.967,102.083,188.0,1958-12-06,0.0,19.7,25.7,11.3
TH000048431,"NAKHON RATCHASIMA, TH",14.967,102.083,188.0,1958-12-07,0.0,19.4,25.9,11.0
TH000048431,"NAKHON RATCHASIMA, TH",14.967,102.083,188.0,1958-12-08,0.0,19.9,26.5,13.9
TH000048431,"NAKHON RATCHASIMA, TH",14.967,102.083,188.0,1958-12-09,0.0,20.6,26.3,13.1
TH000048431,"NAKHON RATCHASIMA, TH",14.967,102.083,188.0,1958-12-10,0.0,20.6,26.0,13.1
TH000048431,"NAKHON RATCHASIMA, TH",14.967,102.083,188.0,1958-12-11,0.0,19.9,25.8,14.8
TH000048431,"NAKHON RATCHASIMA, TH",14.967,102.083,188.0,1958-12-12,0.0,19.6,25.8,12.9
TH000048431,"NAKHON RATCHASIMA, TH",14.967,102.083,188.0,1958-12-13,0.0,19.2,25.7,12.6
TH000048431,"NAKHON RATCHASIMA, TH",14.967,102.083,188.0,1958-12-14,0.0,20.1,26.5,12.9
TH000048431,"NAKHON RATCHASIMA, TH",14.967,102.083,188.0,1958-12-15,0.0,18.5,25.1,13.5
TH000048431,"NAKHON RATCHASIMA, TH",14.967,102.083,188.0,1958-12-16,0.0,20.7,28.6,11.6
TH000048431,"NAKHON RATCHASIMA, TH",14.967,102.083,188.0,1958-12-17,0.0,21.7,29.7,13.1
TH000048431,"NAKHON RATCHASIMA, TH",14.967,102.083,188.0,1958-12-18,0.0,22.6,30.7,13.2
TH000048431,"NAKHON RATCHASIMA, TH",14.967,102.083,188.0,1958-12-19,0.0,22.9,30.6,12.9
TH000048431,"NAKHON RATCHASIMA, TH",14.967,102.083,188.0,1958-12-20,0.0,23.1,29.6,15.3
TH000048431,"NAKHON RATCHASIMA, TH",14.967,102.083,188.0,1958-12-21,0.0,22.1,29.1,16.9
TH000048431,"NAKHON RATCHASIMA, TH",14.967,102.083,188.0,1958-12-22,0.0,24.3,32.6,15.3
TH000048431,"NAKHON RATCHASIMA, TH",14.967,102.083,188.0,1958-12-23,0.0,25.1,34.0,16.1
TH000048431,"NAKHON RATCHASIMA, TH",14.967,102.083,188.0,1958-12-24,0.0,24.9,34.2,15.8
TH000048431,"NAKHON RATCHASIMA, TH",14.967,102.083,188.0,1958-12-25,0.0,24.7,33.0,14.6
TH000048431,"NAKHON RATCHASIMA, TH",14.967,102.083,188.0,1958-12-26,0.0,26.1,32.3,17.3
TH000048431,"NAKHON RATCHASIMA, TH",14.967,102.083,188.0,1958-12-27,0.0,23.8,32.8,15.8
TH000048431,"NAKHON RATCHASIMA, TH",14.967,102.083,188.0,1958-12-28,0.0,23.4,32.3,14.4
TH000048431,"NAKHON RATCHASIMA, TH",14.967,102.083,188.0,1958-12-29,0.0,24.6,33.0,16.2
TH000048431,"NAKHON RATCHASIMA, TH",14.967,102.083,188.0,1958-12-30,0.0,24.8,32.7,15.7
TH000048431,"NAKHON RATCHASIMA, TH",14.967,102.083,188.0,1958-12-31,0.0,22.8,32.4,16.2
TH000048431,"NAKHON RATCHASIMA, TH",14.967,102.083,188.0,1959-01-01,0.0,24.3,33.0,13.9
TH000048431,"NAKHON RATCHASIMA, TH",14.967,102.083,188.0,1959-01-02,0.0,23.9,32.6,15.6
TH000048431,"NAKHON RATCHASIMA, TH",14.967,102.083,188.0,1959-01-03,0.0,24.1,32.0,15.6
TH000048431,"NAKHON RATCHASIMA, TH",14.967,102.083,188.0,1959-01-04,0.0,23.4,32.2,16.9
TH000048431,"NAKHON RATCHASIMA, TH",14.967,102.083,188.0,1959-01-05,0.0,22.4,29.3,15.0
TH000048431,"NAKHON RATCHASIMA, TH",14.967,102.083,188.0,1959-01-06,0.0,21.9,29.7,14.0
TH000048431,"NAKHON RATCHASIMA, TH",14.967,102.083,188.0,1959-01-07,0.0,23.3,32.5,14.1
TH000048431,"NAKHON RATCHASIMA, TH",14.967,102.083,188.0,1959-01-08,0.0,24.7,33.2,14.3
TH000048431,"NAKHON RATCHASIMA, TH",14.967,102.083,188.0,1959-01-09,0.0,24.4,33.2,15.4
TH000048431,"NAKHON RATCHASIMA, TH",14.967,102.083,188.0,1959-01-10,0.0,22.8,31.7,15.2
TH000048431,"NAKHON RATCHASIMA, TH",14.967,102.083,188.0,1959-01-11,0.0,19.5,26.7,14.5
TH000048431,"NAKHON RATCHASIMA, TH",14.967,102.083,188.0,1959-01-12,0.0,19.4,27.6,13.4
TH000048431,"NAKHON RATCHASIMA, TH",14.967,102.083,188.0,1959-01-13,0.0,19.9,28.2,13.5
TH000048431,"NAKHON RATCHASIMA, TH",14.967,102.083,188.0,1959-01-14,0.0,19.7,28.4,10.1
TH000048431,"NAKHON RATCHASIMA, TH",14.967,102.083,188.0,1959-01-15,0.0,22.8,31.1,11.1
TH000048431,"NAKHON RATCHASIMA, TH",14.967,102.083,188.0,1959-01-16,0.0,21.6,29.5,12.3
TH000048431,"NAKHON RATCHASIMA, TH",14.967,102.083,188.0,1959-01-17,0.0,19.0,26.2,13.6
TH000048431,"NAKHON RATCHASIMA, TH",14.967,102.083,188.0,1959-01-18,0.0,20.2,27.4,10.3
TH000048431,"NAKHON RATCHASIMA, TH",14.967,102.083,188.0,1959-01-19,0.0,20.5,29.0,11.2
TH000048431,"NAKHON RATCHASIMA, TH",14.967,102.083,188.0,1959-01-20,0.0,20.7,28.5,11.3
TH000048431,"NAKHON RATCHASIMA, TH",14.967,102.083,188.0,1959-01-21,0.0,22.5,30.7,12.5
TH000048431,"NAKHON RATCHASIMA, TH",14.967,102.083,188.0,1959-01-22,0.0,20.1,26.1,15.3
TH000048431,"NAKHON RATCHASIMA, TH",14.967,102.083,188.0,1959-01-23,0.0,20.5,27.3,16.5
TH000048431,"NAKHON RATCHASIMA, TH",14.967,102.083,188.0,1959-01-24,0.0,22.2,30.8,14.0
TH000048431,"NAKHON RATCHASIMA, TH",14.967,102.083,188.0,1959-01-25,0.0,24.2,32.5,14.2
TH000048431,"NAKHON RATCHASIMA, TH",14.967,102.083,188.0,1959-01-26,0.0,24.8,33.0,15.6
TH000048431,"NAKHON RATCHASIMA, TH",14.967,102.083,188.0,1959-01-27,0.0,25.9,35.0,16.3
TH000048431,"NAKHON RATCHASIMA, TH",14.967,102.083,188.0,1959-01-28,0.0,26.7,35.1,17.6
TH000048431,"NAKHON RATCHASIMA, TH",14.967,102.083,188.0,1959-01-29,0.0,26.5,34.5,16.6
TH000048431,"NAKHON RATCHASIMA, TH",14.967,102.083,188.0,1959-01-30,0.0,26.1,33.4,17.2
TH000048431,"NAKHON RATCHASIMA, TH",14.967,102.083,188.0,1959-01-31,0.0,28.1,34.8,19.7
TH000048431,"NAKHON RATCHASIMA, TH",14.967,102.083,188.0,1959-02-01,0.0,26.1,34.0,18.8
TH000048431,"NAKHON RATCHASIMA, TH",14.967,102.083,188.0,1959-02-02,0.0,27.3,35.0,19.1
TH000048431,"NAKHON RATCHASIMA, TH",14.967,102.083,188.0,1959-02-03,0.0,27.3,34.8,19.7
TH000048431,"NAKHON RATCHASIMA, TH",14.967,102.083,188.0,1959-02-04,0.0,28.0,36.0,20.0
TH000048431,"NAKHON RATCHASIMA, TH",14.967,102.083,188.0,1959-02-05,0.0,27.9,35.8,21.5
TH000048431,"NAKHON RATCHASIMA, TH",14.967,102.083,188.0,1959-02-06,0.0,28.6,35.3,19.3
TH000048431,"NAKHON RATCHASIMA, TH",14.967,102.083,188.0,1959-02-07,0.0,28.6,36.7,18.9
TH000048431,"NAKHON RATCHASIMA, TH",14.967,102.083,188.0,1959-02-08,0.0,28.7,36.7,21.1
TH000048431,"NAKHON RATCHASIMA, TH",14.967,102.083,188.0,1959-02-09,0.0,23.8,29.0,23.4
TH000048431,"NAKHON RATCHASIMA, TH",14.967,102.083,188.0,1959-02-10,0.0,25.1,34.7,19.3
TH000048431,"NAKHON RATCHASIMA, TH",14.967,102.083,188.0,1959-02-11,0.0,26.6,33.2,19.0
TH000048431,"NAKHON RATCHASIMA, TH",14.967,102.083,188.0,1959-02-12,7.0,25.1,34.0,20.8
TH000048431,"NAKHON RATCHASIMA, TH",14.967,102.083,188.0,1959-02-13,16.5,24.1,31.8,21.5
TH000048431,"NAKHON RATCHASIMA, TH",14.967,102.083,188.0,1959-02-14,0.0,26.8,34.2,20.3
TH000048431,"NAKHON RATCHASIMA, TH",14.967,102.083,188.0,1959-02-15,0.0,28.1,35.5,22.0
TH000048431,"NAKHON RATCHASIMA, TH",14.967,102.083,188.0,1959-02-16,0.0,27.8,36.0,22.4
TH000048431,"NAKHON RATCHASIMA, TH",14.967,102.083,188.0,1959-02-17,0.0,28.2,36.5,20.6
TH000048431,"NAKHON RATCHASIMA, TH",14.967,102.083,188.0,1959-02-18,0.0,29.0,36.8,21.4
TH000048431,"NAKHON RATCHASIMA, TH",14.967,102.083,188.0,1959-02-19,0.0,28.7,37.3,21.5
TH000048431,"NAKHON RATCHASIMA, TH",14.967,102.083,188.0,1959-02-20,0.0,28.8,37.7,21.5
TH000048431,"NAKHON RATCHASIMA, TH",14.967,102.083,188.0,1959-02-21,0.0,28.3,35.7,20.0
TH000048431,"NAKHON RATCHASIMA, TH",14.967,102.083,188.0,1959-02-22,0.0,28.5,36.5,18.9
TH000048431,"NAKHON RATCHASIMA, TH",14.967,102.083,188.0,1959-02-23,0.0,28.3,38.0,19.8
TH000048431,"NAKHON RATCHASIMA, TH",14.967,102.083,188.0,1959-02-24,0.0,29.4,37.5,18.2
TH000048431,"NAKHON RATCHASIMA, TH",14.967,102.083,188.0,1959-02-25,0.0,28.0,35.5,21.6
TH000048431,"NAKHON RATCHASIMA, TH",14.967,102.083,188.0,1959-02-26,0.1,24.1,30.6,21.3
TH000048431,"NAKHON RATCHASIMA, TH",14.967,102.083,188.0,1959-02-27,2.0,24.4,30.5,19.5
TH000048431,"NAKHON RATCHASIMA, TH",14.967,102.083,188.0,1959-02-28,1.5,21.2,29.9,18.5
TH000048431,"NAKHON RATCHASIMA, TH",14.967,102.083,188.0,1959-03-01,0.0,22.9,29.2,18.0
TH000048431,"NAKHON RATCHASIMA, TH",14.967,102.083,188.0,1959-03-02,0.1,16.9,20.0,16.7
TH000048431,"NAKHON RATCHASIMA, TH",14.967,102.083,188.0,1959-03-03,0.0,21.3,28.7,12.1
TH000048431,"NAKHON RATCHASIMA, TH",14.967,102.083,188.0,1959-03-04,0.0,24.8,33.3,14.1
TH000048431,"NAKHON RATCHASIMA, TH",14.967,102.083,188.0,1959-03-05,0.0,26.9,35.6,17.2
TH000048431,"NAKHON RATCHASIMA, TH",14.967,102.083,188.0,1959-03-06,0.0,28.5,37.3,17.2
TH000048431,"NAKHON RATCHASIMA, TH",14.967,102.083,188.0,1959-03-07,0.0,29.2,38.2,19.9
TH000048431,"NAKHON RATCHASIMA, TH",14.967,102.083,188.0,1959-03-08,0.0,30.0,39.0,20.0
TH000048431,"NAKHON RATCHASIMA, TH",14.967,102.083,188.0,1959-03-09,3.4,29.1,37.7,22.5
TH000048431,"NAKHON RATCHASIMA, TH",14.967,102.083,188.0,1959-03-10,0.0,27.5,33.5,24.1
TH000048431,"NAKHON RATCHASIMA, TH",14.967,102.083,188.0,1959-03-11,8.7,26.1,31.8,23.8
TH000048431,"NAKHON RATCHASIMA, TH",14.967,102.083,188.0,1959-03-12,0.1,25.4,31.8,23.0
TH000048431,"NAKHON RATCHASIMA, TH",14.967,102.083,188.0,1959-03-13,0.0,28.3,35.8,22.6
TH000048431,"NAKHON RATCHASIMA, TH",14.967,102.083,188.0,1959-03-14,0.0,27.4,34.8,23.3
TH000048431,"NAKHON RATCHASIMA, TH",14.967,102.083,188.0,1959-03-15,0.0,24.9,28.8,24.6
TH000048431,"NAKHON RATCHASIMA, TH",14.967,102.083,188.0,1959-03-16,0.0,26.2,32.0,22.0
TH000048431,"NAKHON RATCHASIMA, TH",14.967,102.083,188.0,1959-03-17,0.0,25.5,32.3,19.5
TH000048431,"NAKHON RATCHASIMA, TH",14.967,102.083,188.0,1959-03-18,0.0,25.5,32.0,19.3
TH000048431,"NAKHON RATCHASIMA, TH",14.967,102.083,188.0,1959-03-19,0.0,26.0,32.7,18.0
TH000048431,"NAKHON RATCHASIMA, TH",14.967,102.083,188.0,1959-03-20,0.0,29.7,37.2,18.5
TH000048431,"NAKHON RATCHASIMA, TH",14.967,102.083,188.0,1959-03-21,0.0,27.3,35.0,21.5
TH000048431,"NAKHON RATCHASIMA, TH",14.967,102.083,188.0,1959-03-22,10.2,27.7,36.0,21.1
TH000048431,"NAKHON RATCHASIMA, TH",14.967,102.083,188.0,1959-03-23,1.8,24.4,31.8,23.5
TH000048431,"NAKHON RATCHASIMA, TH",14.967,102.083,188.0,1959-03-24,0.0,27.5,33.3,22.0
TH000048431,"NAKHON RATCHASIMA, TH",14.967,102.083,188.0,1959-03-25,3.4,26.5,33.0,23.6
TH000048431,"NAKHON RATCHASIMA, TH",14.967,102.083,188.0,1959-03-26,2.0,26.7,32.8,23.2
TH000048431,"NAKHON RATCHASIMA, TH",14.967,102.083,188.0,1959-03-27,0.0,28.1,36.2,22.1
TH000048431,"NAKHON RATCHASIMA, TH",14.967,102.083,188.0,1959-03-28,0.0,27.1,34.5,22.2
TH000048431,"NAKHON RATCHASIMA, TH",14.967,102.083,188.0,1959-03-29,0.0,27.6,36.0,22.5
TH000048431,"NAKHON RATCHASIMA, TH",14.967,102.083,188.0,1959-03-30,0.0,29.2,37.2,22.6
TH000048431,"NAKHON RATCHASIMA, TH",14.967,102.083,188.0,1959-03-31,0.0,32.2,37.3,21.6
TH000048431,"NAKHON RATCHASIMA, TH",14.967,102.083,188.0,1959-04-01,0.0,29.8,37.9,23.5
TH000048431,"NAKHON RATCHASIMA, TH",14.967,102.083,188.0,1959-04-02,0.0,30.9,39.0,23.3
TH000048431,"NAKHON RATCHASIMA, TH",14.967,102.083,188.0,1959-04-03,0.0,30.9,39.0,25.3
TH000048431,"NAKHON RATCHASIMA, TH",14.967,102.083,188.0,1959-04-04,0.0,29.3,39.1,24.7
TH000048431,"NAKHON RATCHASIMA, TH",14.967,102.083,188.0,1959-04-05,16.1,33.8,39.0,24.7
TH000048431,"NAKHON RATCHASIMA, TH",14.967,102.083,188.0,1959-04-06,0.0,28.4,35.2,22.1
TH000048431,"NAKHON RATCHASIMA, TH",14.967,102.083,188.0,1959-04-07,0.0,29.7,37.0,24.5
TH000048431,"NAKHON RATCHASIMA, TH",14.967,102.083,188.0,1959-04-08,0.0,30.1,31.5,24.5
TH000048431,"NAKHON RATCHASIMA, TH",14.967,102.083,188.0,1959-04-09,0.0,29.9,36.7,24.7
TH000048431,"NAKHON RATCHASIMA, TH",14.967,102.083,188.0,1959-04-10,0.0,30.2,37.6,24.6
TH000048431,"NAKHON RATCHASIMA, TH",14.967,102.083,188.0,1959-04-11,0.0,29.5,37.7,25.7
TH000048431,"NAKHON RATCHASIMA, TH",14.967,102.083,188.0,1959-04-12,0.0,30.2,38.8,23.5
TH000048431,"NAKHON RATCHASIMA, TH",14.967,102.083,188.0,1959-04-13,43.5,29.2,37.9,24.6
TH000048431,"NAKHON RATCHASIMA, TH",14.967,102.083,188.0,1959-04-14,0.0,27.7,33.7,22.0
TH000048431,"NAKHON RATCHASIMA, TH",14.967,102.083,188.0,1959-04-15,0.0,29.1,35.8,23.0
TH000048431,"NAKHON RATCHASIMA, TH",14.967,102.083,188.0,1959-04-16,0.0,29.8,38.1,22.4
TH000048431,"NAKHON RATCHASIMA, TH",14.967,102.083,188.0,1959-04-17,0.1,27.1,34.7,24.4
TH000048431,"NAKHON RATCHASIMA, TH",14.967,102.083,188.0,1959-04-18,0.3,27.7,35.5,24.2
TH000048431,"NAKHON RATCHASIMA, TH",14.967,102.083,188.0,1959-04-19,0.0,29.2,36.5,23.1
TH000048431,"NAKHON RATCHASIMA, TH",14.967,102.083,188.0,1959-04-20,0.0,28.8,36.0,24.8
TH000048431,"NAKHON RATCHASIMA, TH",14.967,102.083,188.0,1959-04-21,7.1,27.3,37.5,23.1
TH000048431,"NAKHON RATCHASIMA, TH",14.967,102.083,188.0,1959-04-22,0.0,29.0,36.0,23.7
TH000048431,"NAKHON RATCHASIMA, TH",14.967,102.083,188.0,1959-04-23,0.0,29.0,34.5,24.7
TH000048431,"NAKHON RATCHASIMA, TH",14.967,102.083,188.0,1959-04-24,4.0,29.1,34.9,24.6
TH000048431,"NAKHON RATCHASIMA, TH",14.967,102.083,188.0,1959-04-25,0.0,,35.8,24.1
TH000048431,"NAKHON RATCHASIMA, TH",14.967,102.083,188.0,1959-04-26,0.0,,38.6,24.2
TH000048431,"NAKHON RATCHASIMA, TH",14.967,102.083,188.0,1959-04-27,0.0,28.8,36.6,24.0
TH000048431,"NAKHON RATCHASIMA, TH",14.967,102.083,188.0,1959-04-28,0.0,28.8,33.8,25.3
TH000048431,"NAKHON RATCHASIMA, TH",14.967,102.083,188.0,1959-04-29,0.0,28.8,34.6,22.5
TH000048431,"NAKHON RATCHASIMA, TH",14.967,102.083,188.0,1959-04-30,0.9,29.8,36.3,25.2
TH000048431,"NAKHON RATCHASIMA, TH",14.967,102.083,188.0,1959-05-01,0.0,,36.6,27.4
TH000048431,"NAKHON RATCHASIMA, TH",14.967,102.083,188.0,1959-05-02,3.0,,36.2,25.4
TH000048431,"NAKHON RATCHASIMA, TH",14.967,102.083,188.0,1959-05-03,0.0,,38.1,28.3
TH000048431,"NAKHON RATCHASIMA, TH",14.967,102.083,188.0,1959-05-04,0.0,,36.6,25.3
TH000048431,"NAKHON RATCHASIMA, TH",14.967,102.083,188.0,1959-05-05,0.0,,37.5,23.4
TH000048431,"NAKHON RATCHASIMA, TH",14.967,102.083,188.0,1959-05-06,6.4,,36.3,21.4
TH000048431,"NAKHON RATCHASIMA, TH",14.967,102.083,188.0,1959-05-07,0.0,,35.1,25.3
TH000048431,"NAKHON RATCHASIMA, TH",14.967,102.083,188.0,1959-05-08,3.1,,36.7,21.4
TH000048431,"NAKHON RATCHASIMA, TH",14.967,102.083,188.0,1959-05-09,0.0,,37.1,27.3
TH000048431,"NAKHON RATCHASIMA, TH",14.967,102.083,188.0,1959-05-10,1.4,,36.3,29.3
TH000048431,"NAKHON RATCHASIMA, TH",14.967,102.083,188.0,1959-05-11,0.0,,34.8,22.4
TH000048431,"NAKHON RATCHASIMA, TH",14.967,102.083,188.0,1959-05-12,19.4,,33.9,23.3
TH000048431,"NAKHON RATCHASIMA, TH",14.967,102.083,188.0,1959-05-13,10.2,,34.7,22.3
TH000048431,"NAKHON RATCHASIMA, TH",14.967,102.083,188.0,1959-05-14,0.1,31.4,35.8,25.3
TH000048431,"NAKHON RATCHASIMA, TH",14.967,102.083,188.0,1959-05-15,0.0,,37.4,23.4
TH000048431,"NAKHON RATCHASIMA, TH",14.967,102.083,188.0,1959-05-16,0.0,34.0,38.1,27.4
TH000048431,"NAKHON RATCHASIMA, TH",14.967,102.083,188.0,1959-05-17,0.0,,37.6,28.4
TH000048431,"NAKHON RATCHASIMA, TH",14.967,102.083,188.0,1959-05-18,9.6,,34.7,25.4
TH000048431,"NAKHON RATCHASIMA, TH",14.967,102.083,188.0,1959-05-19,16.2,27.3,36.4,25.3
TH000048431,"NAKHON RATCHASIMA, TH",14.967,102.083,188.0,1959-05-20,0.0,30.1,36.0,24.4
TH000048431,"NAKHON RATCHASIMA, TH",14.967,102.083,188.0,1959-05-21,0.3,,36.2,26.4
TH000048431,"NAKHON RATCHASIMA, TH",14.967,102.083,188.0,1959-05-22,0.0,,34.6,26.4
TH000048431,"NAKHON RATCHASIMA, TH",14.967,102.083,188.0,1959-05-23,7.9,,33.7,27.3
TH000048431,"NAKHON RATCHASIMA, TH",14.967,102.083,188.0,1959-05-24,9.5,,31.2,27.3
TH000048431,"NAKHON RATCHASIMA, TH",14.967,102.083,188.0,1959-05-25,0.0,,33.1,23.3
TH000048431,"NAKHON RATCHASIMA, TH",14.967,102.083,188.0,1959-05-26,3.8,,33.4,22.5
TH000048431,"NAKHON RATCHASIMA, TH",14.967,102.083,188.0,1959-05-27,0.1,,34.1,29.3
TH000048431,"NAKHON RATCHASIMA, TH",14.967,102.083,188.0,1959-05-28,0.0,,33.8,22.4
TH000048431,"NAKHON RATCHASIMA, TH",14.967,102.083,188.0,1959-05-29,0.0,31.5,36.1,20.4
TH000048431,"NAKHON RATCHASIMA, TH",14.967,102.083,188.0,1959-05-30,0.1,,35.9,27.3
TH000048431,"NAKHON RATCHASIMA, TH",14.967,102.083,188.0,1959-05-31,0.0,32.1,35.8,29.3
TH000048431,"NAKHON RATCHASIMA, TH",14.967,102.083,188.0,1959-06-01,0.0,,37.0,24.5
TH000048431,"NAKHON RATCHASIMA, TH",14.967,102.083,188.0,1959-06-02,0.0,,35.9,22.4
TH000048431,"NAKHON RATCHASIMA, TH",14.967,102.083,188.0,1959-06-03,0.0,,35.5,24.0
TH000048431,"NAKHON RATCHASIMA, TH",14.967,102.083,188.0,1959-06-04,0.0,,34.1,24.6
TH000048431,"NAKHON RATCHASIMA, TH",14.967,102.083,188.0,1959-06-05,17.1,,36.6,24.2
TH000048431,"NAKHON RATCHASIMA, TH",14.967,102.083,188.0,1959-06-06,15.9,,32.9,23.1
TH000048431,"NAKHON RATCHASIMA, TH",14.967,102.083,188.0,1959-06-07,0.0,,33.3,23.6
TH000048431,"NAKHON RATCHASIMA, TH",14.967,102.083,188.0,1959-06-08,0.0,,36.5,23.0
TH000048431,"NAKHON RATCHASIMA, TH",14.967,102.083,188.0,1959-06-09,0.0,,37.0,23.0
TH000048431,"NAKHON RATCHASIMA, TH",14.967,102.083,188.0,1959-06-10,0.0,,38.2,23.7
TH000048431,"NAKHON RATCHASIMA, TH",14.967,102.083,188.0,1959-06-11,0.0,,39.1,25.0
TH000048431,"NAKHON RATCHASIMA, TH",14.967,102.083,188.0,1959-06-12,0.0,,40.0,25.2
TH000048431,"NAKHON RATCHASIMA, TH",14.967,102.083,188.0,1959-06-13,0.0,,37.4,24.7
TH000048431,"NAKHON RATCHASIMA, TH",14.967,102.083,188.0,1959-06-14,0.0,,39.0,24.0
TH000048431,"NAKHON RATCHASIMA, TH",14.967,102.083,188.0,1959-06-15,0.0,32.8,39.1,24.0
TH000048431,"NAKHON RATCHASIMA, TH",14.967,102.083,188.0,1959-06-16,3.8,33.3,40.1,24.5
TH000048431,"NAKHON RATCHASIMA, TH",14.967,102.083,188.0,1959-06-17,0.1,,37.6,24.7
TH000048431,"NAKHON RATCHASIMA, TH",14.967,102.083,188.0,1959-06-18,0.0,,38.6,24.5
TH000048431,"NAKHON RATCHASIMA, TH",14.967,102.083,188.0,1959-06-19,0.3,,38.5,24.9
TH000048431,"NAKHON RATCHASIMA, TH",14.967,102.083,188.0,1959-06-20,0.0,,38.4,24.2
TH000048431,"NAKHON RATCHASIMA, TH",14.967,102.083,188.0,1959-06-21,0.0,32.4,37.5,23.5
TH000048431,"NAKHON RATCHASIMA, TH",14.967,102.083,188.0,1959-06-22,33.0,,37.3,25.0
TH000048431,"NAKHON RATCHASIMA, TH",14.967,102.083,188.0,1959-06-23,0.0,29.0,34.1,23.0
TH000048431,"NAKHON RATCHASIMA, TH",14.967,102.083,188.0,1959-06-24,23.0,,34.2,24.2
TH000048431,"NAKHON RATCHASIMA, TH",14.967,102.083,188.0,1959-06-25,0.0,28.7,33.7,24.0
TH000048431,"NAKHON RATCHASIMA, TH",14.967,102.083,188.0,1959-06-26,0.0,,33.7,23.8
TH000048431,"NAKHON RATCHASIMA, TH",14.967,102.083,188.0,1959-06-27,0.0,,33.7,24.3
TH000048431,"NAKHON RATCHASIMA, TH",14.967,102.083,188.0,1959-06-28,0.0,,34.4,24.1
TH000048431,"NAKHON RATCHASIMA, TH",14.967,102.083,188.0,1959-06-29,4.8,,32.2,24.4
TH000048431,"NAKHON RATCHASIMA, TH",14.967,102.083,188.0,1959-06-30,8.0,,29.7,23.5
TH000048431,"NAKHON RATCHASIMA, TH",14.967,102.083,188.0,1959-07-01,2.9,,33.5,23.5
TH000048431,"NAKHON RATCHASIMA, TH",14.967,102.083,188.0,1959-07-02,0.2,,32.6,23.3
TH000048431,"NAKHON RATCHASIMA, TH",14.967,102.083,188.0,1959-07-03,0.1,,32.4,23.4
TH000048431,"NAKHON RATCHASIMA, TH",14.967,102.083,188.0,1959-07-04,0.0,,32.3,23.3
TH000048431,"NAKHON RATCHASIMA, TH",14.967,102.083,188.0,1959-07-05,0.0,,31.9,23.5
TH000048431,"NAKHON RATCHASIMA, TH",14.967,102.083,188.0,1959-07-06,0.0,,34.5,24.9
TH000048431,"NAKHON RATCHASIMA, TH",14.967,102.083,188.0,1959-07-07,0.0,,33.7,22.9
TH000048431,"NAKHON RATCHASIMA, TH",14.967,102.083,188.0,1959-07-08,4.9,,35.0,23.3
TH000048431,"NAKHON RATCHASIMA, TH",14.967,102.083,188.0,1959-07-09,1.6,,32.6,23.4
TH000048431,"NAKHON RATCHASIMA, TH",14.967,102.083,188.0,1959-07-10,0.0,,31.8,23.4
TH000048431,"NAKHON RATCHASIMA, TH",14.967,102.083,188.0,1959-07-11,11.9,,33.7,23.7
TH000048431,"NAKHON RATCHASIMA, TH",14.967,102.083,188.0,1959-07-12,38.6,26.5,31.8,23.0
TH000048431,"NAKHON RATCHASIMA, TH",14.967,102.083,188.0,1959-07-13,24.9,,32.9,22.4
TH000048431,"NAKHON RATCHASIMA, TH",14.967,102.083,188.0,1959-07-14,0.0,,32.4,22.8
TH000048431,"NAKHON RATCHASIMA, TH",14.967,102.083,188.0,1959-07-15,0.0,30.0,31.3,22.8
TH000048431,"NAKHON RATCHASIMA, TH",14.967,102.083,188.0,1959-07-16,0.0,,33.1,22.5
TH000048431,"NAKHON RATCHASIMA, TH",14.967,102.083,188.0,1959-07-17,3.1,,34.6,23.6
TH000048431,"NAKHON RATCHASIMA, TH",14.967,102.083,188.0,1959-07-18,0.0,29.8,32.7,23.4
TH000048431,"NAKHON RATCHASIMA, TH",14.967,102.083,188.0,1959-07-19,3.9,30.7,34.2,24.5
TH000048431,"NAKHON RATCHASIMA, TH",14.967,102.083,188.0,1959-07-20,5.7,,31.8,24.0
TH000048431,"NAKHON RATCHASIMA, TH",14.967,102.083,188.0,1959-07-21,6.9,29.6,32.7,24.1
TH000048431,"NAKHON RATCHASIMA, TH",14.967,102.083,188.0,1959-07-22,3.2,,30.7,23.2
TH000048431,"NAKHON RATCHASIMA, TH",14.967,102.083,188.0,1959-07-23,9.2,28.5,31.5,22.7
TH000048431,"NAKHON RATCHASIMA, TH",14.967,102.083,188.0,1959-07-24,10.7,27.2,31.3,22.0
TH000048431,"NAKHON RATCHASIMA, TH",14.967,102.083,188.0,1959-07-25,0.1,26.7,32.4,23.0
TH000048431,"NAKHON RATCHASIMA, TH",14.967,102.083,188.0,1959-07-26,3.6,29.3,32.0,23.0
TH000048431,"NAKHON RATCHASIMA, TH",14.967,102.083,188.0,1959-07-27,0.2,28.5,32.5,23.2
TH000048431,"NAKHON RATCHASIMA, TH",14.967,102.083,188.0,1959-07-28,10.9,,30.7,22.6
TH000048431,"NAKHON RATCHASIMA, TH",14.967,102.083,188.0,1959-07-29,1.5,,31.3,23.3
TH000048431,"NAKHON RATCHASIMA, TH",14.967,102.083,188.0,1959-07-30,6.7,27.8,30.7,23.2
TH000048431,"NAKHON RATCHASIMA, TH",14.967,102.083,188.0,1959-07-31,1.3,29.4,31.8,22.6
TH000048431,"NAKHON RATCHASIMA, TH",14.967,102.083,188.0,1959-08-01,0.0,27.8,31.3,22.2
TH000048431,"NAKHON RATCHASIMA, TH",14.967,102.083,188.0,1959-08-02,13.0,,32.0,23.7
TH000048431,"NAKHON RATCHASIMA, TH",14.967,102.083,188.0,1959-08-03,1.1,26.9,29.5,22.9
TH000048431,"NAKHON RATCHASIMA, TH",14.967,102.083,188.0,1959-08-04,0.3,25.4,31.3,23.5
TH000048431,"NAKHON RATCHASIMA, TH",14.967,102.083,188.0,1959-08-05,0.0,,32.4,24.5
TH000048431,"NAKHON RATCHASIMA, TH",14.967,102.083,188.0,1959-08-06,2.1,,30.4,24.7
TH000048431,"NAKHON RATCHASIMA, TH",14.967,102.083,188.0,1959-08-07,0.0,30.4,32.5,23.3
TH000048431,"NAKHON RATCHASIMA, TH",14.967,102.083,188.0,1959-08-08,0.0,28.5,32.6,23.4
TH000048431,"NAKHON RATCHASIMA, TH",14.967,102.083,188.0,1959-08-09,3.4,28.2,31.8,23.5
TH000048431,"NAKHON RATCHASIMA, TH",14.967,102.083,188.0,1959-08-10,0.0,,31.9,23.0
TH000048431,"NAKHON RATCHASIMA, TH",14.967,102.083,188.0,1959-08-11,0.0,26.9,33.0,23.3
TH000048431,"NAKHON RATCHASIMA, TH",14.967,102.083,188.0,1959-08-12,0.0,,33.7,23.0
TH000048431,"NAKHON RATCHASIMA, TH",14.967,102.083,188.0,1959-08-13,0.0,31.0,36.0,23.2
TH000048431,"NAKHON RATCHASIMA, TH",14.967,102.083,188.0,1959-08-14,0.0,,37.6,23.6
TH000048431,"NAKHON RATCHASIMA, TH",14.967,102.083,188.0,1959-08-15,2.6,,37.5,24.0
TH000048431,"NAKHON RATCHASIMA, TH",14.967,102.083,188.0,1959-08-16,0.0,,34.1,23.5
TH000048431,"NAKHON RATCHASIMA, TH",14.967,102.083,188.0,1959-08-17,28.7,,36.1,23.7
TH000048431,"NAKHON RATCHASIMA, TH",14.967,102.083,188.0,1959-08-18,33.2,29.6,34.6,23.7
TH000048431,"NAKHON RATCHASIMA, TH",14.967,102.083,188.0,1959-08-19,0.1,26.5,30.5,21.1
TH000048431,"NAKHON RATCHASIMA, TH",14.967,102.083,188.0,1959-08-20,0.0,,28.8,23.6
TH000048431,"NAKHON RATCHASIMA, TH",14.967,102.083,188.0,1959-08-21,0.2,,32.3,23.3
TH000048431,"NAKHON RATCHASIMA, TH",14.967,102.083,188.0,1959-08-22,0.0,,30.5,22.6
TH000048431,"NAKHON RATCHASIMA, TH",14.967,102.083,188.0,1959-08-23,2.5,,33.6,22.8
TH000048431,"NAKHON RATCHASIMA, TH",14.967,102.083,188.0,1959-08-24,0.0,26.5,32.6,22.9
TH000048431,"NAKHON RATCHASIMA, TH",14.967,102.083,188.0,1959-08-25,0.0,,33.4,22.8
TH000048431,"NAKHON RATCHASIMA, TH",14.967,102.083,188.0,1959-08-26,0.1,,31.7,23.7
TH000048431,"NAKHON RATCHASIMA, TH",14.967,102.083,188.0,1959-08-27,9.8,28.6,33.3,23.2
TH000048431,"NAKHON RATCHASIMA, TH",14.967,102.083,188.0,1959-08-28,0.0,,31.8,23.2
TH000048431,"NAKHON RATCHASIMA, TH",14.967,102.083,188.0,1959-08-29,3.5,,33.5,24.2
TH000048431,"NAKHON RATCHASIMA, TH",14.967,102.083,188.0,1959-08-30,9.9,,32.2,22.9
TH000048431,"NAKHON RATCHASIMA, TH",14.967,102.083,188.0,1959-08-31,0.0,,32.8,22.9
TH000048431,"NAKHON RATCHASIMA, TH",14.967,102.083,188.0,1959-09-01,0.0,29.9,34.6,27.1
TH000048431,"NAKHON RATCHASIMA, TH",14.967,102.083,188.0,1959-09-02,0.0,,35.0,21.3
TH000048431,"NAKHON RATCHASIMA, TH",14.967,102.083,188.0,1959-09-03,1.2,,35.2,20.4
TH000048431,"NAKHON RATCHASIMA, TH",14.967,102.083,188.0,1959-09-04,0.0,,33.3,29.2
TH000048431,"NAKHON RATCHASIMA, TH",14.967,102.083,188.0,1959-09-05,0.0,,33.5,26.2
TH000048431,"NAKHON RATCHASIMA, TH",14.967,102.083,188.0,1959-09-06,2.2,,33.5,28.3
TH000048431,"NAKHON RATCHASIMA, TH",14.967,102.083,188.0,1959-09-07,0.0,,30.4,23.3
TH000048431,"NAKHON RATCHASIMA, TH",14.967,102.083,188.0,1959-09-08,95.9,,32.5,21.3
TH000048431,"NAKHON RATCHASIMA, TH",14.967,102.083,188.0,1959-09-09,0.2,,31.3,21.2
TH000048431,"NAKHON RATCHASIMA, TH",14.967,102.083,188.0,1959-09-10,0.0,,32.0,21.3
TH000048431,"NAKHON RATCHASIMA, TH",14.967,102.083,188.0,1959-09-11,0.4,26.7,31.8,24.3
TH000048431,"NAKHON RATCHASIMA, TH",14.967,102.083,188.0,1959-09-12,0.4,,30.0,27.3
TH000048431,"NAKHON RATCHASIMA, TH",14.967,102.083,188.0,1959-09-13,1.6,27.8,30.5,22.3
TH000048431,"NAKHON RATCHASIMA, TH",14.967,102.083,188.0,1959-09-14,3.1,26.5,32.9,22.2
TH000048431,"NAKHON RATCHASIMA, TH",14.967,102.083,188.0,1959-09-15,0.0,28.6,34.4,23.2
TH000048431,"NAKHON RATCHASIMA, TH",14.967,102.083,188.0,1959-09-16,3.0,29.3,34.6,28.2
TH000048431,"NAKHON RATCHASIMA, TH",14.967,102.083,188.0,1959-09-17,19.4,29.4,33.7,26.2
TH000048431,"NAKHON RATCHASIMA, TH",14.967,102.083,188.0,1959-09-18,0.6,,34.6,23.2
TH000048431,"NAKHON RATCHASIMA, TH",14.967,102.083,188.0,1959-09-19,0.0,28.3,32.9,22.3
TH000048431,"NAKHON RATCHASIMA, TH",14.967,102.083,188.0,1959-09-20,1.0,27.8,34.2,27.3
TH000048431,"NAKHON RATCHASIMA, TH",14.967,102.083,188.0,1959-09-21,0.0,27.3,32.2,29.3
TH000048431,"NAKHON RATCHASIMA, TH",14.967,102.083,188.0,1959-09-22,1.0,,33.2,20.3
TH000048431,"NAKHON RATCHASIMA, TH",14.967,102.083,188.0,1959-09-23,38.3,26.3,31.7,27.3
TH000048431,"NAKHON RATCHASIMA, TH",14.967,102.083,188.0,1959-09-24,33.2,25.6,27.5,27.2
TH000048431,"NAKHON RATCHASIMA, TH",14.967,102.083,188.0,1959-09-25,18.5,25.9,30.7,27.3
TH000048431,"NAKHON RATCHASIMA, TH",14.967,102.083,188.0,1959-09-26,70.0,,31.7,28.2
TH000048431,"NAKHON RATCHASIMA, TH",14.967,102.083,188.0,1959-09-27,33.1,25.7,29.3,22.2
TH000048431,"NAKHON RATCHASIMA, TH",14.967,102.083,188.0,1959-09-28,95.8,26.5,29.8,27.2
TH000048431,"NAKHON RATCHASIMA, TH",14.967,102.083,188.0,1959-09-29,124.2,24.7,27.4,25.1
TH000048431,"NAKHON RATCHASIMA, TH",14.967,102.083,188.0,1959-09-30,22.8,,29.1,24.2
TH000048431,"NAKHON RATCHASIMA, TH",14.967,102.083,188.0,1959-10-01,6.1,26.3,29.6,23.6
TH000048431,"NAKHON RATCHASIMA, TH",14.967,102.083,188.0,1959-10-02,21.3,23.3,25.3,23.0
TH000048431,"NAKHON RATCHASIMA, TH",14.967,102.083,188.0,1959-10-03,0.1,26.0,28.0,22.4
TH000048431,"NAKHON RATCHASIMA, TH",14.967,102.083,188.0,1959-10-04,0.0,26.4,28.5,23.5
TH000048431,"NAKHON RATCHASIMA, TH",14.967,102.083,188.0,1959-10-05,39.1,,31.3,21.5
TH000048431,"NAKHON RATCHASIMA, TH",14.967,102.083,188.0,1959-10-06,0.0,27.1,30.6,21.8
TH000048431,"NAKHON RATCHASIMA, TH",14.967,102.083,188.0,1959-10-07,0.0,,31.0,23.3
TH000048431,"NAKHON RATCHASIMA, TH",14.967,102.083,188.0,1959-10-08,0.0,27.2,32.0,23.3
TH000048431,"NAKHON RATCHASIMA, TH",14.967,102.083,188.0,1959-10-09,2.9,,32.7,23.2
TH000048431,"NAKHON RATCHASIMA, TH",14.967,102.083,188.0,1959-10-10,16.8,27.8,32.9,22.4
TH000048431,"NAKHON RATCHASIMA, TH",14.967,102.083,188.0,1959-10-11,0.0,28.1,32.2,22.4
TH000048431,"NAKHON RATCHASIMA, TH",14.967,102.083,188.0,1959-10-12,0.0,,32.8,22.2
TH000048431,"NAKHON RATCHASIMA, TH",14.967,102.083,188.0,1959-10-13,55.8,,28.6,23.6
TH000048431,"NAKHON RATCHASIMA, TH",14.967,102.083,188.0,1959-10-14,33.4,27.0,30.5,21.8
TH000048431,"NAKHON RATCHASIMA, TH",14.967,102.083,188.0,1959-10-15,7.4,25.6,28.1,22.2
TH000048431,"NAKHON RATCHASIMA, TH",14.967,102.083,188.0,1959-10-16,52.3,25.2,29.5,22.9
TH000048431,"NAKHON RATCHASIMA, TH",14.967,102.083,188.0,1959-10-17,0.0,26.4,28.2,22.0
TH000048431,"NAKHON RATCHASIMA, TH",14.967,102.083,188.0,1959-10-18,0.0,,28.0,21.8
TH000048431,"NAKHON RATCHASIMA, TH",14.967,102.083,188.0,1959-10-19,0.0,,28.9,21.4
TH000048431,"NAKHON RATCHASIMA, TH",14.967,102.083,188.0,1959-10-20,0.0,26.4,29.3,21.6
TH000048431,"NAKHON RATCHASIMA, TH",14.967,102.083,188.0,1959-10-21,0.0,25.8,29.0,22.3
TH000048431,"NAKHON RATCHASIMA, TH",14.967,102.083,188.0,1959-10-22,0.0,25.7,29.0,21.5
TH000048431,"NAKHON RATCHASIMA, TH",14.967,102.083,188.0,1959-10-23,0.0,25.0,29.7,20.1
TH000048431,"NAKHON RATCHASIMA, TH",14.967,102.083,188.0,1959-10-24,0.0,,29.6,21.7
TH000048431,"NAKHON RATCHASIMA, TH",14.967,102.083,188.0,1959-10-25,0.0,26.5,28.3,22.0
TH000048431,"NAKHON RATCHASIMA, TH",14.967,102.083,188.0,1959-10-26,0.0,26.0,29.0,21.7
TH000048431,"NAKHON RATCHASIMA, TH",14.967,102.083,188.0,1959-10-27,0.0,,29.8,21.5
TH000048431,"NAKHON RATCHASIMA, TH",14.967,102.083,188.0,1959-10-28,0.0,27.4,31.0,22.1
TH000048431,"NAKHON RATCHASIMA, TH",14.967,102.083,188.0,1959-10-29,0.0,29.3,31.9,22.0
TH000048431,"NAKHON RATCHASIMA, TH",14.967,102.083,188.0,1959-10-30,0.0,28.5,33.2,22.1
TH000048431,"NAKHON RATCHASIMA, TH",14.967,102.083,188.0,1959-10-31,0.0,,33.5,21.4
TH000048431,"NAKHON RATCHASIMA, TH",14.967,102.083,188.0,1959-11-01,0.0,30.2,34.2,21.7
TH000048431,"NAKHON RATCHASIMA, TH",14.967,102.083,188.0,1959-11-02,0.0,30.3,34.6,22.2
TH000048431,"NAKHON RATCHASIMA, TH",14.967,102.083,188.0,1959-11-03,0.0,30.2,33.9,23.3
TH000048431,"NAKHON RATCHASIMA, TH",14.967,102.083,188.0,1959-11-04,0.0,,32.9,23.3
TH000048431,"NAKHON RATCHASIMA, TH",14.967,102.083,188.0,1959-11-05,0.0,28.8,33.7,22.0
TH000048431,"NAKHON RATCHASIMA, TH",14.967,102.083,188.0,1959-11-06,0.0,,32.4,20.5
TH000048431,"NAKHON RATCHASIMA, TH",14.967,102.083,188.0,1959-11-07,0.0,29.0,32.8,21.5
TH000048431,"NAKHON RATCHASIMA, TH",14.967,102.083,188.0,1959-11-08,0.0,,33.7,21.3
TH000048431,"NAKHON RATCHASIMA, TH",14.967,102.083,188.0,1959-11-09,0.0,28.5,33.6,21.1
TH000048431,"NAKHON RATCHASIMA, TH",14.967,102.083,188.0,1959-11-10,0.0,27.8,30.6,22.2
TH000048431,"NAKHON RATCHASIMA, TH",14.967,102.083,188.0,1959-11-11,0.0,26.2,29.2,20.3
TH000048431,"NAKHON RATCHASIMA, TH",14.967,102.083,188.0,1959-11-12,0.0,,28.0,18.3
TH000048431,"NAKHON RATCHASIMA, TH",14.967,102.083,188.0,1959-11-13,0.0,,27.2,17.8
TH000048431,"NAKHON RATCHASIMA, TH",14.967,102.083,188.0,1959-11-14,0.0,23.3,27.6,16.9
TH000048431,"NAKHON RATCHASIMA, TH",14.967,102.083,188.0,1959-11-15,0.0,23.6,28.5,14.8
TH000048431,"NAKHON RATCHASIMA, TH",14.967,102.083,188.0,1959-11-16,0.0,24.0,28.2,15.7
TH000048431,"NAKHON RATCHASIMA, TH",14.967,102.083,188.0,1959-11-17,0.1,26.0,29.3,21.2
TH000048431,"NAKHON RATCHASIMA, TH",14.967,102.083,188.0,1959-11-18,1.0,26.3,29.2,22.8
TH000048431,"NAKHON RATCHASIMA, TH",14.967,102.083,188.0,1959-11-19,0.6,27.6,30.9,21.6
TH000048431,"NAKHON RATCHASIMA, TH",14.967,102.083,188.0,1959-11-20,5.2,27.4,31.4,20.8
TH000048431,"NAKHON RATCHASIMA, TH",14.967,102.083,188.0,1959-11-21,0.2,26.1,30.5,22.1
TH000048431,"NAKHON RATCHASIMA, TH",14.967,102.083,188.0,1959-11-22,0.0,26.5,30.6,20.4
TH000048431,"NAKHON RATCHASIMA, TH",14.967,102.083,188.0,1959-11-23,0.0,26.0,30.1,20.0
TH000048431,"NAKHON RATCHASIMA, TH",14.967,102.083,188.0,1959-11-24,0.0,26.4,30.8,21.0
TH000048431,"NAKHON RATCHASIMA, TH",14.967,102.083,188.0,1959-11-25,0.0,26.5,30.3,21.6
TH000048431,"NAKHON RATCHASIMA, TH",14.967,102.083,188.0,1959-11-26,0.0,26.9,30.6,20.9
TH000048431,"NAKHON RATCHASIMA, TH",14.967,102.083,188.0,1959-11-27,0.0,24.7,27.8,20.2
TH000048431,"NAKHON RATCHASIMA, TH",14.967,102.083,188.0,1959-11-28,0.0,,27.0,17.8
TH000048431,"NAKHON RATCHASIMA, TH",14.967,102.083,188.0,1959-11-29,0.0,23.1,29.2,15.3
TH000048431,"NAKHON RATCHASIMA, TH",14.967,102.083,188.0,1959-11-30,0.0,,29.8,15.7
TH000048431,"NAKHON RATCHASIMA, TH",14.967,102.083,188.0,1959-12-01,0.0,24.9,31.0,16.4
TH000048431,"NAKHON RATCHASIMA, TH",14.967,102.083,188.0,1959-12-02,0.0,27.8,30.0,16.8
TH000048431,"NAKHON RATCHASIMA, TH",14.967,102.083,188.0,1959-12-03,0.0,25.2,30.0,18.8
TH000048431,"NAKHON RATCHASIMA, TH",14.967,102.083,188.0,1959-12-04,0.0,26.8,31.6,21.3
TH000048431,"NAKHON RATCHASIMA, TH",14.967,102.083,188.0,1959-12-05,0.0,27.7,32.8,18.8
TH000048431,"NAKHON RATCHASIMA, TH",14.967,102.083,188.0,1959-12-06,0.0,28.3,33.1,19.6
TH000048431,"NAKHON RATCHASIMA, TH",14.967,102.083,188.0,1959-12-07,0.0,26.8,31.3,20.9
TH000048431,"NAKHON RATCHASIMA, TH",14.967,102.083,188.0,1959-12-08,0.0,25.8,31.4,18.7
TH000048431,"NAKHON RATCHASIMA, TH",14.967,102.083,188.0,1959-12-09,0.0,24.7,32.4,17.9
TH000048431,"NAKHON RATCHASIMA, TH",14.967,102.083,188.0,1959-12-10,0.0,24.6,30.7,18.6
TH000048431,"NAKHON RATCHASIMA, TH",14.967,102.083,188.0,1959-12-11,0.0,26.4,31.0,17.7
TH000048431,"NAKHON RATCHASIMA, TH",14.967,102.083,188.0,1959-12-12,0.0,26.2,31.7,17.4
TH000048431,"NAKHON RATCHASIMA, TH",14.967,102.083,188.0,1959-12-13,0.0,26.9,31.8,18.4
TH000048431,"NAKHON RATCHASIMA, TH",14.967,102.083,188.0,1959-12-14,0.0,28.2,32.5,22.4
TH000048431,"NAKHON RATCHASIMA, TH",14.967,102.083,188.0,1959-12-15,0.0,29.8,34.7,19.8
TH000048431,"NAKHON RATCHASIMA, TH",14.967,102.083,188.0,1959-12-16,0.0,28.4,33.4,19.7
TH000048431,"NAKHON RATCHASIMA, TH",14.967,102.083,188.0,1959-12-17,0.0,,31.7,18.8
TH000048431,"NAKHON RATCHASIMA, TH",14.967,102.083,188.0,1959-12-18,0.0,27.1,32.2,18.1
TH000048431,"NAKHON RATCHASIMA, TH",14.967,102.083,188.0,1959-12-19,0.0,,33.5,17.0
TH000048431,"NAKHON RATCHASIMA, TH",14.967,102.083,188.0,1959-12-20,0.0,27.1,32.4,18.9
TH000048431,"NAKHON RATCHASIMA, TH",14.967,102.083,188.0,1959-12-21,0.0,,27.8,18.7
TH000048431,"NAKHON RATCHASIMA, TH",14.967,102.083,188.0,1959-12-22,0.2,23.3,28.2,17.9
TH000048431,"NAKHON RATCHASIMA, TH",14.967,102.083,188.0,1959-12-23,0.0,,29.0,19.4
TH000048431,"NAKHON RATCHASIMA, TH",14.967,102.083,188.0,1959-12-24,3.3,,30.6,18.6
TH000048431,"NAKHON RATCHASIMA, TH",14.967,102.083,188.0,1959-12-25,0.0,,28.9,20.2
TH000048431,"NAKHON RATCHASIMA, TH",14.967,102.083,188.0,1959-12-26,0.0,24.8,27.8,17.7
TH000048431,"NAKHON RATCHASIMA, TH",14.967,102.083,188.0,1959-12-27,0.0,,28.8,16.7
TH000048431,"NAKHON RATCHASIMA, TH",14.967,102.083,188.0,1959-12-28,0.0,,30.6,14.8
TH000048431,"NAKHON RATCHASIMA, TH",14.967,102.083,188.0,1959-12-29,0.0,,31.3,15.4
TH000048431,"NAKHON RATCHASIMA, TH",14.967,102.083,188.0,1959-12-30,0.0,,30.7,15.5
TH000048431,"NAKHON RATCHASIMA, TH",14.967,102.083,188.0,1959-12-31,0.0,24.9,30.0,16.9
TH000048431,"NAKHON RATCHASIMA, TH",14.967,102.083,188.0,1960-01-01,0.0,21.6,25.1,17.0
TH000048431,"NAKHON RATCHASIMA, TH",14.967,102.083,188.0,1960-01-02,0.0,18.8,23.7,10.2
TH000048431,"NAKHON RATCHASIMA, TH",14.967,102.083,188.0,1960-01-03,0.0,,24.6,7.0
TH000048431,"NAKHON RATCHASIMA, TH",14.967,102.083,188.0,1960-01-04,0.0,20.7,29.9,7.3
TH000048431,"NAKHON RATCHASIMA, TH",14.967,102.083,188.0,1960-01-05,0.0,,29.9,10.1
TH000048431,"NAKHON RATCHASIMA, TH",14.967,102.083,188.0,1960-01-06,0.0,26.1,29.5,12.2
TH000048431,"NAKHON RATCHASIMA, TH",14.967,102.083,188.0,1960-01-07,0.0,24.9,29.1,16.2
TH000048431,"NAKHON RATCHASIMA, TH",14.967,102.083,188.0,1960-01-08,0.0,25.9,31.7,16.1
TH000048431,"NAKHON RATCHASIMA, TH",14.967,102.083,188.0,1960-01-09,0.0,25.3,31.2,15.5
TH000048431,"NAKHON RATCHASIMA, TH",14.967,102.083,188.0,1960-01-10,0.0,,31.0,14.0
TH000048431,"NAKHON RATCHASIMA, TH",14.967,102.083,188.0,1960-01-11,0.0,25.0,30.0,16.4
TH000048431,"NAKHON RATCHASIMA, TH",14.967,102.083,188.0,1960-01-12,0.0,,32.3,15.3
TH000048431,"NAKHON RATCHASIMA, TH",14.967,102.083,188.0,1960-01-13,0.0,27.2,33.6,16.3
TH000048431,"NAKHON RATCHASIMA, TH",14.967,102.083,188.0,1960-01-14,0.0,27.9,34.4,17.6
TH000048431,"NAKHON RATCHASIMA, TH",14.967,102.083,188.0,1960-01-15,0.0,31.4,35.1,19.4
TH000048431,"NAKHON RATCHASIMA, TH",14.967,102.083,188.0,1960-01-16,0.0,29.6,35.3,20.6
TH000048431,"NAKHON RATCHASIMA, TH",14.967,102.083,188.0,1960-01-17,0.0,,34.3,21.4
TH000048431,"NAKHON RATCHASIMA, TH",14.967,102.083,188.0,1960-01-18,0.0,28.9,34.0,22.4
TH000048431,"NAKHON RATCHASIMA, TH",14.967,102.083,188.0,1960-01-19,0.0,,34.8,21.3
TH000048431,"NAKHON RATCHASIMA, TH",14.967,102.083,188.0,1960-01-20,0.0,27.8,34.8,19.9
TH000048431,"NAKHON RATCHASIMA, TH",14.967,102.083,188.0,1960-01-21,0.0,28.9,35.0,18.9
TH000048431,"NAKHON RATCHASIMA, TH",14.967,102.083,188.0,1960-01-22,0.0,27.5,34.2,17.9
TH000048431,"NAKHON RATCHASIMA, TH",14.967,102.083,188.0,1960-01-23,0.0,26.7,33.1,18.0
TH000048431,"NAKHON RATCHASIMA, TH",14.967,102.083,188.0,1960-01-24,0.0,26.4,31.7,18.0
TH000048431,"NAKHON RATCHASIMA, TH",14.967,102.083,188.0,1960-01-25,0.0,24.6,29.8,18.0
TH000048431,"NAKHON RATCHASIMA, TH",14.967,102.083,188.0,1960-01-26,0.0,22.0,27.2,15.6
TH000048431,"NAKHON RATCHASIMA, TH",14.967,102.083,188.0,1960-01-27,0.0,23.2,29.1,15.3
TH000048431,"NAKHON RATCHASIMA, TH",14.967,102.083,188.0,1960-01-28,0.0,22.8,28.9,16.0
TH000048431,"NAKHON RATCHASIMA, TH",14.967,102.083,188.0,1960-01-29,0.0,23.4,29.8,16.1
TH000048431,"NAKHON RATCHASIMA, TH",14.967,102.083,188.0,1960-01-30,0.0,25.0,31.5,15.6
TH000048431,"NAKHON RATCHASIMA, TH",14.967,102.083,188.0,1960-01-31,0.0,,34.2,19.6
TH000048431,"NAKHON RATCHASIMA, TH",14.967,102.083,188.0,1960-02-01,0.0,,34.7,19.5
TH000048431,"NAKHON RATCHASIMA, TH",14.967,102.083,188.0,1960-02-02,0.0,,25.9,20.6
TH000048431,"NAKHON RATCHASIMA, TH",14.967,102.083,188.0,1960-02-03,0.0,23.9,29.1,18.8
TH000048431,"NAKHON RATCHASIMA, TH",14.967,102.083,188.0,1960-02-04,0.0,,30.0,16.9
TH000048431,"NAKHON RATCHASIMA, TH",14.967,102.083,188.0,1960-02-05,0.0,,27.0,16.1
TH000048431,"NAKHON RATCHASIMA, TH",14.967,102.083,188.0,1960-02-06,0.0,22.3,28.6,13.5
TH000048431,"NAKHON RATCHASIMA, TH",14.967,102.083,188.0,1960-02-07,0.0,,31.2,12.0
TH000048431,"NAKHON RATCHASIMA, TH",14.967,102.083,188.0,1960-02-08,0.0,,33.6,12.6
TH000048431,"NAKHON RATCHASIMA, TH",14.967,102.083,188.0,1960-02-09,0.0,22.6,34.4,14.8
TH000048431,"NAKHON RATCHASIMA, TH",14.967,102.083,188.0,1960-02-10,0.0,,32.5,15.8
TH000048431,"NAKHON RATCHASIMA, TH",14.967,102.083,188.0,1960-02-11,0.0,26.2,31.1,14.9
TH000048431,"NAKHON RATCHASIMA, TH",14.967,102.083,188.0,1960-02-12,0.0,25.6,30.9,15.5
TH000048431,"NAKHON RATCHASIMA, TH",14.967,102.083,188.0,1960-02-13,0.0,26.7,32.0,18.9
TH000048431,"NAKHON RATCHASIMA, TH",14.967,102.083,188.0,1960-02-14,0.0,28.1,32.4,18.4
TH000048431,"NAKHON RATCHASIMA, TH",14.967,102.083,188.0,1960-02-15,0.0,27.2,33.5,16.3
TH000048431,"NAKHON RATCHASIMA, TH",14.967,102.083,188.0,1960-02-16,0.0,23.9,32.1,15.9
TH000048431,"NAKHON RATCHASIMA, TH",14.967,102.083,188.0,1960-02-17,0.0,25.8,33.7,16.5
TH000048431,"NAKHON RATCHASIMA, TH",14.967,102.083,188.0,1960-02-18,0.0,,32.4,21.7
TH000048431,"NAKHON RATCHASIMA, TH",14.967,102.083,188.0,1960-02-19,0.0,26.0,31.4,19.6
TH000048431,"NAKHON RATCHASIMA, TH",14.967,102.083,188.0,1960-02-20,0.0,,33.4,16.8
TH000048431,"NAKHON RATCHASIMA, TH",14.967,102.083,188.0,1960-02-21,0.0,,32.5,17.0
TH000048431,"NAKHON RATCHASIMA, TH",14.967,102.083,188.0,1960-02-22,0.0,,31.2,17.8
TH000048431,"NAKHON RATCHASIMA, TH",14.967,102.083,188.0,1960-02-23,0.0,,32.5,16.3
TH000048431,"NAKHON RATCHASIMA, TH",14.967,102.083,188.0,1960-02-24,0.0,,34.3,15.7
TH000048431,"NAKHON RATCHASIMA, TH",14.967,102.083,188.0,1960-02-25,0.0,29.3,36.2,16.8
TH000048431,"NAKHON RATCHASIMA, TH",14.967,102.083,188.0,1960-02-26,0.0,30.2,36.2,19.0
TH000048431,"NAKHON RATCHASIMA, TH",14.967,102.083,188.0,1960-02-27,0.0,29.6,36.3,21.2
TH000048431,"NAKHON RATCHASIMA, TH",14.967,102.083,188.0,1960-02-28,0.1,29.3,36.4,21.3
TH000048431,"NAKHON RATCHASIMA, TH",14.967,102.083,188.0,1960-02-29,0.0,27.3,36.5,19.7
TH000048431,"NAKHON RATCHASIMA, TH",14.967,102.083,188.0,1960-03-01,1.9,29.2,35.8,20.1
TH000048431,"NAKHON RATCHASIMA, TH",14.967,102.083,188.0,1960-03-02,0.0,27.8,34.5,20.8
TH000048431,"NAKHON RATCHASIMA, TH",14.967,102.083,188.0,1960-03-03,0.0,27.3,34.7,19.9
TH000048431,"NAKHON RATCHASIMA, TH",14.967,102.083,188.0,1960-03-04,4.6,25.9,33.2,20.6
TH000048431,"NAKHON RATCHASIMA, TH",14.967,102.083,188.0,1960-03-05,0.2,26.9,33.1,21.3
TH000048431,"NAKHON RATCHASIMA, TH",14.967,102.083,188.0,1960-03-06,0.0,28.7,34.8,20.2
TH000048431,"NAKHON RATCHASIMA, TH",14.967,102.083,188.0,1960-03-07,0.0,29.4,35.9,21.2
TH000048431,"NAKHON RATCHASIMA, TH",14.967,102.083,188.0,1960-03-08,0.0,30.2,37.1,20.7
TH000048431,"NAKHON RATCHASIMA, TH",14.967,102.083,188.0,1960-03-09,0.0,31.4,37.8,22.7
TH000048431,"NAKHON RATCHASIMA, TH",14.967,102.083,188.0,1960-03-10,0.0,32.1,38.9,22.7
TH000048431,"NAKHON RATCHASIMA, TH",14.967,102.083,188.0,1960-03-11,0.0,32.1,38.9,23.9
TH000048431,"NAKHON RATCHASIMA, TH",14.967,102.083,188.0,1960-03-12,0.0,32.4,38.8,22.0
TH000048431,"NAKHON RATCHASIMA, TH",14.967,102.083,188.0,1960-03-13,0.0,31.4,38.2,23.9
TH000048431,"NAKHON RATCHASIMA, TH",14.967,102.083,188.0,1960-03-14,0.0,31.4,38.2,21.9
TH000048431,"NAKHON RATCHASIMA, TH",14.967,102.083,188.0,1960-03-15,0.0,31.7,38.3,22.6
TH000048431,"NAKHON RATCHASIMA, TH",14.967,102.083,188.0,1960-03-16,0.0,32.6,38.7,23.1
TH000048431,"NAKHON RATCHASIMA, TH",14.967,102.083,188.0,1960-03-17,0.0,32.1,38.4,23.1
TH000048431,"NAKHON RATCHASIMA, TH",14.967,102.083,188.0,1960-03-18,0.0,31.3,37.7,23.0
TH000048431,"NAKHON RATCHASIMA, TH",14.967,102.083,188.0,1960-03-19,0.0,31.4,38.9,22.5
TH000048431,"NAKHON RATCHASIMA, TH",14.967,102.083,188.0,1960-03-20,0.0,33.8,39.4,22.0
TH000048431,"NAKHON RATCHASIMA, TH",14.967,102.083,188.0,1960-03-21,0.0,34.2,40.3,23.4
TH000048431,"NAKHON RATCHASIMA, TH",14.967,102.083,188.0,1960-03-22,0.0,33.6,40.4,24.1
TH000048431,"NAKHON RATCHASIMA, TH",14.967,102.083,188.0,1960-03-23,0.0,33.7,40.0,23.9
TH000048431,"NAKHON RATCHASIMA, TH",14.967,102.083,188.0,1960-03-24,3.0,32.2,39.9,24.8
TH000048431,"NAKHON RATCHASIMA, TH",14.967,102.083,188.0,1960-03-25,0.0,33.1,39.9,23.8
TH000048431,"NAKHON RATCHASIMA, TH",14.967,102.083,188.0,1960-03-26,0.0,33.8,40.6,23.4
TH000048431,"NAKHON RATCHASIMA, TH",14.967,102.083,188.0,1960-03-27,28.6,30.4,38.0,23.9
TH000048431,"NAKHON RATCHASIMA, TH",14.967,102.083,188.0,1960-03-28,0.0,29.5,34.9,23.4
TH000048431,"NAKHON RATCHASIMA, TH",14.967,102.083,188.0,1960-03-29,0.0,30.9,36.3,22.7
TH000048431,"NAKHON RATCHASIMA, TH",14.967,102.083,188.0,1960-03-30,0.0,32.9,38.4,23.6
TH000048431,"NAKHON RATCHASIMA, TH",14.967,102.083,188.0,1960-03-31,0.0,33.0,41.1,24.0
TH000048431,"NAKHON RATCHASIMA, TH",14.967,102.083,188.0,1960-04-01,0.0,32.5,37.5,24.8
TH000048431,"NAKHON RATCHASIMA, TH",14.967,102.083,188.0,1960-04-02,0.0,26.9,31.2,23.2
TH000048431,"NAKHON RATCHASIMA, TH",14.967,102.083,188.0,1960-04-03,0.0,28.4,35.0,22.6
TH000048431,"NAKHON RATCHASIMA, TH",14.967,102.083,188.0,1960-04-04,0.0,29.6,35.0,22.6
TH000048431,"NAKHON RATCHASIMA, TH",14.967,102.083,188.0,1960-04-05,0.0,28.7,33.8,21.6
TH000048431,"NAKHON RATCHASIMA, TH",14.967,102.083,188.0,1960-04-06,0.0,29.2,34.6,20.4
TH000048431,"NAKHON RATCHASIMA, TH",14.967,102.083,188.0,1960-04-07,0.0,31.9,37.8,20.6
TH000048431,"NAKHON RATCHASIMA, TH",14.967,102.083,188.0,1960-04-08,0.0,31.9,38.7,22.9
TH000048431,"NAKHON RATCHASIMA, TH",14.967,102.083,188.0,1960-04-09,13.3,29.3,38.5,24.1
TH000048431,"NAKHON RATCHASIMA, TH",14.967,102.083,188.0,1960-04-10,0.1,29.7,36.3,23.6
TH000048431,"NAKHON RATCHASIMA, TH",14.967,102.083,188.0,1960-04-11,0.1,30.8,38.8,23.7
TH000048431,"NAKHON RATCHASIMA, TH",14.967,102.083,188.0,1960-04-12,0.0,31.6,37.5,24.0
TH000048431,"NAKHON RATCHASIMA, TH",14.967,102.083,188.0,1960-04-13,0.0,32.9,39.2,23.5
TH000048431,"NAKHON RATCHASIMA, TH",14.967,102.083,188.0,1960-04-14,1.5,32.7,40.8,24.1
TH000048431,"NAKHON RATCHASIMA, TH",14.967,102.083,188.0,1960-04-15,0.1,32.1,38.9,25.1
TH000048431,"NAKHON RATCHASIMA, TH",14.967,102.083,188.0,1960-04-16,0.6,29.9,37.0,23.8
TH000048431,"NAKHON RATCHASIMA, TH",14.967,102.083,188.0,1960-04-17,10.3,28.3,34.9,23.3
TH000048431,"NAKHON RATCHASIMA, TH",14.967,102.083,188.0,1960-04-18,0.0,30.5,36.3,22.9
TH000048431,"NAKHON RATCHASIMA, TH",14.967,102.083,188.0,1960-04-19,0.0,33.2,38.7,25.1
TH000048431,"NAKHON RATCHASIMA, TH",14.967,102.083,188.0,1960-04-20,0.0,31.8,39.4,24.6
TH000048431,"NAKHON RATCHASIMA, TH",14.967,102.083,188.0,1960-04-21,0.0,33.1,39.7,25.0
TH000048431,"NAKHON RATCHASIMA, TH",14.967,102.083,188.0,1960-04-22,0.0,30.6,38.0,25.1
TH000048431,"NAKHON RATCHASIMA, TH",14.967,102.083,188.0,1960-04-23,0.0,33.5,38.7,24.6
TH000048431,"NAKHON RATCHASIMA, TH",14.967,102.083,188.0,1960-04-24,1.5,32.1,40.8,25.1
TH000048431,"NAKHON RATCHASIMA, TH",14.967,102.083,188.0,1960-04-25,0.0,33.9,41.3,24.2
TH000048431,"NAKHON RATCHASIMA, TH",14.967,102.083,188.0,1960-04-26,0.0,33.6,40.4,25.7
TH000048431,"NAKHON RATCHASIMA, TH",14.967,102.083,188.0,1960-04-27,0.0,33.8,39.7,26.2
TH000048431,"NAKHON RATCHASIMA, TH",14.967,102.083,188.0,1960-04-28,0.0,35.6,41.5,26.8
TH000048431,"NAKHON RATCHASIMA, TH",14.967,102.083,188.0,1960-04-29,14.5,35.1,41.7,27.4
TH000048431,"NAKHON RATCHASIMA, TH",14.967,102.083,188.0,1960-04-30,0.0,32.7,36.3,24.9
TH000048431,"NAKHON RATCHASIMA, TH",14.967,102.083,188.0,1960-05-01,0.0,,37.8,29.5
TH000048431,"NAKHON RATCHASIMA, TH",14.967,102.083,188.0,1960-05-02,0.0,33.9,38.8,22.6
TH000048431,"NAKHON RATCHASIMA, TH",14.967,102.083,188.0,1960-05-03,0.3,32.4,38.9,28.4
TH000048431,"NAKHON RATCHASIMA, TH",14.967,102.083,188.0,1960-05-04,0.0,,38.8,20.5
TH000048431,"NAKHON RATCHASIMA, TH",14.967,102.083,188.0,1960-05-05,0.0,34.3,39.1,28.6
TH000048431,"NAKHON RATCHASIMA, TH",14.967,102.083,188.0,1960-05-06,0.0,30.4,39.3,21.5
TH000048431,"NAKHON RATCHASIMA, TH",14.967,102.083,188.0,1960-05-07,0.0,31.9,39.4,25.4
TH000048431,"NAKHON RATCHASIMA, TH",14.967,102.083,188.0,1960-05-08,2.0,,39.2,23.4
TH000048431,"NAKHON RATCHASIMA, TH",14.967,102.083,188.0,1960-05-09,0.0,32.1,37.4,22.3
TH000048431,"NAKHON RATCHASIMA, TH",14.967,102.083,188.0,1960-05-10,0.0,30.3,36.6,20.5
TH000048431,"NAKHON RATCHASIMA, TH",14.967,102.083,188.0,1960-05-11,0.0,30.9,36.7,20.4
TH000048431,"NAKHON RATCHASIMA, TH",14.967,102.083,188.0,1960-05-12,0.5,28.7,35.9,29.3
TH000048431,"NAKHON RATCHASIMA, TH",14.967,102.083,188.0,1960-05-13,0.0,28.4,38.4,22.4
TH000048431,"NAKHON RATCHASIMA, TH",14.967,102.083,188.0,1960-05-14,16.0,,37.8,22.4
TH000048431,"NAKHON RATCHASIMA, TH",14.967,102.083,188.0,1960-05-15,1.5,,37.2,22.3
TH000048431,"NAKHON RATCHASIMA, TH",14.967,102.083,188.0,1960-05-16,4.4,,34.8,23.4
TH000048431,"NAKHON RATCHASIMA, TH",14.967,102.083,188.0,1960-05-17,2.0,28.3,33.3,21.4
TH000048431,"NAKHON RATCHASIMA, TH",14.967,102.083,188.0,1960-05-18,10.7,,35.6,21.4
TH000048431,"NAKHON RATCHASIMA, TH",14.967,102.083,188.0,1960-05-19,2.7,28.7,33.5,23.4
TH000048431,"NAKHON RATCHASIMA, TH",14.967,102.083,188.0,1960-05-20,0.2,31.1,35.0,23.4
TH000048431,"NAKHON RATCHASIMA, TH",14.967,102.083,188.0,1960-05-21,5.6,27.3,33.7,28.4
TH000048431,"NAKHON RATCHASIMA, TH",14.967,102.083,188.0,1960-05-22,0.3,29.0,32.8,28.3
TH000048431,"NAKHON RATCHASIMA, TH",14.967,102.083,188.0,1960-05-23,2.9,29.3,34.0,23.4
TH000048431,"NAKHON RATCHASIMA, TH",14.967,102.083,188.0,1960-05-24,0.0,29.7,33.0,23.4
TH000048431,"NAKHON RATCHASIMA, TH",14.967,102.083,188.0,1960-05-25,4.3,27.2,30.9,26.4
TH000048431,"NAKHON RATCHASIMA, TH",14.967,102.083,188.0,1960-05-26,0.0,29.7,33.0,20.4
TH000048431,"NAKHON RATCHASIMA, TH",14.967,102.083,188.0,1960-05-27,0.0,31.7,35.1,26.3
TH000048431,"NAKHON RATCHASIMA, TH",14.967,102.083,188.0,1960-05-28,0.0,32.3,36.5,27.3
TH000048431,"NAKHON RATCHASIMA, TH",14.967,102.083,188.0,1960-05-29,0.0,31.6,34.4,25.4
TH000048431,"NAKHON RATCHASIMA, TH",14.967,102.083,188.0,1960-05-30,0.0,29.4,34.3,21.4
TH000048431,"NAKHON RATCHASIMA, TH",14.967,102.083,188.0,1960-05-31,0.1,,36.5,27.3
TH000048431,"NAKHON RATCHASIMA, TH",14.967,102.083,188.0,1960-06-01,0.0,30.3,34.1,24.2
TH000048431,"NAKHON RATCHASIMA, TH",14.967,102.083,188.0,1960-06-02,0.0,31.9,34.8,24.1
TH000048431,"NAKHON RATCHASIMA, TH",14.967,102.083,188.0,1960-06-03,8.8,30.4,34.7,24.7
TH000048431,"NAKHON RATCHASIMA, TH",14.967,102.083,188.0,1960-06-04,27.6,,31.7,23.5
TH000048431,"NAKHON RATCHASIMA, TH",14.967,102.083,188.0,1960-06-05,0.3,27.4,30.5,22.8
TH000048431,"NAKHON RATCHASIMA, TH",14.967,102.083,188.0,1960-06-06,0.0,28.2,32.2,23.9
TH000048431,"NAKHON RATCHASIMA, TH",14.967,102.083,188.0,1960-06-07,0.7,30.2,34.1,24.0
TH000048431,"NAKHON RATCHASIMA, TH",14.967,102.083,188.0,1960-06-08,0.0,30.6,31.5,24.8
TH000048431,"NAKHON RATCHASIMA, TH",14.967,102.083,188.0,1960-06-09,0.0,30.8,34.3,23.2
TH000048431,"NAKHON RATCHASIMA, TH",14.967,102.083,188.0,1960-06-10,6.9,29.8,35.5,24.7
TH000048431,"NAKHON RATCHASIMA, TH",14.967,102.083,188.0,1960-06-11,0.0,30.7,34.0,25.2
TH000048431,"NAKHON RATCHASIMA, TH",14.967,102.083,188.0,1960-06-12,0.9,29.9,34.6,25.2
TH000048431,"NAKHON RATCHASIMA, TH",14.967,102.083,188.0,1960-06-13,0.0,29.8,36.1,23.0
TH000048431,"NAKHON RATCHASIMA, TH",14.967,102.083,188.0,1960-06-14,0.2,31.7,35.7,24.0
TH000048431,"NAKHON RATCHASIMA, TH",14.967,102.083,188.0,1960-06-15,5.8,,36.9,24.3
TH000048431,"NAKHON RATCHASIMA, TH",14.967,102.083,188.0,1960-06-16,0.0,29.3,33.3,23.5
TH000048431,"NAKHON RATCHASIMA, TH",14.967,102.083,188.0,1960-06-17,0.0,30.4,34.8,24.4
TH000048431,"NAKHON RATCHASIMA, TH",14.967,102.083,188.0,1960-06-18,0.0,31.0,35.7,22.9
TH000048431,"NAKHON RATCHASIMA, TH",14.967,102.083,188.0,1960-06-19,0.0,32.2,36.9,25.2
TH000048431,"NAKHON RATCHASIMA, TH",14.967,102.083,188.0,1960-06-20,0.2,30.6,37.1,24.2
TH000048431,"NAKHON RATCHASIMA, TH",14.967,102.083,188.0,1960-06-21,28.8,26.2,32.3,24.9
TH000048431,"NAKHON RATCHASIMA, TH",14.967,102.083,188.0,1960-06-22,1.4,28.8,32.2,22.5
TH000048431,"NAKHON RATCHASIMA, TH",14.967,102.083,188.0,1960-06-23,0.0,31.2,34.3,23.3
TH000048431,"NAKHON RATCHASIMA, TH",14.967,102.083,188.0,1960-06-24,1.2,,35.6,23.1
TH000048431,"NAKHON RATCHASIMA, TH",14.967,102.083,188.0,1960-06-25,12.1,27.9,34.6,23.3
TH000048431,"NAKHON RATCHASIMA, TH",14.967,102.083,188.0,1960-06-26,5.3,,32.5,23.6
TH000048431,"NAKHON RATCHASIMA, TH",14.967,102.083,188.0,1960-06-27,0.0,29.0,32.2,23.0
TH000048431,"NAKHON RATCHASIMA, TH",14.967,102.083,188.0,1960-06-28,0.0,28.6,31.9,24.4
TH000048431,"NAKHON RATCHASIMA, TH",14.967,102.083,188.0,1960-06-29,0.0,29.0,33.1,22.4
TH000048431,"NAKHON RATCHASIMA, TH",14.967,102.083,188.0,1960-06-30,1.2,28.5,30.9,23.5
TH000048431,"NAKHON RATCHASIMA, TH",14.967,102.083,188.0,1960-07-01,14.0,28.1,30.9,23.4
TH000048431,"NAKHON RATCHASIMA, TH",14.967,102.083,188.0,1960-07-02,2.9,30.0,32.6,24.5
TH000048431,"NAKHON RATCHASIMA, TH",14.967,102.083,188.0,1960-07-03,0.5,,33.0,24.2
TH000048431,"NAKHON RATCHASIMA, TH",14.967,102.083,188.0,1960-07-04,3.3,25.4,29.2,23.8
TH000048431,"NAKHON RATCHASIMA, TH",14.967,102.083,188.0,1960-07-05,0.0,26.8,31.7,22.6
TH000048431,"NAKHON RATCHASIMA, TH",14.967,102.083,188.0,1960-07-06,0.0,29.3,33.7,23.3
TH000048431,"NAKHON RATCHASIMA, TH",14.967,102.083,188.0,1960-07-07,14.1,,35.3,22.7
TH000048431,"NAKHON RATCHASIMA, TH",14.967,102.083,188.0,1960-07-08,0.5,28.5,35.9,23.1
TH000048431,"NAKHON RATCHASIMA, TH",14.967,102.083,188.0,1960-07-09,0.0,28.8,35.8,23.4
TH000048431,"NAKHON RATCHASIMA, TH",14.967,102.083,188.0,1960-07-10,0.0,29.0,34.7,24.4
TH000048431,"NAKHON RATCHASIMA, TH",14.967,102.083,188.0,1960-07-11,10.9,27.2,32.3,24.1
TH000048431,"NAKHON RATCHASIMA, TH",14.967,102.083,188.0,1960-07-12,12.2,28.3,33.8,23.5
TH000048431,"NAKHON RATCHASIMA, TH",14.967,102.083,188.0,1960-07-13,7.3,28.2,33.4,22.6
TH000048431,"NAKHON RATCHASIMA, TH",14.967,102.083,188.0,1960-07-14,0.0,28.8,32.7,23.4
TH000048431,"NAKHON RATCHASIMA, TH",14.967,102.083,188.0,1960-07-15,0.0,30.2,34.5,23.9
TH000048431,"NAKHON RATCHASIMA, TH",14.967,102.083,188.0,1960-07-16,6.8,28.5,33.1,24.4
TH000048431,"NAKHON RATCHASIMA, TH",14.967,102.083,188.0,1960-07-17,27.6,28.2,33.0,23.1
TH000048431,"NAKHON RATCHASIMA, TH",14.967,102.083,188.0,1960-07-18,0.0,28.5,33.4,23.0
TH000048431,"NAKHON RATCHASIMA, TH",14.967,102.083,188.0,1960-07-19,0.0,28.8,34.9,24.1
TH000048431,"NAKHON RATCHASIMA, TH",14.967,102.083,188.0,1960-07-20,4.9,30.7,35.4,24.1
TH000048431,"NAKHON RATCHASIMA, TH",14.967,102.083,188.0,1960-07-21,3.1,28.9,33.7,24.5
TH000048431,"NAKHON RATCHASIMA, TH",14.967,102.083,188.0,1960-07-22,0.5,28.1,33.2,24.2
TH000048431,"NAKHON RATCHASIMA, TH",14.967,102.083,188.0,1960-07-23,0.0,28.2,33.9,23.1
TH000048431,"NAKHON RATCHASIMA, TH",14.967,102.083,188.0,1960-07-24,0.0,29.9,33.7,23.6
TH000048431,"NAKHON RATCHASIMA, TH",14.967,102.083,188.0,1960-07-25,0.1,29.2,33.5,23.7
TH000048431,"NAKHON RATCHASIMA, TH",14.967,102.083,188.0,1960-07-26,0.0,29.0,32.6,23.5
TH000048431,"NAKHON RATCHASIMA, TH",14.967,102.083,188.0,1960-07-27,0.0,,33.2,23.1
TH000048431,"NAKHON RATCHASIMA, TH",14.967,102.083,188.0,1960-07-28,0.0,30.1,35.0,23.4
TH000048431,"NAKHON RATCHASIMA, TH",14.967,102.083,188.0,1960-07-29,0.0,33.0,34.1,23.2
TH000048431,"NAKHON RATCHASIMA, TH",14.967,102.083,188.0,1960-07-30,0.0,29.4,33.7,24.2
TH000048431,"NAKHON RATCHASIMA, TH",14.967,102.083,188.0,1960-07-31,0.0,30.6,34.9,24.1
TH000048431,"NAKHON RATCHASIMA, TH",14.967,102.083,188.0,1960-08-01,0.1,27.5,30.6,25.5
TH000048431,"NAKHON RATCHASIMA, TH",14.967,102.083,188.0,1960-08-02,1.6,29.8,33.7,24.9
TH000048431,"NAKHON RATCHASIMA, TH",14.967,102.083,188.0,1960-08-03,0.2,29.7,34.8,23.5
TH000048431,"NAKHON RATCHASIMA, TH",14.967,102.083,188.0,1960-08-04,0.0,30.2,33.9,24.2
TH000048431,"NAKHON RATCHASIMA, TH",14.967,102.083,188.0,1960-08-05,0.5,31.9,36.4,24.5
TH000048431,"NAKHON RATCHASIMA, TH",14.967,102.083,188.0,1960-08-06,0.0,30.8,35.2,24.9
TH000048431,"NAKHON RATCHASIMA, TH",14.967,102.083,188.0,1960-08-07,0.0,31.4,35.5,24.4
TH000048431,"NAKHON RATCHASIMA, TH",14.967,102.083,188.0,1960-08-08,0.6,,35.6,24.4
TH000048431,"NAKHON RATCHASIMA, TH",14.967,102.083,188.0,1960-08-09,13.4,29.6,33.5,23.7
TH000048431,"NAKHON RATCHASIMA, TH",14.967,102.083,188.0,1960-08-10,5.5,27.8,32.0,22.6
TH000048431,"NAKHON RATCHASIMA, TH",14.967,102.083,188.0,1960-08-11,0.0,29.6,33.6,22.7
TH000048431,"NAKHON RATCHASIMA, TH",14.967,102.083,188.0,1960-08-12,0.0,29.4,33.9,24.4
TH000048431,"NAKHON RATCHASIMA, TH",14.967,102.083,188.0,1960-08-13,0.0,,33.2,24.9
TH000048431,"NAKHON RATCHASIMA, TH",14.967,102.083,188.0,1960-08-14,15.1,28.7,33.6,23.6
TH000048431,"NAKHON RATCHASIMA, TH",14.967,102.083,188.0,1960-08-15,11.1,28.3,33.7,23.6
TH000048431,"NAKHON RATCHASIMA, TH",14.967,102.083,188.0,1960-08-16,0.2,28.5,31.6,22.6
TH000048431,"NAKHON RATCHASIMA, TH",14.967,102.083,188.0,1960-08-17,0.0,29.2,32.6,24.4
TH000048431,"NAKHON RATCHASIMA, TH",14.967,102.083,188.0,1960-08-18,0.0,27.8,31.1,24.8
TH000048431,"NAKHON RATCHASIMA, TH",14.967,102.083,188.0,1960-08-19,0.7,,32.8,23.2
TH000048431,"NAKHON RATCHASIMA, TH",14.967,102.083,188.0,1960-08-20,9.5,,32.5,23.8
TH000048431,"NAKHON RATCHASIMA, TH",14.967,102.083,188.0,1960-08-21,3.3,27.8,33.8,22.7
TH000048431,"NAKHON RATCHASIMA, TH",14.967,102.083,188.0,1960-08-22,7.3,29.8,34.0,23.6
TH000048431,"NAKHON RATCHASIMA, TH",14.967,102.083,188.0,1960-08-23,0.7,27.2,31.4,23.8
TH000048431,"NAKHON RATCHASIMA, TH",14.967,102.083,188.0,1960-08-24,4.1,29.1,32.4,23.2
TH000048431,"NAKHON RATCHASIMA, TH",14.967,102.083,188.0,1960-08-25,0.0,28.1,32.5,22.5
TH000048431,"NAKHON RATCHASIMA, TH",14.967,102.083,188.0,1960-08-26,1.6,28.8,32.9,23.4
TH000048431,"NAKHON RATCHASIMA, TH",14.967,102.083,188.0,1960-08-27,11.1,28.4,32.4,23.8
TH000048431,"NAKHON RATCHASIMA, TH",14.967,102.083,188.0,1960-08-28,0.0,28.9,32.5,23.4
TH000048431,"NAKHON RATCHASIMA, TH",14.967,102.083,188.0,1960-08-29,0.0,,33.0,22.6
TH000048431,"NAKHON RATCHASIMA, TH",14.967,102.083,188.0,1960-08-30,11.3,29.1,34.1,23.1
TH000048431,"NAKHON RATCHASIMA, TH",14.967,102.083,188.0,1960-08-31,0.0,26.9,34.3,23.0
TH000048431,"NAKHON RATCHASIMA, TH",14.967,102.083,188.0,1960-09-01,0.0,30.6,35.1,22.3
TH000048431,"NAKHON RATCHASIMA, TH",14.967,102.083,188.0,1960-09-02,12.7,29.7,36.1,27.3
TH000048431,"NAKHON RATCHASIMA, TH",14.967,102.083,188.0,1960-09-03,23.7,28.7,33.7,27.3
TH000048431,"NAKHON RATCHASIMA, TH",14.967,102.083,188.0,1960-09-04,30.6,27.3,32.8,28.2
TH000048431,"NAKHON RATCHASIMA, TH",14.967,102.083,188.0,1960-09-05,16.8,26.1,29.9,20.3
TH000048431,"NAKHON RATCHASIMA, TH",14.967,102.083,188.0,1960-09-06,25.8,25.2,29.6,25.2
TH000048431,"NAKHON RATCHASIMA, TH",14.967,102.083,188.0,1960-09-07,33.3,25.4,30.5,24.2
TH000048431,"NAKHON RATCHASIMA, TH",14.967,102.083,188.0,1960-09-08,0.0,29.0,33.0,20.2
TH000048431,"NAKHON RATCHASIMA, TH",14.967,102.083,188.0,1960-09-09,0.0,29.2,32.9,24.4
TH000048431,"NAKHON RATCHASIMA, TH",14.967,102.083,188.0,1960-09-10,1.7,28.4,33.7,20.4
TH000048431,"NAKHON RATCHASIMA, TH",14.967,102.083,188.0,1960-09-11,0.0,29.4,34.0,24.3
TH000048431,"NAKHON RATCHASIMA, TH",14.967,102.083,188.0,1960-09-12,0.4,27.0,32.3,29.3
TH000048431,"NAKHON RATCHASIMA, TH",14.967,102.083,188.0,1960-09-13,0.3,29.1,33.8,29.3
TH000048431,"NAKHON RATCHASIMA, TH",14.967,102.083,188.0,1960-09-14,0.0,29.7,34.5,28.2
TH000048431,"NAKHON RATCHASIMA, TH",14.967,102.083,188.0,1960-09-15,0.0,27.5,31.6,27.2
TH000048431,"NAKHON RATCHASIMA, TH",14.967,102.083,188.0,1960-09-16,0.0,27.1,30.6,26.3
TH000048431,"NAKHON RATCHASIMA, TH",14.967,102.083,188.0,1960-09-17,0.0,28.9,33.6,25.3
TH000048431,"NAKHON RATCHASIMA, TH",14.967,102.083,188.0,1960-09-18,0.0,29.2,33.1,26.2
TH000048431,"NAKHON RATCHASIMA, TH",14.967,102.083,188.0,1960-09-19,0.0,28.0,31.5,21.1
TH000048431,"NAKHON RATCHASIMA, TH",14.967,102.083,188.0,1960-09-20,0.0,26.3,29.7,25.2
TH000048431,"NAKHON RATCHASIMA, TH",14.967,102.083,188.0,1960-09-21,19.7,27.1,31.5,28.2
TH000048431,"NAKHON RATCHASIMA, TH",14.967,102.083,188.0,1960-09-22,0.0,27.6,31.4,21.3
TH000048431,"NAKHON RATCHASIMA, TH",14.967,102.083,188.0,1960-09-23,3.1,28.4,32.7,22.4
TH000048431,"NAKHON RATCHASIMA, TH",14.967,102.083,188.0,1960-09-24,22.9,26.0,31.3,21.4
TH000048431,"NAKHON RATCHASIMA, TH",14.967,102.083,188.0,1960-09-25,0.0,26.7,31.0,20.3
TH000048431,"NAKHON RATCHASIMA, TH",14.967,102.083,188.0,1960-09-26,0.0,28.1,32.2,22.3
TH000048431,"NAKHON RATCHASIMA, TH",14.967,102.083,188.0,1960-09-27,17.8,27.9,34.5,23.3
TH000048431,"NAKHON RATCHASIMA, TH",14.967,102.083,188.0,1960-09-28,12.5,27.6,30.2,20.3
TH000048431,"NAKHON RATCHASIMA, TH",14.967,102.083,188.0,1960-09-29,1.9,27.1,30.0,20.3
TH000048431,"NAKHON RATCHASIMA, TH",14.967,102.083,188.0,1960-09-30,19.5,26.4,30.8,25.2
TH000048431,"NAKHON RATCHASIMA, TH",14.967,102.083,188.0,1960-10-01,15.7,28.7,31.5,22.8
TH000048431,"NAKHON RATCHASIMA, TH",14.967,102.083,188.0,1960-10-02,51.1,22.9,23.4,21.9
TH000048431,"NAKHON RATCHASIMA, TH",14.967,102.083,188.0,1960-10-03,18.4,24.4,27.0,22.5
TH000048431,"NAKHON RATCHASIMA, TH",14.967,102.083,188.0,1960-10-04,37.9,25.6,28.5,23.0
TH000048431,"NAKHON RATCHASIMA, TH",14.967,102.083,188.0,1960-10-05,7.6,25.6,27.5,22.5
TH000048431,"NAKHON RATCHASIMA, TH",14.967,102.083,188.0,1960-10-06,17.7,27.1,30.6,23.2
TH000048431,"NAKHON RATCHASIMA, TH",14.967,102.083,188.0,1960-10-07,80.7,25.6,27.6,22.3
TH000048431,"NAKHON RATCHASIMA, TH",14.967,102.083,188.0,1960-10-08,1.8,24.8,27.2,21.2
TH000048431,"NAKHON RATCHASIMA, TH",14.967,102.083,188.0,1960-10-09,0.0,26.4,29.0,23.5
TH000048431,"NAKHON RATCHASIMA, TH",14.967,102.083,188.0,1960-10-10,0.0,28.2,31.4,22.0
TH000048431,"NAKHON RATCHASIMA, TH",14.967,102.083,188.0,1960-10-11,0.0,29.1,27.5,23.0
TH000048431,"NAKHON RATCHASIMA, TH",14.967,102.083,188.0,1960-10-12,0.0,29.8,34.3,24.6
TH000048431,"NAKHON RATCHASIMA, TH",14.967,102.083,188.0,1960-10-13,0.0,30.1,33.4,24.2
TH000048431,"NAKHON RATCHASIMA, TH",14.967,102.083,188.0,1960-10-14,41.6,27.3,33.4,24.8
TH000048431,"NAKHON RATCHASIMA, TH",14.967,102.083,188.0,1960-10-15,0.0,27.3,30.7,25.0
TH000048431,"NAKHON RATCHASIMA, TH",14.967,102.083,188.0,1960-10-16,0.0,28.4,31.1,22.5
TH000048431,"NAKHON RATCHASIMA, TH",14.967,102.083,188.0,1960-10-17,0.0,27.0,29.8,23.5
TH000048431,"NAKHON RATCHASIMA, TH",14.967,102.083,188.0,1960-10-18,10.8,28.1,32.0,24.3
TH000048431,"NAKHON RATCHASIMA, TH",14.967,102.083,188.0,1960-10-19,4.2,27.6,32.7,23.4
TH000048431,"NAKHON RATCHASIMA, TH",14.967,102.083,188.0,1960-10-20,7.8,27.7,31.8,22.0
TH000048431,"NAKHON RATCHASIMA, TH",14.967,102.083,188.0,1960-10-21,0.2,26.2,29.4,22.6
TH000048431,"NAKHON RATCHASIMA, TH",14.967,102.083,188.0,1960-10-22,0.0,25.5,29.0,23.0
TH000048431,"NAKHON RATCHASIMA, TH",14.967,102.083,188.0,1960-10-23,0.2,26.8,29.3,23.5
TH000048431,"NAKHON RATCHASIMA, TH",14.967,102.083,188.0,1960-10-24,0.0,27.1,30.2,22.5
TH000048431,"NAKHON RATCHASIMA, TH",14.967,102.083,188.0,1960-10-25,0.0,27.3,31.0,23.4
TH000048431,"NAKHON RATCHASIMA, TH",14.967,102.083,188.0,1960-10-26,0.0,27.6,31.1,20.8
TH000048431,"NAKHON RATCHASIMA, TH",14.967,102.083,188.0,1960-10-27,0.0,26.1,29.9,22.3
TH000048431,"NAKHON RATCHASIMA, TH",14.967,102.083,188.0,1960-10-28,0.0,26.1,29.5,21.5
TH000048431,"NAKHON RATCHASIMA, TH",14.967,102.083,188.0,1960-10-29,0.0,26.1,30.0,21.6
TH000048431,"NAKHON RATCHASIMA, TH",14.967,102.083,188.0,1960-10-30,0.0,26.9,30.4,22.3
TH000048431,"NAKHON RATCHASIMA, TH",14.967,102.083,188.0,1960-10-31,0.0,26.8,30.5,22.8
TH000048431,"NAKHON RATCHASIMA, TH",14.967,102.083,188.0,1960-11-01,0.0,26.1,31.2,22.0
TH000048431,"NAKHON RATCHASIMA, TH",14.967,102.083,188.0,1960-11-02,0.0,25.7,30.0,21.4
TH000048431,"NAKHON RATCHASIMA, TH",14.967,102.083,188.0,1960-11-03,0.0,25.6,30.0,20.9
TH000048431,"NAKHON RATCHASIMA, TH",14.967,102.083,188.0,1960-11-04,0.0,24.6,29.4,21.5
TH000048431,"NAKHON RATCHASIMA, TH",14.967,102.083,188.0,1960-11-05,0.0,23.3,27.8,20.1
TH000048431,"NAKHON RATCHASIMA, TH",14.967,102.083,188.0,1960-11-06,0.0,23.2,28.3,18.5
TH000048431,"NAKHON RATCHASIMA, TH",14.967,102.083,188.0,1960-11-07,0.0,24.9,28.3,17.1
TH000048431,"NAKHON RATCHASIMA, TH",14.967,102.083,188.0,1960-11-08,0.0,25.7,30.0,19.4
TH000048431,"NAKHON RATCHASIMA, TH",14.967,102.083,188.0,1960-11-09,0.0,25.6,30.2,20.4
TH000048431,"NAKHON RATCHASIMA, TH",14.967,102.083,188.0,1960-11-10,0.0,24.7,30.3,19.0
TH000048431,"NAKHON RATCHASIMA, TH",14.967,102.083,188.0,1960-11-11,0.0,26.1,31.2,19.7
TH000048431,"NAKHON RATCHASIMA, TH",14.967,102.083,188.0,1960-11-12,0.0,27.7,32.5,19.9
TH000048431,"NAKHON RATCHASIMA, TH",14.967,102.083,188.0,1960-11-13,0.0,26.4,30.2,22.3
TH000048431,"NAKHON RATCHASIMA, TH",14.967,102.083,188.0,1960-11-14,0.3,26.3,30.5,23.5
TH000048431,"NAKHON RATCHASIMA, TH",14.967,102.083,188.0,1960-11-15,0.0,25.3,28.8,22.6
TH000048431,"NAKHON RATCHASIMA, TH",14.967,102.083,188.0,1960-11-16,0.0,26.9,32.0,22.0
TH000048431,"NAKHON RATCHASIMA, TH",14.967,102.083,188.0,1960-11-17,7.8,26.6,32.4,21.9
TH000048431,"NAKHON RATCHASIMA, TH",14.967,102.083,188.0,1960-11-18,0.0,27.3,32.2,23.3
TH000048431,"NAKHON RATCHASIMA, TH",14.967,102.083,188.0,1960-11-19,0.0,27.3,31.2,22.6
TH000048431,"NAKHON RATCHASIMA, TH",14.967,102.083,188.0,1960-11-20,0.0,26.3,31.4,22.4
TH000048431,"NAKHON RATCHASIMA, TH",14.967,102.083,188.0,1960-11-21,0.0,27.2,31.7,21.1
TH000048431,"NAKHON RATCHASIMA, TH",14.967,102.083,188.0,1960-11-22,0.0,26.9,31.6,20.2
TH000048431,"NAKHON RATCHASIMA, TH",14.967,102.083,188.0,1960-11-23,0.2,26.1,30.8,22.3
TH000048431,"NAKHON RATCHASIMA, TH",14.967,102.083,188.0,1960-11-24,0.8,27.9,32.7,21.0
TH000048431,"NAKHON RATCHASIMA, TH",14.967,102.083,188.0,1960-11-25,3.1,26.9,32.0,22.6
TH000048431,"NAKHON RATCHASIMA, TH",14.967,102.083,188.0,1960-11-26,0.3,26.2,31.0,21.9
TH000048431,"NAKHON RATCHASIMA, TH",14.967,102.083,188.0,1960-11-27,3.1,21.3,23.7,20.8
TH000048431,"NAKHON RATCHASIMA, TH",14.967,102.083,188.0,1960-11-28,7.3,21.7,23.1,19.3
TH000048431,"NAKHON RATCHASIMA, TH",14.967,102.083,188.0,1960-11-29,1.9,23.3,25.6,20.9
TH000048431,"NAKHON RATCHASIMA, TH",14.967,102.083,188.0,1960-11-30,0.0,24.8,28.7,22.0
TH000048431,"NAKHON RATCHASIMA, TH",14.967,102.083,188.0,1960-12-01,0.0,22.0,27.4,19.7
TH000048431,"NAKHON RATCHASIMA, TH",14.967,102.083,188.0,1960-12-02,0.0,22.3,27.5,16.4
TH000048431,"NAKHON RATCHASIMA, TH",14.967,102.083,188.0,1960-12-03,0.0,25.1,31.1,16.8
TH000048431,"NAKHON RATCHASIMA, TH",14.967,102.083,188.0,1960-12-04,0.0,25.3,30.6,21.2
TH000048431,"NAKHON RATCHASIMA, TH",14.967,102.083,188.0,1960-12-05,0.0,23.3,28.0,20.6
TH000048431,"NAKHON RATCHASIMA, TH",14.967,102.083,188.0,1960-12-06,0.0,20.8,25.9,16.5
TH000048431,"NAKHON RATCHASIMA, TH",14.967,102.083,188.0,1960-12-07,0.0,21.8,26.9,13.6
TH000048431,"NAKHON RATCHASIMA, TH",14.967,102.083,188.0,1960-12-08,0.0,22.7,26.3,18.5
TH000048431,"NAKHON RATCHASIMA, TH",14.967,102.083,188.0,1960-12-09,0.0,22.9,27.1,16.0
TH000048431,"NAKHON RATCHASIMA, TH",14.967,102.083,188.0,1960-12-10,0.0,21.3,27.4,13.4
TH000048431,"NAKHON RATCHASIMA, TH",14.967,102.083,188.0,1960-12-11,0.0,21.3,29.3,13.4
TH000048431,"NAKHON RATCHASIMA, TH",14.967,102.083,188.0,1960-12-12,0.0,22.3,29.0,13.2
TH000048431,"NAKHON RATCHASIMA, TH",14.967,102.083,188.0,1960-12-13,0.0,23.2,28.7,13.7
TH000048431,"NAKHON RATCHASIMA, TH",14.967,102.083,188.0,1960-12-14,0.0,23.3,29.7,17.3
TH000048431,"NAKHON RATCHASIMA, TH",14.967,102.083,188.0,1960-12-15,0.0,23.4,30.7,14.9
TH000048431,"NAKHON RATCHASIMA, TH",14.967,102.083,188.0,1960-12-16,0.0,24.1,30.0,15.1
TH000048431,"NAKHON RATCHASIMA, TH",14.967,102.083,188.0,1960-12-17,0.0,25.7,30.7,15.7
TH000048431,"NAKHON RATCHASIMA, TH",14.967,102.083,188.0,1960-12-18,0.0,23.9,30.4,15.1
TH000048431,"NAKHON RATCHASIMA, TH",14.967,102.083,188.0,1960-12-19,0.0,21.9,28.0,16.4
TH000048431,"NAKHON RATCHASIMA, TH",14.967,102.083,188.0,1960-12-20,0.0,20.2,26.7,16.0
TH000048431,"NAKHON RATCHASIMA, TH",14.967,102.083,188.0,1960-12-21,0.0,20.1,27.0,11.6
TH000048431,"NAKHON RATCHASIMA, TH",14.967,102.083,188.0,1960-12-22,0.0,21.3,27.5,12.8
TH000048431,"NAKHON RATCHASIMA, TH",14.967,102.083,188.0,1960-12-23,0.0,22.3,29.8,12.9
TH000048431,"NAKHON RATCHASIMA, TH",14.967,102.083,188.0,1960-12-24,0.0,25.6,30.6,14.2
TH000048431,"NAKHON RATCHASIMA, TH",14.967,102.083,188.0,1960-12-25,0.0,23.2,29.8,15.9
TH000048431,"NAKHON RATCHASIMA, TH",14.967,102.083,188.0,1960-12-26,0.0,22.8,29.5,13.9
TH000048431,"NAKHON RATCHASIMA, TH",14.967,102.083,188.0,1960-12-27,0.0,22.2,28.8,15.9
TH000048431,"NAKHON RATCHASIMA, TH",14.967,102.083,188.0,1960-12-28,0.0,24.8,32.0,15.4
TH000048431,"NAKHON RATCHASIMA, TH",14.967,102.083,188.0,1960-12-29,0.0,25.1,32.2,17.1
TH000048431,"NAKHON RATCHASIMA, TH",14.967,102.083,188.0,1960-12-30,0.0,22.2,28.0,17.2
TH000048431,"NAKHON RATCHASIMA, TH",14.967,102.083,188.0,1960-12-31,0.0,22.4,27.7,14.8
TH000048431,"NAKHON RATCHASIMA, TH",14.967,102.083,188.0,1961-01-01,0.0,,29.6,13.2
TH000048431,"NAKHON RATCHASIMA, TH",14.967,102.083,188.0,1961-01-02,0.0,,30.4,12.8
TH000048431,"NAKHON RATCHASIMA, TH",14.967,102.083,188.0,1961-01-03,0.0,,33.3,13.7
TH000048431,"NAKHON RATCHASIMA, TH",14.967,102.083,188.0,1961-01-04,0.0,,33.4,16.2
TH000048431,"NAKHON RATCHASIMA, TH",14.967,102.083,188.0,1961-01-05,0.0,25.3,30.8,18.6
TH000048431,"NAKHON RATCHASIMA, TH",14.967,102.083,188.0,1961-01-06,0.0,27.2,32.1,20.9
TH000048431,"NAKHON RATCHASIMA, TH",14.967,102.083,188.0,1961-01-07,0.0,,28.4,17.8
TH000048431,"NAKHON RATCHASIMA, TH",14.967,102.083,188.0,1961-01-08,0.0,25.6,31.9,14.9
TH000048431,"NAKHON RATCHASIMA, TH",14.967,102.083,188.0,1961-01-09,0.0,25.4,34.0,15.2
TH000048431,"NAKHON RATCHASIMA, TH",14.967,102.083,188.0,1961-01-10,0.0,27.7,34.7,16.0
TH000048431,"NAKHON RATCHASIMA, TH",14.967,102.083,188.0,1961-01-11,0.0,26.7,31.4,18.0
TH000048431,"NAKHON RATCHASIMA, TH",14.967,102.083,188.0,1961-01-12,0.0,21.2,28.0,15.9
TH000048431,"NAKHON RATCHASIMA, TH",14.967,102.083,188.0,1961-01-13,0.0,22.4,27.2,15.1
TH000048431,"NAKHON RATCHASIMA, TH",14.967,102.083,188.0,1961-01-14,0.0,20.2,25.7,13.9
TH000048431,"NAKHON RATCHASIMA, TH",14.967,102.083,188.0,1961-01-15,0.0,20.4,25.5,11.9
TH000048431,"NAKHON RATCHASIMA, TH",14.967,102.083,188.0,1961-01-16,0.0,20.4,23.6,13.3
TH000048431,"NAKHON RATCHASIMA, TH",14.967,102.083,188.0,1961-01-17,0.0,17.5,23.5,10.1
TH000048431,"NAKHON RATCHASIMA, TH",14.967,102.083,188.0,1961-01-18,0.0,17.6,23.6,9.4
TH000048431,"NAKHON RATCHASIMA, TH",14.967,102.083,188.0,1961-01-19,0.0,18.9,25.9,8.3
TH000048431,"NAKHON RATCHASIMA, TH",14.967,102.083,188.0,1961-01-20,0.0,17.1,28.2,9.7
TH000048431,"NAKHON RATCHASIMA, TH",14.967,102.083,188.0,1961-01-21,0.0,23.1,28.5,15.4
TH000048431,"NAKHON RATCHASIMA, TH",14.967,102.083,188.0,1961-01-22,0.0,20.7,28.8,13.1
TH000048431,"NAKHON RATCHASIMA, TH",14.967,102.083,188.0,1961-01-23,0.0,24.7,31.5,11.8
TH000048431,"NAKHON RATCHASIMA, TH",14.967,102.083,188.0,1961-01-24,0.0,24.6,32.8,13.4
TH000048431,"NAKHON RATCHASIMA, TH",14.967,102.083,188.0,1961-01-25,0.0,23.5,30.5,13.8
TH000048431,"NAKHON RATCHASIMA, TH",14.967,102.083,188.0,1961-01-26,0.0,23.3,29.6,15.6
TH000048431,"NAKHON RATCHASIMA, TH",14.967,102.083,188.0,1961-01-27,0.0,19.9,30.0,14.3
TH000048431,"NAKHON RATCHASIMA, TH",14.967,102.083,188.0,1961-01-28,0.0,,32.7,13.0
TH000048431,"NAKHON RATCHASIMA, TH",14.967,102.083,188.0,1961-01-29,0.0,27.1,34.3,15.3
TH000048431,"NAKHON RATCHASIMA, TH",14.967,102.083,188.0,1961-01-30,0.0,25.8,34.6,17.1
TH000048431,"NAKHON RATCHASIMA, TH",14.967,102.083,188.0,1961-01-31,0.0,26.7,35.0,18.0
TH000048431,"NAKHON RATCHASIMA, TH",14.967,102.083,188.0,1961-02-01,0.0,22.8,26.3,20.6
TH000048431,"NAKHON RATCHASIMA, TH",14.967,102.083,188.0,1961-02-02,0.0,23.4,29.5,16.0
TH000048431,"NAKHON RATCHASIMA, TH",14.967,102.083,188.0,1961-02-03,0.0,26.1,32.8,15.5
TH000048431,"NAKHON RATCHASIMA, TH",14.967,102.083,188.0,1961-02-04,0.0,27.3,32.3,19.0
TH000048431,"NAKHON RATCHASIMA, TH",14.967,102.083,188.0,1961-02-05,0.0,28.9,34.9,20.1
TH000048431,"NAKHON RATCHASIMA, TH",14.967,102.083,188.0,1961-02-06,0.0,27.1,35.4,20.6
TH000048431,"NAKHON RATCHASIMA, TH",14.967,102.083,188.0,1961-02-07,0.0,26.9,36.4,19.5
TH000048431,"NAKHON RATCHASIMA, TH",14.967,102.083,188.0,1961-02-08,0.0,30.7,36.7,20.6
TH000048431,"NAKHON RATCHASIMA, TH",14.967,102.083,188.0,1961-02-09,0.0,28.1,35.6,22.0
TH000048431,"NAKHON RATCHASIMA, TH",14.967,102.083,188.0,1961-02-10,0.0,29.0,36.5,20.8
TH000048431,"NAKHON RATCHASIMA, TH",14.967,102.083,188.0,1961-02-11,0.0,29.7,37.6,21.3
TH000048431,"NAKHON RATCHASIMA, TH",14.967,102.083,188.0,1961-02-12,0.0,30.4,37.5,22.2
TH000048431,"NAKHON RATCHASIMA, TH",14.967,102.083,188.0,1961-02-13,0.0,31.0,36.6,22.7
TH000048431,"NAKHON RATCHASIMA, TH",14.967,102.083,188.0,1961-02-14,0.2,30.1,35.6,21.8
TH000048431,"NAKHON RATCHASIMA, TH",14.967,102.083,188.0,1961-02-15,0.0,28.3,33.3,23.4
TH000048431,"NAKHON RATCHASIMA, TH",14.967,102.083,188.0,1961-02-16,0.2,30.8,35.7,23.5
TH000048431,"NAKHON RATCHASIMA, TH",14.967,102.083,188.0,1961-02-17,9.5,26.5,34.0,24.3
TH000048431,"NAKHON RATCHASIMA, TH",14.967,102.083,188.0,1961-02-18,0.0,24.6,30.5,18.9
TH000048431,"NAKHON RATCHASIMA, TH",14.967,102.083,188.0,1961-02-19,0.0,26.7,33.3,20.3
TH000048431,"NAKHON RATCHASIMA, TH",14.967,102.083,188.0,1961-02-20,0.0,28.3,35.5,23.0
TH000048431,"NAKHON RATCHASIMA, TH",14.967,102.083,188.0,1961-02-21,0.0,30.1,37.7,20.8
TH000048431,"NAKHON RATCHASIMA, TH",14.967,102.083,188.0,1961-02-22,0.0,31.7,37.6,21.7
TH000048431,"NAKHON RATCHASIMA, TH",14.967,102.083,188.0,1961-02-23,0.0,30.3,37.9,21.7
TH000048431,"NAKHON RATCHASIMA, TH",14.967,102.083,188.0,1961-02-24,0.0,,36.9,20.2
TH000048431,"NAKHON RATCHASIMA, TH",14.967,102.083,188.0,1961-02-25,0.0,,28.6,21.7
TH000048431,"NAKHON RATCHASIMA, TH",14.967,102.083,188.0,1961-02-26,0.0,,30.5,21.1
TH000048431,"NAKHON RATCHASIMA, TH",14.967,102.083,188.0,1961-02-27,0.0,,30.4,19.8
TH000048431,"NAKHON RATCHASIMA, TH",14.967,102.083,188.0,1961-02-28,0.0,29.1,33.7,22.5
TH000048431,"NAKHON RATCHASIMA, TH",14.967,102.083,188.0,1961-03-01,1.7,28.3,34.5,23.6
TH000048431,"NAKHON RATCHASIMA, TH",14.967,102.083,188.0,1961-03-02,0.0,28.9,34.4,23.2
TH000048431,"NAKHON RATCHASIMA, TH",14.967,102.083,188.0,1961-03-03,0.0,30.7,36.7,20.4
TH000048431,"NAKHON RATCHASIMA, TH",14.967,102.083,188.0,1961-03-04,23.7,31.1,36.7,21.6
TH000048431,"NAKHON RATCHASIMA, TH",14.967,102.083,188.0,1961-03-05,2.4,29.9,36.5,23.6
TH000048431,"NAKHON RATCHASIMA, TH",14.967,102.083,188.0,1961-03-06,0.0,31.4,36.8,24.0
TH000048431,"NAKHON RATCHASIMA, TH",14.967,102.083,188.0,1961-03-07,23.6,,32.7,24.6
TH000048431,"NAKHON RATCHASIMA, TH",14.967,102.083,188.0,1961-03-08,0.2,27.9,33.9,21.8
TH000048431,"NAKHON RATCHASIMA, TH",14.967,102.083,188.0,1961-03-09,0.0,29.4,35.5,22.8
TH000048431,"NAKHON RATCHASIMA, TH",14.967,102.083,188.0,1961-03-10,12.9,27.7,32.2,23.3
TH000048431,"NAKHON RATCHASIMA, TH",14.967,102.083,188.0,1961-03-11,0.1,26.4,31.9,20.6
TH000048431,"NAKHON RATCHASIMA, TH",14.967,102.083,188.0,1961-03-12,0.0,,34.7,21.1
TH000048431,"NAKHON RATCHASIMA, TH",14.967,102.083,188.0,1961-03-13,0.0,28.6,34.9,21.3
TH000048431,"NAKHON RATCHASIMA, TH",14.967,102.083,188.0,1961-03-14,0.0,27.8,33.0,22.3
TH000048431,"NAKHON RATCHASIMA, TH",14.967,102.083,188.0,1961-03-15,0.0,27.4,32.2,22.6
TH000048431,"NAKHON RATCHASIMA, TH",14.967,102.083,188.0,1961-03-16,0.0,27.1,32.8,21.7
TH000048431,"NAKHON RATCHASIMA, TH",14.967,102.083,188.0,1961-03-17,0.0,28.6,34.7,21.8
TH000048431,"NAKHON RATCHASIMA, TH",14.967,102.083,188.0,1961-03-18,19.7,28.8,37.4,21.7
TH000048431,"NAKHON RATCHASIMA, TH",14.967,102.083,188.0,1961-03-19,2.9,30.7,35.4,21.7
TH000048431,"NAKHON RATCHASIMA, TH",14.967,102.083,188.0,1961-03-20,0.0,31.2,36.5,22.1
TH000048431,"NAKHON RATCHASIMA, TH",14.967,102.083,188.0,1961-03-21,0.0,31.0,38.4,22.1
TH000048431,"NAKHON RATCHASIMA, TH",14.967,102.083,188.0,1961-03-22,0.0,32.1,38.4,23.8
TH000048431,"NAKHON RATCHASIMA, TH",14.967,102.083,188.0,1961-03-23,0.0,31.4,38.2,22.8
TH000048431,"NAKHON RATCHASIMA, TH",14.967,102.083,188.0,1961-03-24,0.0,33.0,38.3,22.2
TH000048431,"NAKHON RATCHASIMA, TH",14.967,102.083,188.0,1961-03-25,0.0,30.7,38.0,22.1
TH000048431,"NAKHON RATCHASIMA, TH",14.967,102.083,188.0,1961-03-26,0.0,31.6,38.4,21.6
TH000048431,"NAKHON RATCHASIMA, TH",14.967,102.083,188.0,1961-03-27,0.0,,33.6,24.6
TH000048431,"NAKHON RATCHASIMA, TH",14.967,102.083,188.0,1961-03-28,0.0,24.9,29.4,20.7
TH000048431,"NAKHON RATCHASIMA, TH",14.967,102.083,188.0,1961-03-29,0.0,25.6,33.7,20.0
TH000048431,"NAKHON RATCHASIMA, TH",14.967,102.083,188.0,1961-03-30,0.0,26.9,34.8,22.4
TH000048431,"NAKHON RATCHASIMA, TH",14.967,102.083,188.0,1961-03-31,0.0,27.3,33.7,21.5
TH000048431,"NAKHON RATCHASIMA, TH",14.967,102.083,188.0,1961-04-01,0.0,28.6,34.2,22.2
TH000048431,"NAKHON RATCHASIMA, TH",14.967,102.083,188.0,1961-04-02,0.0,29.3,35.4,21.5
TH000048431,"NAKHON RATCHASIMA, TH",14.967,102.083,188.0,1961-04-03,0.0,30.2,37.5,22.6
TH000048431,"NAKHON RATCHASIMA, TH",14.967,102.083,188.0,1961-04-04,0.0,31.7,38.6,22.2
TH000048431,"NAKHON RATCHASIMA, TH",14.967,102.083,188.0,1961-04-05,0.0,32.1,39.5,24.2
TH000048431,"NAKHON RATCHASIMA, TH",14.967,102.083,188.0,1961-04-06,0.0,32.8,40.3,24.0
TH000048431,"NAKHON RATCHASIMA, TH",14.967,102.083,188.0,1961-04-07,0.0,30.3,39.4,24.8
TH000048431,"NAKHON RATCHASIMA, TH",14.967,102.083,188.0,1961-04-08,0.0,32.2,39.2,24.0
TH000048431,"NAKHON RATCHASIMA, TH",14.967,102.083,188.0,1961-04-09,0.0,27.8,33.5,24.0
TH000048431,"NAKHON RATCHASIMA, TH",14.967,102.083,188.0,1961-04-10,0.0,30.2,36.2,22.9
TH000048431,"NAKHON RATCHASIMA, TH",14.967,102.083,188.0,1961-04-11,0.0,31.1,38.3,23.9
TH000048431,"NAKHON RATCHASIMA, TH",14.967,102.083,188.0,1961-04-12,0.0,31.8,38.5,24.0
TH000048431,"NAKHON RATCHASIMA, TH",14.967,102.083,188.0,1961-04-13,0.0,32.3,39.5,23.5
TH000048431,"NAKHON RATCHASIMA, TH",14.967,102.083,188.0,1961-04-14,0.0,32.8,40.0,24.5
TH000048431,"NAKHON RATCHASIMA, TH",14.967,102.083,188.0,1961-04-15,0.0,32.6,39.3,25.7
TH000048431,"NAKHON RATCHASIMA, TH",14.967,102.083,188.0,1961-04-16,0.0,30.8,37.0,23.9
TH000048431,"NAKHON RATCHASIMA, TH",14.967,102.083,188.0,1961-04-17,0.2,29.6,36.5,23.5
TH000048431,"NAKHON RATCHASIMA, TH",14.967,102.083,188.0,1961-04-18,27.4,27.1,36.3,23.7
TH000048431,"NAKHON RATCHASIMA, TH",14.967,102.083,188.0,1961-04-19,0.1,28.4,34.1,23.2
TH000048431,"NAKHON RATCHASIMA, TH",14.967,102.083,188.0,1961-04-20,1.4,30.5,35.8,24.0
TH000048431,"NAKHON RATCHASIMA, TH",14.967,102.083,188.0,1961-04-21,0.0,30.8,38.0,23.1
TH000048431,"NAKHON RATCHASIMA, TH",14.967,102.083,188.0,1961-04-22,0.0,31.8,38.7,23.5
TH000048431,"NAKHON RATCHASIMA, TH",14.967,102.083,188.0,1961-04-23,0.0,31.6,37.8,23.8
TH000048431,"NAKHON RATCHASIMA, TH",14.967,102.083,188.0,1961-04-24,0.0,31.9,37.3,24.3
TH000048431,"NAKHON RATCHASIMA, TH",14.967,102.083,188.0,1961-04-25,0.0,32.6,31.0,24.9
TH000048431,"NAKHON RATCHASIMA, TH",14.967,102.083,188.0,1961-04-26,44.1,30.8,38.9,25.1
TH000048431,"NAKHON RATCHASIMA, TH",14.967,102.083,188.0,1961-04-27,0.7,24.3,26.3,21.6
TH000048431,"NAKHON RATCHASIMA, TH",14.967,102.083,188.0,1961-04-28,0.0,26.4,30.1,23.0
TH000048431,"NAKHON RATCHASIMA, TH",14.967,102.083,188.0,1961-04-29,0.0,28.8,33.6,23.4
TH000048431,"NAKHON RATCHASIMA, TH",14.967,102.083,188.0,1961-04-30,7.3,28.7,32.7,24.2
TH000048431,"NAKHON RATCHASIMA, TH",14.967,102.083,188.0,1961-05-01,22.2,24.9,30.4,24.4
TH000048431,"NAKHON RATCHASIMA, TH",14.967,102.083,188.0,1961-05-02,0.0,27.8,31.8,24.1
TH000048431,"NAKHON RATCHASIMA, TH",14.967,102.083,188.0,1961-05-03,3.7,29.4,33.9,25.3
TH000048431,"NAKHON RATCHASIMA, TH",14.967,102.083,188.0,1961-05-04,0.6,25.3,28.5,21.4
TH000048431,"NAKHON RATCHASIMA, TH",14.967,102.083,188.0,1961-05-05,0.0,29.0,32.0,21.3
TH000048431,"NAKHON RATCHASIMA, TH",14.967,102.083,188.0,1961-05-06,0.1,27.6,31.5,25.4
TH000048431,"NAKHON RATCHASIMA, TH",14.967,102.083,188.0,1961-05-07,21.2,26.5,31.5,24.3
TH000048431,"NAKHON RATCHASIMA, TH",14.967,102.083,188.0,1961-05-08,0.0,28.2,32.0,29.2
TH000048431,"NAKHON RATCHASIMA, TH",14.967,102.083,188.0,1961-05-09,0.0,27.2,32.2,22.4
TH000048431,"NAKHON RATCHASIMA, TH",14.967,102.083,188.0,1961-05-10,0.0,29.1,33.1,22.3
TH000048431,"NAKHON RATCHASIMA, TH",14.967,102.083,188.0,1961-05-11,0.0,31.2,35.4,25.4
TH000048431,"NAKHON RATCHASIMA, TH",14.967,102.083,188.0,1961-05-12,0.6,31.3,34.8,29.5
TH000048431,"NAKHON RATCHASIMA, TH",14.967,102.083,188.0,1961-05-13,60.8,28.6,33.7,22.4
TH000048431,"NAKHON RATCHASIMA, TH",14.967,102.083,188.0,1961-05-14,0.0,29.0,34.8,27.2
TH000048431,"NAKHON RATCHASIMA, TH",14.967,102.083,188.0,1961-05-15,0.0,30.8,35.1,29.3
TH000048431,"NAKHON RATCHASIMA, TH",14.967,102.083,188.0,1961-05-16,0.0,30.2,33.8,28.3
TH000048431,"NAKHON RATCHASIMA, TH",14.967,102.083,188.0,1961-05-17,0.4,30.0,35.2,28.4
TH000048431,"NAKHON RATCHASIMA, TH",14.967,102.083,188.0,1961-05-18,0.0,,34.4,23.5
TH000048431,"NAKHON RATCHASIMA, TH",14.967,102.083,188.0,1961-05-19,4.3,,33.7,22.5
TH000048431,"NAKHON RATCHASIMA, TH",14.967,102.083,188.0,1961-05-20,9.9,,34.9,29.3
TH000048431,"NAKHON RATCHASIMA, TH",14.967,102.083,188.0,1961-05-21,5.5,28.2,34.0,22.4
TH000048431,"NAKHON RATCHASIMA, TH",14.967,102.083,188.0,1961-05-22,11.9,28.6,33.7,24.5
TH000048431,"NAKHON RATCHASIMA, TH",14.967,102.083,188.0,1961-05-23,11.6,28.1,32.8,21.4
TH000048431,"NAKHON RATCHASIMA, TH",14.967,102.083,188.0,1961-05-24,18.1,28.3,33.8,27.4
TH000048431,"NAKHON RATCHASIMA, TH",14.967,102.083,188.0,1961-05-25,19.5,26.3,30.8,29.2
TH000048431,"NAKHON RATCHASIMA, TH",14.967,102.083,188.0,1961-05-26,21.2,,31.2,21.4
TH000048431,"NAKHON RATCHASIMA, TH",14.967,102.083,188.0,1961-05-27,10.8,27.8,31.3,20.4
TH000048431,"NAKHON RATCHASIMA, TH",14.967,102.083,188.0,1961-05-28,0.4,27.0,31.0,25.4
TH000048431,"NAKHON RATCHASIMA, TH",14.967,102.083,188.0,1961-05-29,0.0,28.7,32.2,27.4
TH000048431,"NAKHON RATCHASIMA, TH",14.967,102.083,188.0,1961-05-30,0.0,30.0,32.8,23.4
TH000048431,"NAKHON RATCHASIMA, TH",14.967,102.083,188.0,1961-05-31,0.0,30.4,33.0,27.4
TH000048431,"NAKHON RATCHASIMA, TH",14.967,102.083,188.0,1961-06-01,0.0,29.8,33.4,23.7
TH000048431,"NAKHON RATCHASIMA, TH",14.967,102.083,188.0,1961-06-02,2.9,30.7,34.2,23.2
TH000048431,"NAKHON RATCHASIMA, TH",14.967,102.083,188.0,1961-06-03,0.0,29.8,34.0,23.6
TH000048431,"NAKHON RATCHASIMA, TH",14.967,102.083,188.0,1961-06-04,0.2,29.0,31.5,24.2
TH000048431,"NAKHON RATCHASIMA, TH",14.967,102.083,188.0,1961-06-05,0.3,28.2,30.5,24.1
TH000048431,"NAKHON RATCHASIMA, TH",14.967,102.083,188.0,1961-06-06,0.0,30.1,34.2,24.9
TH000048431,"NAKHON RATCHASIMA, TH",14.967,102.083,188.0,1961-06-07,4.9,28.9,32.8,25.4
TH000048431,"NAKHON RATCHASIMA, TH",14.967,102.083,188.0,1961-06-08,0.0,26.9,28.5,22.3
TH000048431,"NAKHON RATCHASIMA, TH",14.967,102.083,188.0,1961-06-09,30.6,28.6,33.7,23.9
TH000048431,"NAKHON RATCHASIMA, TH",14.967,102.083,188.0,1961-06-10,0.0,28.2,31.7,22.6
TH000048431,"NAKHON RATCHASIMA, TH",14.967,102.083,188.0,1961-06-11,0.2,,31.0,23.0
TH000048431,"NAKHON RATCHASIMA, TH",14.967,102.083,188.0,1961-06-12,0.0,27.2,29.4,23.1
TH000048431,"NAKHON RATCHASIMA, TH",14.967,102.083,188.0,1961-06-13,0.0,27.8,31.5,23.5
TH000048431,"NAKHON RATCHASIMA, TH",14.967,102.083,188.0,1961-06-14,9.8,29.3,32.1,23.6
TH000048431,"NAKHON RATCHASIMA, TH",14.967,102.083,188.0,1961-06-15,0.0,26.4,32.0,21.9
TH000048431,"NAKHON RATCHASIMA, TH",14.967,102.083,188.0,1961-06-16,3.2,27.6,33.9,22.9
TH000048431,"NAKHON RATCHASIMA, TH",14.967,102.083,188.0,1961-06-17,0.2,27.8,31.6,23.2
TH000048431,"NAKHON RATCHASIMA, TH",14.967,102.083,188.0,1961-06-18,0.0,27.8,34.1,23.0
TH000048431,"NAKHON RATCHASIMA, TH",14.967,102.083,188.0,1961-06-19,0.0,28.6,34.8,23.4
TH000048431,"NAKHON RATCHASIMA, TH",14.967,102.083,188.0,1961-06-20,1.2,27.2,33.4,22.9
TH000048431,"NAKHON RATCHASIMA, TH",14.967,102.083,188.0,1961-06-21,0.1,27.9,32.7,23.1
TH000048431,"NAKHON RATCHASIMA, TH",14.967,102.083,188.0,1961-06-22,0.0,,34.3,22.4
TH000048431,"NAKHON RATCHASIMA, TH",14.967,102.083,188.0,1961-06-23,2.1,28.8,32.8,22.3
TH000048431,"NAKHON RATCHASIMA, TH",14.967,102.083,188.0,1961-06-24,0.0,26.9,31.2,22.5
TH000048431,"NAKHON RATCHASIMA, TH",14.967,102.083,188.0,1961-06-25,0.4,27.5,29.5,23.9
TH000048431,"NAKHON RATCHASIMA, TH",14.967,102.083,188.0,1961-06-26,0.2,28.2,31.2,23.7
TH000048431,"NAKHON RATCHASIMA, TH",14.967,102.083,188.0,1961-06-27,23.2,,32.7,24.1
TH000048431,"NAKHON RATCHASIMA, TH",14.967,102.083,188.0,1961-06-28,0.0,,32.4,22.5
TH000048431,"NAKHON RATCHASIMA, TH",14.967,102.083,188.0,1961-06-29,15.7,,31.9,23.3
TH000048431,"NAKHON RATCHASIMA, TH",14.967,102.083,188.0,1961-06-30,0.0,,30.9,22.8
TH000048431,"NAKHON RATCHASIMA, TH",14.967,102.083,188.0,1961-07-01,0.2,,31.5,23.4
TH000048431,"NAKHON RATCHASIMA, TH",14.967,102.083,188.0,1961-07-02,0.0,,31.4,23.2
TH000048431,"NAKHON RATCHASIMA, TH",14.967,102.083,188.0,1961-07-03,0.0,28.8,31.9,23.7
TH000048431,"NAKHON RATCHASIMA, TH",14.967,102.083,188.0,1961-07-04,0.5,,33.1,23.7
TH000048431,"NAKHON RATCHASIMA, TH",14.967,102.083,188.0,1961-07-05,0.0,,33.4,23.9
TH000048431,"NAKHON RATCHASIMA, TH",14.967,102.083,188.0,1961-07-06,0.0,28.7,32.4,23.8
TH000048431,"NAKHON RATCHASIMA, TH",14.967,102.083,188.0,1961-07-07,0.0,28.9,33.9,22.8
TH000048431,"NAKHON RATCHASIMA, TH",14.967,102.083,188.0,1961-07-08,0.0,27.6,32.9,22.4
TH000048431,"NAKHON RATCHASIMA, TH",14.967,102.083,188.0,1961-07-09,0.0,,31.4,21.9
TH000048431,"NAKHON RATCHASIMA, TH",14.967,102.083,188.0,1961-07-10,0.0,29.6,33.9,22.5
TH000048431,"NAKHON RATCHASIMA, TH",14.967,102.083,188.0,1961-07-11,0.0,26.6,35.0,23.8
TH000048431,"NAKHON RATCHASIMA, TH",14.967,102.083,188.0,1961-07-12,0.0,31.3,35.6,22.6
TH000048431,"NAKHON RATCHASIMA, TH",14.967,102.083,188.0,1961-07-13,0.0,29.3,32.5,23.4
TH000048431,"NAKHON RATCHASIMA, TH",14.967,102.083,188.0,1961-07-14,0.4,29.3,34.4,23.7
TH000048431,"NAKHON RATCHASIMA, TH",14.967,102.083,188.0,1961-07-15,4.3,27.4,30.2,23.7
TH000048431,"NAKHON RATCHASIMA, TH",14.967,102.083,188.0,1961-07-16,3.7,27.3,33.1,22.9
TH000048431,"NAKHON RATCHASIMA, TH",14.967,102.083,188.0,1961-07-17,0.0,28.1,31.7,23.1
TH000048431,"NAKHON RATCHASIMA, TH",14.967,102.083,188.0,1961-07-18,20.0,26.8,28.9,24.1
TH000048431,"NAKHON RATCHASIMA, TH",14.967,102.083,188.0,1961-07-19,8.7,25.2,27.8,22.3
TH000048431,"NAKHON RATCHASIMA, TH",14.967,102.083,188.0,1961-07-20,3.8,27.6,31.0,22.5
TH000048431,"NAKHON RATCHASIMA, TH",14.967,102.083,188.0,1961-07-21,0.0,28.2,32.3,22.9
TH000048431,"NAKHON RATCHASIMA, TH",14.967,102.083,188.0,1961-07-22,0.0,28.8,31.5,23.1
TH000048431,"NAKHON RATCHASIMA, TH",14.967,102.083,188.0,1961-07-23,18.7,29.1,32.0,23.7
TH000048431,"NAKHON RATCHASIMA, TH",14.967,102.083,188.0,1961-07-24,0.0,27.0,32.6,22.0
TH000048431,"NAKHON RATCHASIMA, TH",14.967,102.083,188.0,1961-07-25,5.6,,34.0,23.9
TH000048431,"NAKHON RATCHASIMA, TH",14.967,102.083,188.0,1961-07-26,0.5,29.2,32.4,22.5
TH000048431,"NAKHON RATCHASIMA, TH",14.967,102.083,188.0,1961-07-27,0.4,27.0,32.2,23.3
TH000048431,"NAKHON RATCHASIMA, TH",14.967,102.083,188.0,1961-07-28,0.0,,31.2,23.2
TH000048431,"NAKHON RATCHASIMA, TH",14.967,102.083,188.0,1961-07-29,4.5,27.8,32.0,23.9
TH000048431,"NAKHON RATCHASIMA, TH",14.967,102.083,188.0,1961-07-30,0.0,28.0,30.0,22.2
TH000048431,"NAKHON RATCHASIMA, TH",14.967,102.083,188.0,1961-07-31,0.0,27.9,31.9,21.9
TH000048431,"NAKHON RATCHASIMA, TH",14.967,102.083,188.0,1961-08-01,0.0,29.7,33.2,22.0
TH000048431,"NAKHON RATCHASIMA, TH",14.967,102.083,188.0,1961-08-02,0.0,30.6,34.5,22.9
TH000048431,"NAKHON RATCHASIMA, TH",14.967,102.083,188.0,1961-08-03,1.3,28.8,34.7,23.3
TH000048431,"NAKHON RATCHASIMA, TH",14.967,102.083,188.0,1961-08-04,0.0,28.3,32.2,24.3
TH000048431,"NAKHON RATCHASIMA, TH",14.967,102.083,188.0,1961-08-05,0.0,28.3,32.0,23.3
TH000048431,"NAKHON RATCHASIMA, TH",14.967,102.083,188.0,1961-08-06,0.0,,33.4,24.1
TH000048431,"NAKHON RATCHASIMA, TH",14.967,102.083,188.0,1961-08-07,0.0,29.2,35.7,23.3
TH000048431,"NAKHON RATCHASIMA, TH",14.967,102.083,188.0,1961-08-08,0.0,29.2,34.8,22.1
TH000048431,"NAKHON RATCHASIMA, TH",14.967,102.083,188.0,1961-08-09,3.4,30.1,36.5,23.2
TH000048431,"NAKHON RATCHASIMA, TH",14.967,102.083,188.0,1961-08-10,0.0,29.2,34.9,23.0
TH000048431,"NAKHON RATCHASIMA, TH",14.967,102.083,188.0,1961-08-11,0.0,29.6,34.8,23.8
TH000048431,"NAKHON RATCHASIMA, TH",14.967,102.083,188.0,1961-08-12,0.0,31.6,35.8,23.5
TH000048431,"NAKHON RATCHASIMA, TH",14.967,102.083,188.0,1961-08-13,0.9,28.9,35.8,24.3
TH000048431,"NAKHON RATCHASIMA, TH",14.967,102.083,188.0,1961-08-14,0.8,29.3,33.8,24.0
TH000048431,"NAKHON RATCHASIMA, TH",14.967,102.083,188.0,1961-08-15,3.0,25.7,28.2,23.6
TH000048431,"NAKHON RATCHASIMA, TH",14.967,102.083,188.0,1961-08-16,0.4,27.8,32.2,22.8
TH000048431,"NAKHON RATCHASIMA, TH",14.967,102.083,188.0,1961-08-17,4.5,28.3,32.6,22.4
TH000048431,"NAKHON RATCHASIMA, TH",14.967,102.083,188.0,1961-08-18,4.5,26.4,30.4,23.1
TH000048431,"NAKHON RATCHASIMA, TH",14.967,102.083,188.0,1961-08-19,0.2,28.2,31.5,24.9
TH000048431,"NAKHON RATCHASIMA, TH",14.967,102.083,188.0,1961-08-20,11.0,,28.8,23.6
TH000048431,"NAKHON RATCHASIMA, TH",14.967,102.083,188.0,1961-08-21,10.0,24.1,26.2,22.8
TH000048431,"NAKHON RATCHASIMA, TH",14.967,102.083,188.0,1961-08-22,3.0,25.4,28.5,23.0
TH000048431,"NAKHON RATCHASIMA, TH",14.967,102.083,188.0,1961-08-23,0.5,26.4,31.3,22.4
TH000048431,"NAKHON RATCHASIMA, TH",14.967,102.083,188.0,1961-08-24,2.2,28.0,32.0,24.0
TH000048431,"NAKHON RATCHASIMA, TH",14.967,102.083,188.0,1961-08-25,0.0,27.1,31.9,23.8
TH000048431,"NAKHON RATCHASIMA, TH",14.967,102.083,188.0,1961-08-26,0.0,29.4,34.8,22.8
TH000048431,"NAKHON RATCHASIMA, TH",14.967,102.083,188.0,1961-08-27,0.0,27.9,32.2,23.9
TH000048431,"NAKHON RATCHASIMA, TH",14.967,102.083,188.0,1961-08-28,0.2,27.2,31.5,23.8
TH000048431,"NAKHON RATCHASIMA, TH",14.967,102.083,188.0,1961-08-29,0.4,28.3,32.4,23.4
TH000048431,"NAKHON RATCHASIMA, TH",14.967,102.083,188.0,1961-08-30,0.1,29.0,33.0,23.4
TH000048431,"NAKHON RATCHASIMA, TH",14.967,102.083,188.0,1961-08-31,0.4,28.1,32.6,23.6
TH000048431,"NAKHON RATCHASIMA, TH",14.967,102.083,188.0,1961-09-01,6.5,24.8,27.4,23.3
TH000048431,"NAKHON RATCHASIMA, TH",14.967,102.083,188.0,1961-09-02,4.7,25.2,26.4,29.2
TH000048431,"NAKHON RATCHASIMA, TH",14.967,102.083,188.0,1961-09-03,0.0,28.0,31.4,27.2
TH000048431,"NAKHON RATCHASIMA, TH",14.967,102.083,188.0,1961-09-04,0.0,28.2,33.0,27.2
TH000048431,"NAKHON RATCHASIMA, TH",14.967,102.083,188.0,1961-09-05,0.0,27.6,34.4,20.3
TH000048431,"NAKHON RATCHASIMA, TH",14.967,102.083,188.0,1961-09-06,0.0,28.2,32.8,25.2
TH000048431,"NAKHON RATCHASIMA, TH",14.967,102.083,188.0,1961-09-07,0.0,29.4,34.6,25.3
TH000048431,"NAKHON RATCHASIMA, TH",14.967,102.083,188.0,1961-09-08,0.0,29.3,34.7,29.3
TH000048431,"NAKHON RATCHASIMA, TH",14.967,102.083,188.0,1961-09-09,0.0,29.3,34.0,23.2
TH000048431,"NAKHON RATCHASIMA, TH",14.967,102.083,188.0,1961-09-10,0.7,28.6,33.4,24.3
TH000048431,"NAKHON RATCHASIMA, TH",14.967,102.083,188.0,1961-09-11,0.0,29.3,32.7,22.3
TH000048431,"NAKHON RATCHASIMA, TH",14.967,102.083,188.0,1961-09-12,0.3,29.0,34.9,22.3
TH000048431,"NAKHON RATCHASIMA, TH",14.967,102.083,188.0,1961-09-13,0.0,29.4,35.0,25.3
TH000048431,"NAKHON RATCHASIMA, TH",14.967,102.083,188.0,1961-09-14,18.3,26.8,32.6,21.4
TH000048431,"NAKHON RATCHASIMA, TH",14.967,102.083,188.0,1961-09-15,2.2,26.9,32.6,23.3
TH000048431,"NAKHON RATCHASIMA, TH",14.967,102.083,188.0,1961-09-16,0.2,28.1,32.8,24.3
TH000048431,"NAKHON RATCHASIMA, TH",14.967,102.083,188.0,1961-09-17,0.5,27.9,33.1,25.4
TH000048431,"NAKHON RATCHASIMA, TH",14.967,102.083,188.0,1961-09-18,0.0,29.1,32.7,25.3
TH000048431,"NAKHON RATCHASIMA, TH",14.967,102.083,188.0,1961-09-19,14.7,26.0,32.8,28.3
TH000048431,"NAKHON RATCHASIMA, TH",14.967,102.083,188.0,1961-09-20,0.0,27.7,31.4,20.2
TH000048431,"NAKHON RATCHASIMA, TH",14.967,102.083,188.0,1961-09-21,0.0,27.7,31.5,28.2
TH000048431,"NAKHON RATCHASIMA, TH",14.967,102.083,188.0,1961-09-22,1.8,27.9,32.1,29.2
TH000048431,"NAKHON RATCHASIMA, TH",14.967,102.083,188.0,1961-09-23,65.3,25.7,32.3,20.3
TH000048431,"NAKHON RATCHASIMA, TH",14.967,102.083,188.0,1961-09-24,2.0,25.3,28.7,22.3
TH000048431,"NAKHON RATCHASIMA, TH",14.967,102.083,188.0,1961-09-25,0.3,25.7,28.8,22.3
TH000048431,"NAKHON RATCHASIMA, TH",14.967,102.083,188.0,1961-09-26,0.0,26.7,31.3,20.3
TH000048431,"NAKHON RATCHASIMA, TH",14.967,102.083,188.0,1961-09-27,0.0,28.5,32.3,20.3
TH000048431,"NAKHON RATCHASIMA, TH",14.967,102.083,188.0,1961-09-28,0.0,27.7,32.8,28.2
TH000048431,"NAKHON RATCHASIMA, TH",14.967,102.083,188.0,1961-09-29,0.0,29.0,33.2,22.3
TH000048431,"NAKHON RATCHASIMA, TH",14.967,102.083,188.0,1961-09-30,10.3,28.3,34.0,23.3
TH000048431,"NAKHON RATCHASIMA, TH",14.967,102.083,188.0,1961-10-01,6.0,25.2,31.6,23.9
TH000048431,"NAKHON RATCHASIMA, TH",14.967,102.083,188.0,1961-10-02,48.7,24.7,31.6,23.0
TH000048431,"NAKHON RATCHASIMA, TH",14.967,102.083,188.0,1961-10-03,25.9,26.3,31.7,23.2
TH000048431,"NAKHON RATCHASIMA, TH",14.967,102.083,188.0,1961-10-04,1.4,26.4,31.4,22.8
TH000048431,"NAKHON RATCHASIMA, TH",14.967,102.083,188.0,1961-10-05,18.2,25.7,30.5,22.5
TH000048431,"NAKHON RATCHASIMA, TH",14.967,102.083,188.0,1961-10-06,29.8,26.3,30.9,21.8
TH000048431,"NAKHON RATCHASIMA, TH",14.967,102.083,188.0,1961-10-07,8.0,25.4,29.8,21.4
TH000048431,"NAKHON RATCHASIMA, TH",14.967,102.083,188.0,1961-10-08,12.5,27.5,31.0,22.3
TH000048431,"NAKHON RATCHASIMA, TH",14.967,102.083,188.0,1961-10-09,0.0,26.9,31.9,22.0
TH000048431,"NAKHON RATCHASIMA, TH",14.967,102.083,188.0,1961-10-10,1.0,27.2,32.9,23.3
TH000048431,"NAKHON RATCHASIMA, TH",14.967,102.083,188.0,1961-10-11,0.0,27.1,31.0,22.4
TH000048431,"NAKHON RATCHASIMA, TH",14.967,102.083,188.0,1961-10-12,0.0,26.9,30.2,21.1
TH000048431,"NAKHON RATCHASIMA, TH",14.967,102.083,188.0,1961-10-13,10.5,23.8,29.5,20.1
TH000048431,"NAKHON RATCHASIMA, TH",14.967,102.083,188.0,1961-10-14,0.3,23.2,26.0,19.5
TH000048431,"NAKHON RATCHASIMA, TH",14.967,102.083,188.0,1961-10-15,0.0,25.8,30.3,20.2
TH000048431,"NAKHON RATCHASIMA, TH",14.967,102.083,188.0,1961-10-16,0.0,26.4,32.8,21.6
TH000048431,"NAKHON RATCHASIMA, TH",14.967,102.083,188.0,1961-10-17,0.0,28.7,33.2,22.6
TH000048431,"NAKHON RATCHASIMA, TH",14.967,102.083,188.0,1961-10-18,0.0,27.3,32.1,22.7
TH000048431,"NAKHON RATCHASIMA, TH",14.967,102.083,188.0,1961-10-19,0.4,27.1,31.4,20.9
TH000048431,"NAKHON RATCHASIMA, TH",14.967,102.083,188.0,1961-10-20,24.7,24.2,25.5,23.0
TH000048431,"NAKHON RATCHASIMA, TH",14.967,102.083,188.0,1961-10-21,4.7,25.8,30.4,20.9
TH000048431,"NAKHON RATCHASIMA, TH",14.967,102.083,188.0,1961-10-22,3.9,24.3,31.2,22.6
TH000048431,"NAKHON RATCHASIMA, TH",14.967,102.083,188.0,1961-10-23,0.0,27.5,31.0,21.9
TH000048431,"NAKHON RATCHASIMA, TH",14.967,102.083,188.0,1961-10-24,0.0,27.3,31.1,23.1
TH000048431,"NAKHON RATCHASIMA, TH",14.967,102.083,188.0,1961-10-25,0.0,26.7,30.9,22.9
TH000048431,"NAKHON RATCHASIMA, TH",14.967,102.083,188.0,1961-10-26,0.0,25.6,30.8,21.5
TH000048431,"NAKHON RATCHASIMA, TH",14.967,102.083,188.0,1961-10-27,0.0,26.9,32.3,22.4
TH000048431,"NAKHON RATCHASIMA, TH",14.967,102.083,188.0,1961-10-28,0.0,28.1,33.3,21.1
TH000048431,"NAKHON RATCHASIMA, TH",14.967,102.083,188.0,1961-10-29,10.6,27.0,33.1,21.1
TH000048431,"NAKHON RATCHASIMA, TH",14.967,102.083,188.0,1961-10-30,0.0,27.8,31.2,21.5
TH000048431,"NAKHON RATCHASIMA, TH",14.967,102.083,188.0,1961-10-31,0.0,26.4,31.0,21.2
TH000048431,"NAKHON RATCHASIMA, TH",14.967,102.083,188.0,1961-11-01,0.0,25.6,30.9,19.9
TH000048431,"NAKHON RATCHASIMA, TH",14.967,102.083,188.0,1961-11-02,0.3,25.7,30.2,20.0
TH000048431,"NAKHON RATCHASIMA, TH",14.967,102.083,188.0,1961-11-03,0.0,25.9,29.9,21.0
TH000048431,"NAKHON RATCHASIMA, TH",14.967,102.083,188.0,1961-11-04,0.0,24.8,28.7,20.4
TH000048431,"NAKHON RATCHASIMA, TH",14.967,102.083,188.0,1961-11-05,0.0,23.9,28.0,18.0
TH000048431,"NAKHON RATCHASIMA, TH",14.967,102.083,188.0,1961-11-06,0.0,24.0,28.3,20.0
TH000048431,"NAKHON RATCHASIMA, TH",14.967,102.083,188.0,1961-11-07,0.0,24.3,28.7,19.1
TH000048431,"NAKHON RATCHASIMA, TH",14.967,102.083,188.0,1961-11-08,0.0,26.2,30.7,20.3
TH000048431,"NAKHON RATCHASIMA, TH",14.967,102.083,188.0,1961-11-09,0.0,,31.0,20.9
TH000048431,"NAKHON RATCHASIMA, TH",14.967,102.083,188.0,1961-11-10,0.0,24.8,31.8,20.9
TH000048431,"NAKHON RATCHASIMA, TH",14.967,102.083,188.0,1961-11-11,0.0,24.3,31.2,20.5
TH000048431,"NAKHON RATCHASIMA, TH",14.967,102.083,188.0,1961-11-12,0.0,26.4,31.4,19.5
TH000048431,"NAKHON RATCHASIMA, TH",14.967,102.083,188.0,1961-11-13,0.0,27.1,31.3,19.2
TH000048431,"NAKHON RATCHASIMA, TH",14.967,102.083,188.0,1961-11-14,0.0,26.2,30.6,20.7
TH000048431,"NAKHON RATCHASIMA, TH",14.967,102.083,188.0,1961-11-15,0.0,27.5,33.2,19.9
TH000048431,"NAKHON RATCHASIMA, TH",14.967,102.083,188.0,1961-11-16,0.0,27.3,32.8,20.3
TH000048431,"NAKHON RATCHASIMA, TH",14.967,102.083,188.0,1961-11-17,0.0,26.8,34.0,19.4
TH000048431,"NAKHON RATCHASIMA, TH",14.967,102.083,188.0,1961-11-18,0.0,28.8,33.6,19.5
TH000048431,"NAKHON RATCHASIMA, TH",14.967,102.083,188.0,1961-11-19,0.0,26.8,33.0,19.0
TH000048431,"NAKHON RATCHASIMA, TH",14.967,102.083,188.0,1961-11-20,0.0,27.1,31.8,18.8
TH000048431,"NAKHON RATCHASIMA, TH",14.967,102.083,188.0,1961-11-21,0.0,25.0,30.3,21.3
TH000048431,"NAKHON RATCHASIMA, TH",14.967,102.083,188.0,1961-11-22,0.0,22.8,30.3,21.2
TH000048431,"NAKHON RATCHASIMA, TH",14.967,102.083,188.0,1961-11-23,0.5,,25.9,20.8
TH000048431,"NAKHON RATCHASIMA, TH",14.967,102.083,188.0,1961-11-24,0.0,23.2,25.8,20.4
TH000048431,"NAKHON RATCHASIMA, TH",14.967,102.083,188.0,1961-11-25,0.0,24.3,28.9,19.6
TH000048431,"NAKHON RATCHASIMA, TH",14.967,102.083,188.0,1961-11-26,0.0,23.8,29.6,19.0
TH000048431,"NAKHON RATCHASIMA, TH",14.967,102.083,188.0,1961-11-27,0.0,23.4,31.3,16.1
TH000048431,"NAKHON RATCHASIMA, TH",14.967,102.083,188.0,1961-11-28,0.0,29.8,33.3,18.4
TH000048431,"NAKHON RATCHASIMA, TH",14.967,102.083,188.0,1961-11-29,0.0,27.1,33.8,18.5
TH000048431,"NAKHON RATCHASIMA, TH",14.967,102.083,188.0,1961-11-30,0.0,26.4,33.0,18.7
TH000048431,"NAKHON RATCHASIMA, TH",14.967,102.083,188.0,1961-12-01,0.0,26.4,32.8,17.9
TH000048431,"NAKHON RATCHASIMA, TH",14.967,102.083,188.0,1961-12-02,0.0,,33.3,18.8
TH000048431,"NAKHON RATCHASIMA, TH",14.967,102.083,188.0,1961-12-03,0.0,25.4,32.1,15.7
TH000048431,"NAKHON RATCHASIMA, TH",14.967,102.083,188.0,1961-12-04,0.0,26.7,32.1,15.7
TH000048431,"NAKHON RATCHASIMA, TH",14.967,102.083,188.0,1961-12-05,0.0,24.4,30.0,17.7
TH000048431,"NAKHON RATCHASIMA, TH",14.967,102.083,188.0,1961-12-06,0.0,22.1,26.3,18.8
TH000048431,"NAKHON RATCHASIMA, TH",14.967,102.083,188.0,1961-12-07,0.0,21.1,26.4,14.8
TH000048431,"NAKHON RATCHASIMA, TH",14.967,102.083,188.0,1961-12-08,0.0,20.4,26.4,14.0
TH000048431,"NAKHON RATCHASIMA, TH",14.967,102.083,188.0,1961-12-09,0.0,20.3,27.8,11.7
TH000048431,"NAKHON RATCHASIMA, TH",14.967,102.083,188.0,1961-12-10,0.0,23.3,28.7,11.5
TH000048431,"NAKHON RATCHASIMA, TH",14.967,102.083,188.0,1961-12-11,0.0,20.9,29.0,13.0
TH000048431,"NAKHON RATCHASIMA, TH",14.967,102.083,188.0,1961-12-12,0.0,,30.0,12.9
TH000048431,"NAKHON RATCHASIMA, TH",14.967,102.083,188.0,1961-12-13,0.0,23.2,29.8,13.6
TH000048431,"NAKHON RATCHASIMA, TH",14.967,102.083,188.0,1961-12-14,0.0,,30.3,13.9
TH000048431,"NAKHON RATCHASIMA, TH",14.967,102.083,188.0,1961-12-15,0.0,24.8,31.5,17.8
TH000048431,"NAKHON RATCHASIMA, TH",14.967,102.083,188.0,1961-12-16,0.0,26.9,33.5,17.4
TH000048431,"NAKHON RATCHASIMA, TH",14.967,102.083,188.0,1961-12-17,0.0,,33.9,19.5
TH000048431,"NAKHON RATCHASIMA, TH",14.967,102.083,188.0,1961-12-18,0.0,28.4,34.4,18.6
TH000048431,"NAKHON RATCHASIMA, TH",14.967,102.083,188.0,1961-12-19,0.0,30.6,33.7,19.8
TH000048431,"NAKHON RATCHASIMA, TH",14.967,102.083,188.0,1961-12-20,0.0,29.1,34.9,19.0
TH000048431,"NAKHON RATCHASIMA, TH",14.967,102.083,188.0,1961-12-21,0.0,,34.3,19.7
TH000048431,"NAKHON RATCHASIMA, TH",14.967,102.083,188.0,1961-12-22,0.0,26.9,32.7,19.9
TH000048431,"NAKHON RATCHASIMA, TH",14.967,102.083,188.0,1961-12-23,0.0,26.5,32.3,20.9
TH000048431,"NAKHON RATCHASIMA, TH",14.967,102.083,188.0,1961-12-24,0.0,28.2,32.7,20.9
TH000048431,"NAKHON RATCHASIMA, TH",14.967,102.083,188.0,1961-12-25,0.0,,32.8,22.2
TH000048431,"NAKHON RATCHASIMA, TH",14.967,102.083,188.0,1961-12-26,0.0,27.1,32.3,17.4
TH000048431,"NAKHON RATCHASIMA, TH",14.967,102.083,188.0,1961-12-27,0.0,26.2,30.5,19.1
TH000048431,"NAKHON RATCHASIMA, TH",14.967,102.083,188.0,1961-12-28,0.0,25.8,31.5,17.8
TH000048431,"NAKHON RATCHASIMA, TH",14.967,102.083,188.0,1961-12-29,0.0,25.6,31.0,20.5
TH000048431,"NAKHON RATCHASIMA, TH",14.967,102.083,188.0,1961-12-30,0.0,25.7,32.5,19.0
TH000048431,"NAKHON RATCHASIMA, TH",14.967,102.083,188.0,1961-12-31,0.0,27.1,32.0,18.8
TH000048431,"NAKHON RATCHASIMA, TH",14.967,102.083,188.0,1962-01-01,0.0,22.3,29.0,17.0
TH000048431,"NAKHON RATCHASIMA, TH",14.967,102.083,188.0,1962-01-02,0.0,22.1,27.2,14.6
TH000048431,"NAKHON RATCHASIMA, TH",14.967,102.083,188.0,1962-01-03,2.5,21.7,26.8,17.7
TH000048431,"NAKHON RATCHASIMA, TH",14.967,102.083,188.0,1962-01-04,0.0,23.0,27.0,16.5
TH000048431,"NAKHON RATCHASIMA, TH",14.967,102.083,188.0,1962-01-05,0.0,21.6,29.8,18.5
TH000048431,"NAKHON RATCHASIMA, TH",14.967,102.083,188.0,1962-01-06,0.0,23.5,30.0,15.7
TH000048431,"NAKHON RATCHASIMA, TH",14.967,102.083,188.0,1962-01-07,0.0,25.9,32.3,16.5
TH000048431,"NAKHON RATCHASIMA, TH",14.967,102.083,188.0,1962-01-08,0.0,24.3,31.5,14.7
TH000048431,"NAKHON RATCHASIMA, TH",14.967,102.083,188.0,1962-01-09,0.0,23.6,29.4,16.6
TH000048431,"NAKHON RATCHASIMA, TH",14.967,102.083,188.0,1962-01-10,0.0,21.9,28.2,16.0
TH000048431,"NAKHON RATCHASIMA, TH",14.967,102.083,188.0,1962-01-11,0.0,21.2,28.1,15.1
TH000048431,"NAKHON RATCHASIMA, TH",14.967,102.083,188.0,1962-01-12,0.0,23.7,31.0,12.0
TH000048431,"NAKHON RATCHASIMA, TH",14.967,102.083,188.0,1962-01-13,0.0,25.2,33.0,12.1
TH000048431,"NAKHON RATCHASIMA, TH",14.967,102.083,188.0,1962-01-14,0.0,26.3,32.7,13.3
TH000048431,"NAKHON RATCHASIMA, TH",14.967,102.083,188.0,1962-01-15,0.0,26.9,33.5,14.8
TH000048431,"NAKHON RATCHASIMA, TH",14.967,102.083,188.0,1962-01-16,0.0,27.0,32.9,16.4
TH000048431,"NAKHON RATCHASIMA, TH",14.967,102.083,188.0,1962-01-17,0.0,24.8,30.6,19.3
TH000048431,"NAKHON RATCHASIMA, TH",14.967,102.083,188.0,1962-01-18,0.0,26.6,32.7,21.2
TH000048431,"NAKHON RATCHASIMA, TH",14.967,102.083,188.0,1962-01-19,0.0,25.0,30.7,18.5
TH000048431,"NAKHON RATCHASIMA, TH",14.967,102.083,188.0,1962-01-20,0.0,22.4,27.7,15.0
TH000048431,"NAKHON RATCHASIMA, TH",14.967,102.083,188.0,1962-01-21,0.0,19.2,25.9,13.6
TH000048431,"NAKHON RATCHASIMA, TH",14.967,102.083,188.0,1962-01-22,0.0,20.7,26.8,13.1
TH000048431,"NAKHON RATCHASIMA, TH",14.967,102.083,188.0,1962-01-23,0.0,19.1,26.7,11.2
TH000048431,"NAKHON RATCHASIMA, TH",14.967,102.083,188.0,1962-01-24,0.0,20.9,27.2,11.3
TH000048431,"NAKHON RATCHASIMA, TH",14.967,102.083,188.0,1962-01-25,0.0,22.1,27.8,12.1
TH000048431,"NAKHON RATCHASIMA, TH",14.967,102.083,188.0,1962-01-26,0.0,18.6,26.6,11.7
TH000048431,"NAKHON RATCHASIMA, TH",14.967,102.083,188.0,1962-01-27,0.0,19.4,24.8,11.1
TH000048431,"NAKHON RATCHASIMA, TH",14.967,102.083,188.0,1962-01-28,0.0,17.8,27.0,8.5
TH000048431,"NAKHON RATCHASIMA, TH",14.967,102.083,188.0,1962-01-29,0.0,22.6,28.6,12.3
TH000048431,"NAKHON RATCHASIMA, TH",14.967,102.083,188.0,1962-01-30,0.0,24.2,28.3,14.9
TH000048431,"NAKHON RATCHASIMA, TH",14.967,102.083,188.0,1962-01-31,0.0,19.5,27.7,16.2
TH000048431,"NAKHON RATCHASIMA, TH",14.967,102.083,188.0,1962-02-01,0.0,22.4,28.0,14.9
TH000048431,"NAKHON RATCHASIMA, TH",14.967,102.083,188.0,1962-02-02,0.0,22.1,28.7,13.9
TH000048431,"NAKHON RATCHASIMA, TH",14.967,102.083,188.0,1962-02-03,0.0,22.8,28.8,13.3
TH000048431,"NAKHON RATCHASIMA, TH",14.967,102.083,188.0,1962-02-04,0.0,21.6,28.0,14.0
TH000048431,"NAKHON RATCHASIMA, TH",14.967,102.083,188.0,1962-02-05,0.0,21.4,28.2,12.7
TH000048431,"NAKHON RATCHASIMA, TH",14.967,102.083,188.0,1962-02-06,0.0,22.9,30.2,11.4
TH000048431,"NAKHON RATCHASIMA, TH",14.967,102.083,188.0,1962-02-07,0.0,24.6,31.6,14.8
TH000048431,"NAKHON RATCHASIMA, TH",14.967,102.083,188.0,1962-02-08,0.0,26.6,33.0,14.5
TH000048431,"NAKHON RATCHASIMA, TH",14.967,102.083,188.0,1962-02-09,0.0,27.2,33.6,19.1
TH000048431,"NAKHON RATCHASIMA, TH",14.967,102.083,188.0,1962-02-10,0.0,28.6,35.5,19.4
TH000048431,"NAKHON RATCHASIMA, TH",14.967,102.083,188.0,1962-02-11,0.0,29.4,36.8,19.6
TH000048431,"NAKHON RATCHASIMA, TH",14.967,102.083,188.0,1962-02-12,0.0,30.6,37.3,20.9
TH000048431,"NAKHON RATCHASIMA, TH",14.967,102.083,188.0,1962-02-13,0.0,30.4,37.6,22.5
TH000048431,"NAKHON RATCHASIMA, TH",14.967,102.083,188.0,1962-02-14,0.0,27.2,33.7,24.1
TH000048431,"NAKHON RATCHASIMA, TH",14.967,102.083,188.0,1962-02-15,0.0,24.3,30.8,18.9
TH000048431,"NAKHON RATCHASIMA, TH",14.967,102.083,188.0,1962-02-16,0.0,22.1,28.3,16.1
TH000048431,"NAKHON RATCHASIMA, TH",14.967,102.083,188.0,1962-02-17,0.0,22.8,28.5,14.1
TH000048431,"NAKHON RATCHASIMA, TH",14.967,102.083,188.0,1962-02-18,0.0,22.2,29.2,15.3
TH000048431,"NAKHON RATCHASIMA, TH",14.967,102.083,188.0,1962-02-19,0.0,24.1,30.9,14.3
TH000048431,"NAKHON RATCHASIMA, TH",14.967,102.083,188.0,1962-02-20,0.0,22.7,29.5,16.2
TH000048431,"NAKHON RATCHASIMA, TH",14.967,102.083,188.0,1962-02-21,0.0,23.9,31.8,12.4
TH000048431,"NAKHON RATCHASIMA, TH",14.967,102.083,188.0,1962-02-22,0.0,27.8,35.3,13.9
TH000048431,"NAKHON RATCHASIMA, TH",14.967,102.083,188.0,1962-02-23,0.0,28.1,36.1,16.4
TH000048431,"NAKHON RATCHASIMA, TH",14.967,102.083,188.0,1962-02-24,0.0,28.9,36.0,18.1
TH000048431,"NAKHON RATCHASIMA, TH",14.967,102.083,188.0,1962-02-25,0.0,29.4,36.8,19.2
TH000048431,"NAKHON RATCHASIMA, TH",14.967,102.083,188.0,1962-02-26,0.0,29.6,37.3,20.0
TH000048431,"NAKHON RATCHASIMA, TH",14.967,102.083,188.0,1962-02-27,0.0,30.4,35.2,18.7
TH000048431,"NAKHON RATCHASIMA, TH",14.967,102.083,188.0,1962-02-28,0.0,30.7,37.4,20.4
TH000048431,"NAKHON RATCHASIMA, TH",14.967,102.083,188.0,1962-03-01,0.0,27.2,33.4,22.2
TH000048431,"NAKHON RATCHASIMA, TH",14.967,102.083,188.0,1962-03-02,9.4,18.0,25.5,15.6
TH000048431,"NAKHON RATCHASIMA, TH",14.967,102.083,188.0,1962-03-03,0.0,23.9,29.6,17.4
TH000048431,"NAKHON RATCHASIMA, TH",14.967,102.083,188.0,1962-03-04,0.0,26.2,32.5,18.2
TH000048431,"NAKHON RATCHASIMA, TH",14.967,102.083,188.0,1962-03-05,0.0,29.8,35.8,18.4
TH000048431,"NAKHON RATCHASIMA, TH",14.967,102.083,188.0,1962-03-06,0.0,30.3,37.7,22.2
TH000048431,"NAKHON RATCHASIMA, TH",14.967,102.083,188.0,1962-03-07,0.0,28.6,36.3,23.2
TH000048431,"NAKHON RATCHASIMA, TH",14.967,102.083,188.0,1962-03-08,0.0,30.1,38.3,21.9
TH000048431,"NAKHON RATCHASIMA, TH",14.967,102.083,188.0,1962-03-09,0.9,30.5,38.2,22.8
TH000048431,"NAKHON RATCHASIMA, TH",14.967,102.083,188.0,1962-03-10,0.0,30.8,38.6,23.1
TH000048431,"NAKHON RATCHASIMA, TH",14.967,102.083,188.0,1962-03-11,0.0,29.5,36.7,23.0
TH000048431,"NAKHON RATCHASIMA, TH",14.967,102.083,188.0,1962-03-12,0.0,31.3,38.2,23.3
TH000048431,"NAKHON RATCHASIMA, TH",14.967,102.083,188.0,1962-03-13,0.0,32.4,38.5,23.4
TH000048431,"NAKHON RATCHASIMA, TH",14.967,102.083,188.0,1962-03-14,0.0,28.4,38.6,24.2
TH000048431,"NAKHON RATCHASIMA, TH",14.967,102.083,188.0,1962-03-15,0.2,27.2,35.6,24.0
TH000048431,"NAKHON RATCHASIMA, TH",14.967,102.083,188.0,1962-03-16,0.0,29.0,36.2,22.4
TH000048431,"NAKHON RATCHASIMA, TH",14.967,102.083,188.0,1962-03-17,0.0,29.6,37.4,23.2
TH000048431,"NAKHON RATCHASIMA, TH",14.967,102.083,188.0,1962-03-18,0.0,30.2,36.7,22.6
TH000048431,"NAKHON RATCHASIMA, TH",14.967,102.083,188.0,1962-03-19,0.0,31.3,38.6,23.7
TH000048431,"NAKHON RATCHASIMA, TH",14.967,102.083,188.0,1962-03-20,0.0,31.8,39.6,23.5
TH000048431,"NAKHON RATCHASIMA, TH",14.967,102.083,188.0,1962-03-21,0.0,34.4,40.5,22.9
TH000048431,"NAKHON RATCHASIMA, TH",14.967,102.083,188.0,1962-03-22,0.4,30.4,40.0,23.8
TH000048431,"NAKHON RATCHASIMA, TH",14.967,102.083,188.0,1962-03-23,12.4,32.1,39.8,24.5
TH000048431,"NAKHON RATCHASIMA, TH",14.967,102.083,188.0,1962-03-24,0.0,22.5,25.0,22.6
TH000048431,"NAKHON RATCHASIMA, TH",14.967,102.083,188.0,1962-03-25,0.0,23.6,29.4,18.4
TH000048431,"NAKHON RATCHASIMA, TH",14.967,102.083,188.0,1962-03-26,0.0,25.8,30.9,18.9
TH000048431,"NAKHON RATCHASIMA, TH",14.967,102.083,188.0,1962-03-27,0.0,27.4,33.7,19.9
TH000048431,"NAKHON RATCHASIMA, TH",14.967,102.083,188.0,1962-03-28,0.0,30.6,37.2,21.3
TH000048431,"NAKHON RATCHASIMA, TH",14.967,102.083,188.0,1962-03-29,0.0,29.9,35.2,23.9
TH000048431,"NAKHON RATCHASIMA, TH",14.967,102.083,188.0,1962-03-30,0.0,27.9,33.6,21.9
TH000048431,"NAKHON RATCHASIMA, TH",14.967,102.083,188.0,1962-03-31,0.0,29.8,36.0,22.2
TH000048431,"NAKHON RATCHASIMA, TH",14.967,102.083,188.0,1962-04-01,0.0,31.5,37.6,23.9
TH000048431,"NAKHON RATCHASIMA, TH",14.967,102.083,188.0,1962-04-02,0.0,32.4,39.4,24.6
TH000048431,"NAKHON RATCHASIMA, TH",14.967,102.083,188.0,1962-04-03,0.0,32.5,40.7,24.5
TH000048431,"NAKHON RATCHASIMA, TH",14.967,102.083,188.0,1962-04-04,0.0,31.6,38.6,25.1
TH000048431,"NAKHON RATCHASIMA, TH",14.967,102.083,188.0,1962-04-05,0.0,32.4,39.7,24.8
TH000048431,"NAKHON RATCHASIMA, TH",14.967,102.083,188.0,1962-04-06,1.1,31.1,40.2,24.5
TH000048431,"NAKHON RATCHASIMA, TH",14.967,102.083,188.0,1962-04-07,0.0,32.3,39.8,23.8
TH000048431,"NAKHON RATCHASIMA, TH",14.967,102.083,188.0,1962-04-08,0.3,30.8,38.3,25.6
TH000048431,"NAKHON RATCHASIMA, TH",14.967,102.083,188.0,1962-04-09,0.0,31.3,39.0,24.4
TH000048431,"NAKHON RATCHASIMA, TH",14.967,102.083,188.0,1962-04-10,0.0,28.8,35.0,24.7
TH000048431,"NAKHON RATCHASIMA, TH",14.967,102.083,188.0,1962-04-11,0.0,31.1,38.9,22.7
TH000048431,"NAKHON RATCHASIMA, TH",14.967,102.083,188.0,1962-04-12,0.0,31.2,38.9,25.0
TH000048431,"NAKHON RATCHASIMA, TH",14.967,102.083,188.0,1962-04-13,0.0,32.4,39.3,23.9
TH000048431,"NAKHON RATCHASIMA, TH",14.967,102.083,188.0,1962-04-14,0.0,30.0,34.7,23.1
TH000048431,"NAKHON RATCHASIMA, TH",14.967,102.083,188.0,1962-04-15,16.2,30.3,39.3,24.7
TH000048431,"NAKHON RATCHASIMA, TH",14.967,102.083,188.0,1962-04-16,13.3,28.6,35.0,24.1
TH000048431,"NAKHON RATCHASIMA, TH",14.967,102.083,188.0,1962-04-17,3.4,30.2,37.4,24.1
TH000048431,"NAKHON RATCHASIMA, TH",14.967,102.083,188.0,1962-04-18,2.8,27.6,34.6,24.2
TH000048431,"NAKHON RATCHASIMA, TH",14.967,102.083,188.0,1962-04-19,0.5,28.1,34.1,23.0
TH000048431,"NAKHON RATCHASIMA, TH",14.967,102.083,188.0,1962-04-20,50.7,28.3,34.9,23.2
TH000048431,"NAKHON RATCHASIMA, TH",14.967,102.083,188.0,1962-04-21,0.0,28.7,33.0,22.4
TH000048431,"NAKHON RATCHASIMA, TH",14.967,102.083,188.0,1962-04-22,0.0,30.2,35.5,24.2
TH000048431,"NAKHON RATCHASIMA, TH",14.967,102.083,188.0,1962-04-23,0.1,29.8,35.7,24.8
TH000048431,"NAKHON RATCHASIMA, TH",14.967,102.083,188.0,1962-04-24,0.0,28.7,33.8,24.4
TH000048431,"NAKHON RATCHASIMA, TH",14.967,102.083,188.0,1962-04-25,0.2,27.4,33.3,24.3
TH000048431,"NAKHON RATCHASIMA, TH",14.967,102.083,188.0,1962-04-26,0.8,28.7,33.4,23.4
TH000048431,"NAKHON RATCHASIMA, TH",14.967,102.083,188.0,1962-04-27,0.0,28.2,33.8,24.0
TH000048431,"NAKHON RATCHASIMA, TH",14.967,102.083,188.0,1962-04-28,9.3,29.0,34.0,23.3
TH000048431,"NAKHON RATCHASIMA, TH",14.967,102.083,188.0,1962-04-29,0.0,29.4,33.4,23.8
TH000048431,"NAKHON RATCHASIMA, TH",14.967,102.083,188.0,1962-04-30,1.5,27.0,33.8,23.8
TH000048431,"NAKHON RATCHASIMA, TH",14.967,102.083,188.0,1962-05-01,0.0,27.4,33.6,28.2
TH000048431,"NAKHON RATCHASIMA, TH",14.967,102.083,188.0,1962-05-02,9.1,29.0,34.3,20.3
TH000048431,"NAKHON RATCHASIMA, TH",14.967,102.083,188.0,1962-05-03,8.2,28.5,33.8,28.3
TH000048431,"NAKHON RATCHASIMA, TH",14.967,102.083,188.0,1962-05-04,0.0,29.1,33.8,20.4
TH000048431,"NAKHON RATCHASIMA, TH",14.967,102.083,188.0,1962-05-05,0.0,31.6,36.0,29.3
TH000048431,"NAKHON RATCHASIMA, TH",14.967,102.083,188.0,1962-05-06,16.4,30.1,36.7,25.5
TH000048431,"NAKHON RATCHASIMA, TH",14.967,102.083,188.0,1962-05-07,0.0,30.3,34.0,20.2
TH000048431,"NAKHON RATCHASIMA, TH",14.967,102.083,188.0,1962-05-08,8.3,28.1,35.1,25.4
TH000048431,"NAKHON RATCHASIMA, TH",14.967,102.083,188.0,1962-05-09,5.6,29.7,36.3,22.4
TH000048431,"NAKHON RATCHASIMA, TH",14.967,102.083,188.0,1962-05-10,0.6,27.3,31.2,23.3
TH000048431,"NAKHON RATCHASIMA, TH",14.967,102.083,188.0,1962-05-11,0.0,28.9,33.3,25.3
TH000048431,"NAKHON RATCHASIMA, TH",14.967,102.083,188.0,1962-05-12,2.4,30.7,35.6,27.4
TH000048431,"NAKHON RATCHASIMA, TH",14.967,102.083,188.0,1962-05-13,1.0,27.9,34.7,22.4
TH000048431,"NAKHON RATCHASIMA, TH",14.967,102.083,188.0,1962-05-14,0.0,29.9,34.8,28.3
TH000048431,"NAKHON RATCHASIMA, TH",14.967,102.083,188.0,1962-05-15,0.0,29.2,35.4,26.4
TH000048431,"NAKHON RATCHASIMA, TH",14.967,102.083,188.0,1962-05-16,0.0,31.0,36.4,25.4
TH000048431,"NAKHON RATCHASIMA, TH",14.967,102.083,188.0,1962-05-17,1.8,29.4,35.5,22.5
TH000048431,"NAKHON RATCHASIMA, TH",14.967,102.083,188.0,1962-05-18,27.4,27.9,35.5,20.4
TH000048431,"NAKHON RATCHASIMA, TH",14.967,102.083,188.0,1962-05-19,2.8,26.5,31.7,20.4
TH000048431,"NAKHON RATCHASIMA, TH",14.967,102.083,188.0,1962-05-20,0.1,27.7,32.1,23.4
TH000048431,"NAKHON RATCHASIMA, TH",14.967,102.083,188.0,1962-05-21,0.8,28.6,33.7,24.4
TH000048431,"NAKHON RATCHASIMA, TH",14.967,102.083,188.0,1962-05-22,20.4,28.3,33.5,28.4
TH000048431,"NAKHON RATCHASIMA, TH",14.967,102.083,188.0,1962-05-23,13.6,28.3,32.8,24.4
TH000048431,"NAKHON RATCHASIMA, TH",14.967,102.083,188.0,1962-05-24,0.0,28.6,33.5,29.4
TH000048431,"NAKHON RATCHASIMA, TH",14.967,102.083,188.0,1962-05-25,0.0,28.6,33.0,28.4
TH000048431,"NAKHON RATCHASIMA, TH",14.967,102.083,188.0,1962-05-26,13.9,28.2,34.0,20.5
TH000048431,"NAKHON RATCHASIMA, TH",14.967,102.083,188.0,1962-05-27,0.0,29.5,34.7,20.4
TH000048431,"NAKHON RATCHASIMA, TH",14.967,102.083,188.0,1962-05-28,0.0,30.4,34.7,28.3
TH000048431,"NAKHON RATCHASIMA, TH",14.967,102.083,188.0,1962-05-29,0.0,30.5,33.9,24.4
TH000048431,"NAKHON RATCHASIMA, TH",14.967,102.083,188.0,1962-05-30,0.0,30.5,35.3,26.4
TH000048431,"NAKHON RATCHASIMA, TH",14.967,102.083,188.0,1962-05-31,10.8,30.4,34.4,25.4
TH000048431,"NAKHON RATCHASIMA, TH",14.967,102.083,188.0,1962-06-01,13.8,27.5,33.7,24.5
TH000048431,"NAKHON RATCHASIMA, TH",14.967,102.083,188.0,1962-06-02,0.0,27.6,31.6,24.7
TH000048431,"NAKHON RATCHASIMA, TH",14.967,102.083,188.0,1962-06-03,0.0,28.8,33.2,24.0
TH000048431,"NAKHON RATCHASIMA, TH",14.967,102.083,188.0,1962-06-04,38.0,28.1,32.4,24.2
TH000048431,"NAKHON RATCHASIMA, TH",14.967,102.083,188.0,1962-06-05,0.1,28.5,32.9,23.1
TH000048431,"NAKHON RATCHASIMA, TH",14.967,102.083,188.0,1962-06-06,0.0,29.4,34.0,23.1
TH000048431,"NAKHON RATCHASIMA, TH",14.967,102.083,188.0,1962-06-07,0.0,29.5,34.0,24.0
TH000048431,"NAKHON RATCHASIMA, TH",14.967,102.083,188.0,1962-06-08,1.0,29.1,33.4,23.7
TH000048431,"NAKHON RATCHASIMA, TH",14.967,102.083,188.0,1962-06-09,0.1,28.3,34.1,23.5
TH000048431,"NAKHON RATCHASIMA, TH",14.967,102.083,188.0,1962-06-10,0.0,28.4,34.1,23.6
TH000048431,"NAKHON RATCHASIMA, TH",14.967,102.083,188.0,1962-06-11,0.0,28.9,34.0,23.8
TH000048431,"NAKHON RATCHASIMA, TH",14.967,102.083,188.0,1962-06-12,0.0,28.9,33.4,23.6
TH000048431,"NAKHON RATCHASIMA, TH",14.967,102.083,188.0,1962-06-13,1.3,28.8,34.3,23.7
TH000048431,"NAKHON RATCHASIMA, TH",14.967,102.083,188.0,1962-06-14,7.9,29.1,34.0,24.0
TH000048431,"NAKHON RATCHASIMA, TH",14.967,102.083,188.0,1962-06-15,0.1,28.5,33.2,23.7
TH000048431,"NAKHON RATCHASIMA, TH",14.967,102.083,188.0,1962-06-16,0.5,28.3,33.0,24.0
TH000048431,"NAKHON RATCHASIMA, TH",14.967,102.083,188.0,1962-06-17,0.7,27.1,30.7,24.5
TH000048431,"NAKHON RATCHASIMA, TH",14.967,102.083,188.0,1962-06-18,10.3,25.7,28.3,24.2
TH000048431,"NAKHON RATCHASIMA, TH",14.967,102.083,188.0,1962-06-19,4.8,26.8,32.0,23.2
TH000048431,"NAKHON RATCHASIMA, TH",14.967,102.083,188.0,1962-06-20,21.7,26.1,33.0,22.7
TH000048431,"NAKHON RATCHASIMA, TH",14.967,102.083,188.0,1962-06-21,0.0,27.4,34.1,22.0
TH000048431,"NAKHON RATCHASIMA, TH",14.967,102.083,188.0,1962-06-22,0.0,29.7,34.9,22.4
TH000048431,"NAKHON RATCHASIMA, TH",14.967,102.083,188.0,1962-06-23,0.0,28.9,35.3,23.7
TH000048431,"NAKHON RATCHASIMA, TH",14.967,102.083,188.0,1962-06-24,0.0,29.7,35.3,24.0
TH000048431,"NAKHON RATCHASIMA, TH",14.967,102.083,188.0,1962-06-25,0.0,28.7,33.0,24.0
TH000048431,"NAKHON RATCHASIMA, TH",14.967,102.083,188.0,1962-06-26,0.0,29.3,35.2,24.1
TH000048431,"NAKHON RATCHASIMA, TH",14.967,102.083,188.0,1962-06-27,0.0,29.7,35.7,23.6
TH000048431,"NAKHON RATCHASIMA, TH",14.967,102.083,188.0,1962-06-28,0.0,29.4,35.2,23.1
TH000048431,"NAKHON RATCHASIMA, TH",14.967,102.083,188.0,1962-06-29,0.0,29.7,36.7,23.6
TH000048431,"NAKHON RATCHASIMA, TH",14.967,102.083,188.0,1962-06-30,7.2,28.6,37.0,23.5
TH000048431,"NAKHON RATCHASIMA, TH",14.967,102.083,188.0,1962-07-01,0.0,30.3,35.7,23.0
TH000048431,"NAKHON RATCHASIMA, TH",14.967,102.083,188.0,1962-07-02,0.0,30.3,35.9,24.2
TH000048431,"NAKHON RATCHASIMA, TH",14.967,102.083,188.0,1962-07-03,25.1,29.3,36.6,24.6
TH000048431,"NAKHON RATCHASIMA, TH",14.967,102.083,188.0,1962-07-04,0.2,27.9,32.0,23.4
TH000048431,"NAKHON RATCHASIMA, TH",14.967,102.083,188.0,1962-07-05,0.0,28.5,33.2,24.3
TH000048431,"NAKHON RATCHASIMA, TH",14.967,102.083,188.0,1962-07-06,15.8,29.2,34.6,23.7
TH000048431,"NAKHON RATCHASIMA, TH",14.967,102.083,188.0,1962-07-07,14.2,27.8,34.4,24.3
TH000048431,"NAKHON RATCHASIMA, TH",14.967,102.083,188.0,1962-07-08,0.0,28.3,32.0,23.1
TH000048431,"NAKHON RATCHASIMA, TH",14.967,102.083,188.0,1962-07-09,0.0,29.9,34.9,23.8
TH000048431,"NAKHON RATCHASIMA, TH",14.967,102.083,188.0,1962-07-10,0.0,30.3,33.6,25.6
TH000048431,"NAKHON RATCHASIMA, TH",14.967,102.083,188.0,1962-07-11,4.6,28.8,34.1,25.2
TH000048431,"NAKHON RATCHASIMA, TH",14.967,102.083,188.0,1962-07-12,48.7,24.3,24.9,22.8
TH000048431,"NAKHON RATCHASIMA, TH",14.967,102.083,188.0,1962-07-13,4.0,24.7,27.6,22.6
TH000048431,"NAKHON RATCHASIMA, TH",14.967,102.083,188.0,1962-07-14,2.0,26.2,30.0,23.4
TH000048431,"NAKHON RATCHASIMA, TH",14.967,102.083,188.0,1962-07-15,0.3,27.0,32.7,24.5
TH000048431,"NAKHON RATCHASIMA, TH",14.967,102.083,188.0,1962-07-16,2.1,27.7,32.5,24.1
TH000048431,"NAKHON RATCHASIMA, TH",14.967,102.083,188.0,1962-07-17,0.0,26.3,30.5,23.8
TH000048431,"NAKHON RATCHASIMA, TH",14.967,102.083,188.0,1962-07-18,0.0,25.5,28.2,23.9
TH000048431,"NAKHON RATCHASIMA, TH",14.967,102.083,188.0,1962-07-19,34.9,25.9,30.8,22.7
TH000048431,"NAKHON RATCHASIMA, TH",14.967,102.083,188.0,1962-07-20,0.6,26.7,31.6,22.7
TH000048431,"NAKHON RATCHASIMA, TH",14.967,102.083,188.0,1962-07-21,0.0,27.3,32.1,22.5
TH000048431,"NAKHON RATCHASIMA, TH",14.967,102.083,188.0,1962-07-22,0.4,26.3,31.7,23.7
TH000048431,"NAKHON RATCHASIMA, TH",14.967,102.083,188.0,1962-07-23,0.0,27.9,32.2,23.3
TH000048431,"NAKHON RATCHASIMA, TH",14.967,102.083,188.0,1962-07-24,0.3,26.6,30.0,24.2
TH000048431,"NAKHON RATCHASIMA, TH",14.967,102.083,188.0,1962-07-25,0.3,25.4,28.5,23.2
TH000048431,"NAKHON RATCHASIMA, TH",14.967,102.083,188.0,1962-07-26,0.9,26.3,29.4,23.1
TH000048431,"NAKHON RATCHASIMA, TH",14.967,102.083,188.0,1962-07-27,0.0,26.8,30.8,23.3
TH000048431,"NAKHON RATCHASIMA, TH",14.967,102.083,188.0,1962-07-28,0.0,27.6,32.7,23.9
TH000048431,"NAKHON RATCHASIMA, TH",14.967,102.083,188.0,1962-07-29,0.0,28.1,34.0,23.7
TH000048431,"NAKHON RATCHASIMA, TH",14.967,102.083,188.0,1962-07-30,0.0,28.9,34.4,24.8
TH000048431,"NAKHON RATCHASIMA, TH",14.967,102.083,188.0,1962-07-31,0.0,28.1,32.5,24.4
TH000048431,"NAKHON RATCHASIMA, TH",14.967,102.083,188.0,1962-08-01,0.0,27.9,33.0,24.2
TH000048431,"NAKHON RATCHASIMA, TH",14.967,102.083,188.0,1962-08-02,0.2,28.2,33.5,23.1
TH000048431,"NAKHON RATCHASIMA, TH",14.967,102.083,188.0,1962-08-03,2.0,27.7,32.9,25.0
TH000048431,"NAKHON RATCHASIMA, TH",14.967,102.083,188.0,1962-08-04,4.2,25.1,27.5,23.9
TH000048431,"NAKHON RATCHASIMA, TH",14.967,102.083,188.0,1962-08-05,0.0,26.1,30.2,22.6
TH000048431,"NAKHON RATCHASIMA, TH",14.967,102.083,188.0,1962-08-06,0.0,27.6,33.4,22.7
TH000048431,"NAKHON RATCHASIMA, TH",14.967,102.083,188.0,1962-08-07,1.9,29.1,33.7,22.6
TH000048431,"NAKHON RATCHASIMA, TH",14.967,102.083,188.0,1962-08-08,30.3,25.9,34.9,23.2
TH000048431,"NAKHON RATCHASIMA, TH",14.967,102.083,188.0,1962-08-09,24.1,26.8,32.1,23.8
TH000048431,"NAKHON RATCHASIMA, TH",14.967,102.083,188.0,1962-08-10,5.3,26.2,31.0,22.0
TH000048431,"NAKHON RATCHASIMA, TH",14.967,102.083,188.0,1962-08-11,2.0,26.4,31.4,22.7
TH000048431,"NAKHON RATCHASIMA, TH",14.967,102.083,188.0,1962-08-12,4.2,26.3,30.6,22.9
TH000048431,"NAKHON RATCHASIMA, TH",14.967,102.083,188.0,1962-08-13,0.0,25.0,29.9,22.7
TH000048431,"NAKHON RATCHASIMA, TH",14.967,102.083,188.0,1962-08-14,0.0,26.9,32.7,21.9
TH000048431,"NAKHON RATCHASIMA, TH",14.967,102.083,188.0,1962-08-15,0.0,27.7,33.2,22.4
TH000048431,"NAKHON RATCHASIMA, TH",14.967,102.083,188.0,1962-08-16,0.0,28.7,34.6,23.0
TH000048431,"NAKHON RATCHASIMA, TH",14.967,102.083,188.0,1962-08-17,0.0,26.9,34.7,22.8
TH000048431,"NAKHON RATCHASIMA, TH",14.967,102.083,188.0,1962-08-18,10.4,26.9,33.5,23.0
TH000048431,"NAKHON RATCHASIMA, TH",14.967,102.083,188.0,1962-08-19,45.2,25.4,33.4,23.3
TH000048431,"NAKHON RATCHASIMA, TH",14.967,102.083,188.0,1962-08-20,1.6,25.9,32.1,22.3
TH000048431,"NAKHON RATCHASIMA, TH",14.967,102.083,188.0,1962-08-21,8.7,26.3,32.0,22.8
TH000048431,"NAKHON RATCHASIMA, TH",14.967,102.083,188.0,1962-08-22,0.5,29.1,32.9,22.3
TH000048431,"NAKHON RATCHASIMA, TH",14.967,102.083,188.0,1962-08-23,10.9,28.1,34.1,23.5
TH000048431,"NAKHON RATCHASIMA, TH",14.967,102.083,188.0,1962-08-24,18.0,24.8,29.0,22.8
TH000048431,"NAKHON RATCHASIMA, TH",14.967,102.083,188.0,1962-08-25,3.9,26.2,29.5,23.0
TH000048431,"NAKHON RATCHASIMA, TH",14.967,102.083,188.0,1962-08-26,0.2,26.6,29.5,23.1
TH000048431,"NAKHON RATCHASIMA, TH",14.967,102.083,188.0,1962-08-27,0.1,27.9,33.2,24.0
TH000048431,"NAKHON RATCHASIMA, TH",14.967,102.083,188.0,1962-08-28,0.0,27.4,34.2,23.0
TH000048431,"NAKHON RATCHASIMA, TH",14.967,102.083,188.0,1962-08-29,0.0,28.9,35.0,23.7
TH000048431,"NAKHON RATCHASIMA, TH",14.967,102.083,188.0,1962-08-30,0.0,28.1,35.0,23.6
TH000048431,"NAKHON RATCHASIMA, TH",14.967,102.083,188.0,1962-08-31,0.0,27.9,32.0,22.9
TH000048431,"NAKHON RATCHASIMA, TH",14.967,102.083,188.0,1962-09-01,0.0,28.0,34.0,21.4
TH000048431,"NAKHON RATCHASIMA, TH",14.967,102.083,188.0,1962-09-02,0.0,28.2,33.1,29.3
TH000048431,"NAKHON RATCHASIMA, TH",14.967,102.083,188.0,1962-09-03,0.0,27.9,32.8,26.2
TH000048431,"NAKHON RATCHASIMA, TH",14.967,102.083,188.0,1962-09-04,0.0,29.2,34.1,20.3
TH000048431,"NAKHON RATCHASIMA, TH",14.967,102.083,188.0,1962-09-05,31.7,26.2,31.5,21.5
TH000048431,"NAKHON RATCHASIMA, TH",14.967,102.083,188.0,1962-09-06,2.5,24.4,27.0,25.1
TH000048431,"NAKHON RATCHASIMA, TH",14.967,102.083,188.0,1962-09-07,17.8,24.9,27.5,20.3
TH000048431,"NAKHON RATCHASIMA, TH",14.967,102.083,188.0,1962-09-08,14.7,24.8,27.4,28.2
TH000048431,"NAKHON RATCHASIMA, TH",14.967,102.083,188.0,1962-09-09,46.1,26.7,31.7,21.3
TH000048431,"NAKHON RATCHASIMA, TH",14.967,102.083,188.0,1962-09-10,21.9,25.8,30.5,27.1
TH000048431,"NAKHON RATCHASIMA, TH",14.967,102.083,188.0,1962-09-11,10.3,25.8,30.1,28.2
TH000048431,"NAKHON RATCHASIMA, TH",14.967,102.083,188.0,1962-09-12,3.7,26.6,30.7,27.2
TH000048431,"NAKHON RATCHASIMA, TH",14.967,102.083,188.0,1962-09-13,12.4,26.4,32.0,24.3
TH000048431,"NAKHON RATCHASIMA, TH",14.967,102.083,188.0,1962-09-14,0.7,26.0,30.5,21.3
TH000048431,"NAKHON RATCHASIMA, TH",14.967,102.083,188.0,1962-09-15,0.0,27.3,31.8,25.2
TH000048431,"NAKHON RATCHASIMA, TH",14.967,102.083,188.0,1962-09-16,15.9,27.2,31.0,21.4
TH000048431,"NAKHON RATCHASIMA, TH",14.967,102.083,188.0,1962-09-17,74.5,23.4,24.1,28.2
TH000048431,"NAKHON RATCHASIMA, TH",14.967,102.083,188.0,1962-09-18,1.9,24.8,27.1,29.0
TH000048431,"NAKHON RATCHASIMA, TH",14.967,102.083,188.0,1962-09-19,8.1,24.8,29.3,26.2
TH000048431,"NAKHON RATCHASIMA, TH",14.967,102.083,188.0,1962-09-20,0.0,26.7,31.2,21.2
TH000048431,"NAKHON RATCHASIMA, TH",14.967,102.083,188.0,1962-09-21,6.1,26.9,32.6,20.4
TH000048431,"NAKHON RATCHASIMA, TH",14.967,102.083,188.0,1962-09-22,0.0,27.3,32.5,21.3
TH000048431,"NAKHON RATCHASIMA, TH",14.967,102.083,188.0,1962-09-23,10.4,27.8,33.5,21.3
TH000048431,"NAKHON RATCHASIMA, TH",14.967,102.083,188.0,1962-09-24,34.3,27.7,32.6,20.3
TH000048431,"NAKHON RATCHASIMA, TH",14.967,102.083,188.0,1962-09-25,0.0,25.6,32.6,22.2
TH000048431,"NAKHON RATCHASIMA, TH",14.967,102.083,188.0,1962-09-26,0.0,28.1,32.5,29.2
TH000048431,"NAKHON RATCHASIMA, TH",14.967,102.083,188.0,1962-09-27,5.0,25.6,29.5,29.3
TH000048431,"NAKHON RATCHASIMA, TH",14.967,102.083,188.0,1962-09-28,0.5,25.5,31.6,29.3
TH000048431,"NAKHON RATCHASIMA, TH",14.967,102.083,188.0,1962-09-29,10.5,25.5,31.7,29.2
TH000048431,"NAKHON RATCHASIMA, TH",14.967,102.083,188.0,1962-09-30,4.4,25.9,31.0,29.2
TH000048431,"NAKHON RATCHASIMA, TH",14.967,102.083,188.0,1962-10-01,10.7,26.4,30.6,23.7
TH000048431,"NAKHON RATCHASIMA, TH",14.967,102.083,188.0,1962-10-02,4.6,26.3,31.2,23.6
TH000048431,"NAKHON RATCHASIMA, TH",14.967,102.083,188.0,1962-10-03,1.3,24.4,27.2,23.7
TH000048431,"NAKHON RATCHASIMA, TH",14.967,102.083,188.0,1962-10-04,0.0,27.3,33.6,21.7
TH000048431,"NAKHON RATCHASIMA, TH",14.967,102.083,188.0,1962-10-05,16.0,25.9,33.0,23.7
TH000048431,"NAKHON RATCHASIMA, TH",14.967,102.083,188.0,1962-10-06,7.4,26.7,31.9,23.4
TH000048431,"NAKHON RATCHASIMA, TH",14.967,102.083,188.0,1962-10-07,77.9,25.6,31.6,23.6
TH000048431,"NAKHON RATCHASIMA, TH",14.967,102.083,188.0,1962-10-08,72.7,26.2,31.8,22.5
TH000048431,"NAKHON RATCHASIMA, TH",14.967,102.083,188.0,1962-10-09,0.0,25.7,30.4,22.6
TH000048431,"NAKHON RATCHASIMA, TH",14.967,102.083,188.0,1962-10-10,22.2,26.8,32.3,23.7
TH000048431,"NAKHON RATCHASIMA, TH",14.967,102.083,188.0,1962-10-11,1.3,26.3,30.2,23.8
TH000048431,"NAKHON RATCHASIMA, TH",14.967,102.083,188.0,1962-10-12,0.0,27.7,32.8,23.4
TH000048431,"NAKHON RATCHASIMA, TH",14.967,102.083,188.0,1962-10-13,0.0,28.2,33.8,23.6
TH000048431,"NAKHON RATCHASIMA, TH",14.967,102.083,188.0,1962-10-14,24.5,28.8,34.4,23.2
TH000048431,"NAKHON RATCHASIMA, TH",14.967,102.083,188.0,1962-10-15,26.6,23.7,28.8,21.8
TH000048431,"NAKHON RATCHASIMA, TH",14.967,102.083,188.0,1962-10-16,0.0,24.9,28.0,21.3
TH000048431,"NAKHON RATCHASIMA, TH",14.967,102.083,188.0,1962-10-17,0.0,25.8,29.7,22.4
TH000048431,"NAKHON RATCHASIMA, TH",14.967,102.083,188.0,1962-10-18,0.6,26.1,30.3,22.9
TH000048431,"NAKHON RATCHASIMA, TH",14.967,102.083,188.0,1962-10-19,0.0,25.2,29.8,23.2
TH000048431,"NAKHON RATCHASIMA, TH",14.967,102.083,188.0,1962-10-20,0.0,25.3,29.4,23.0
TH000048431,"NAKHON RATCHASIMA, TH",14.967,102.083,188.0,1962-10-21,0.0,25.0,29.0,22.5
TH000048431,"NAKHON RATCHASIMA, TH",14.967,102.083,188.0,1962-10-22,0.0,25.3,28.6,22.0
TH000048431,"NAKHON RATCHASIMA, TH",14.967,102.083,188.0,1962-10-23,0.0,24.6,28.7,22.1
TH000048431,"NAKHON RATCHASIMA, TH",14.967,102.083,188.0,1962-10-24,0.0,25.2,30.0,22.1
TH000048431,"NAKHON RATCHASIMA, TH",14.967,102.083,188.0,1962-10-25,0.0,24.9,28.8,21.6
TH000048431,"NAKHON RATCHASIMA, TH",14.967,102.083,188.0,1962-10-26,0.0,24.1,28.6,21.4
TH000048431,"NAKHON RATCHASIMA, TH",14.967,102.083,188.0,1962-10-27,0.0,23.5,29.0,20.4
TH000048431,"NAKHON RATCHASIMA, TH",14.967,102.083,188.0,1962-10-28,0.0,23.1,29.0,18.9
TH000048431,"NAKHON RATCHASIMA, TH",14.967,102.083,188.0,1962-10-29,0.0,24.4,30.8,17.8
TH000048431,"NAKHON RATCHASIMA, TH",14.967,102.083,188.0,1962-10-30,0.0,26.8,32.2,19.2
TH000048431,"NAKHON RATCHASIMA, TH",14.967,102.083,188.0,1962-10-31,0.0,27.5,33.7,22.3
TH000048431,"NAKHON RATCHASIMA, TH",14.967,102.083,188.0,1962-11-01,0.0,28.1,34.0,22.7
TH000048431,"NAKHON RATCHASIMA, TH",14.967,102.083,188.0,1962-11-02,0.0,28.4,34.5,23.5
TH000048431,"NAKHON RATCHASIMA, TH",14.967,102.083,188.0,1962-11-03,37.0,27.9,34.2,23.5
TH000048431,"NAKHON RATCHASIMA, TH",14.967,102.083,188.0,1962-11-04,0.0,24.2,27.4,22.4
TH000048431,"NAKHON RATCHASIMA, TH",14.967,102.083,188.0,1962-11-05,0.0,23.0,27.0,19.6
TH000048431,"NAKHON RATCHASIMA, TH",14.967,102.083,188.0,1962-11-06,0.0,24.1,29.3,18.0
TH000048431,"NAKHON RATCHASIMA, TH",14.967,102.083,188.0,1962-11-07,0.0,24.4,29.7,18.7
TH000048431,"NAKHON RATCHASIMA, TH",14.967,102.083,188.0,1962-11-08,0.0,25.1,31.1,19.7
TH000048431,"NAKHON RATCHASIMA, TH",14.967,102.083,188.0,1962-11-09,0.0,23.4,29.3,20.9
TH000048431,"NAKHON RATCHASIMA, TH",14.967,102.083,188.0,1962-11-10,0.0,22.9,29.0,18.3
TH000048431,"NAKHON RATCHASIMA, TH",14.967,102.083,188.0,1962-11-11,0.0,22.1,28.8,17.4
TH000048431,"NAKHON RATCHASIMA, TH",14.967,102.083,188.0,1962-11-12,0.0,23.3,30.3,17.1
TH000048431,"NAKHON RATCHASIMA, TH",14.967,102.083,188.0,1962-11-13,0.0,23.8,31.9,17.4
TH000048431,"NAKHON RATCHASIMA, TH",14.967,102.083,188.0,1962-11-14,0.0,24.3,32.6,17.3
TH000048431,"NAKHON RATCHASIMA, TH",14.967,102.083,188.0,1962-11-15,0.0,25.7,32.1,17.3
TH000048431,"NAKHON RATCHASIMA, TH",14.967,102.083,188.0,1962-11-16,0.0,24.9,32.2,20.4
TH000048431,"NAKHON RATCHASIMA, TH",14.967,102.083,188.0,1962-11-17,0.0,24.6,32.1,18.7
TH000048431,"NAKHON RATCHASIMA, TH",14.967,102.083,188.0,1962-11-18,0.0,24.3,31.3,17.3
TH000048431,"NAKHON RATCHASIMA, TH",14.967,102.083,188.0,1962-11-19,0.0,24.3,31.4,18.0
TH000048431,"NAKHON RATCHASIMA, TH",14.967,102.083,188.0,1962-11-20,0.0,26.5,31.7,18.2
TH000048431,"NAKHON RATCHASIMA, TH",14.967,102.083,188.0,1962-11-21,0.0,25.1,30.8,22.2
TH000048431,"NAKHON RATCHASIMA, TH",14.967,102.083,188.0,1962-11-22,0.0,25.1,31.3,20.7
TH000048431,"NAKHON RATCHASIMA, TH",14.967,102.083,188.0,1962-11-23,0.0,24.5,29.8,19.9
TH000048431,"NAKHON RATCHASIMA, TH",14.967,102.083,188.0,1962-11-24,0.0,24.4,30.1,19.5
TH000048431,"NAKHON RATCHASIMA, TH",14.967,102.083,188.0,1962-11-25,0.0,25.9,30.7,20.9
TH000048431,"NAKHON RATCHASIMA, TH",14.967,102.083,188.0,1962-11-26,0.0,25.9,31.3,22.1
TH000048431,"NAKHON RATCHASIMA, TH",14.967,102.083,188.0,1962-11-27,0.0,25.1,30.0,22.2
TH000048431,"NAKHON RATCHASIMA, TH",14.967,102.083,188.0,1962-11-28,0.0,22.9,28.9,20.2
TH000048431,"NAKHON RATCHASIMA, TH",14.967,102.083,188.0,1962-11-29,0.0,20.7,26.4,17.1
TH000048431,"NAKHON RATCHASIMA, TH",14.967,102.083,188.0,1962-11-30,0.0,18.8,25.2,15.0
TH000048431,"NAKHON RATCHASIMA, TH",14.967,102.083,188.0,1962-12-01,0.0,18.5,24.2,12.9
TH000048431,"NAKHON RATCHASIMA, TH",14.967,102.083,188.0,1962-12-02,0.0,16.8,24.4,12.5
TH000048431,"NAKHON RATCHASIMA, TH",14.967,102.083,188.0,1962-12-03,0.0,18.0,25.4,9.9
TH000048431,"NAKHON RATCHASIMA, TH",14.967,102.083,188.0,1962-12-04,0.0,18.1,25.5,12.2
TH000048431,"NAKHON RATCHASIMA, TH",14.967,102.083,188.0,1962-12-05,0.0,17.1,23.8,10.7
TH000048431,"NAKHON RATCHASIMA, TH",14.967,102.083,188.0,1962-12-06,0.0,18.1,25.2,9.7
TH000048431,"NAKHON RATCHASIMA, TH",14.967,102.083,188.0,1962-12-07,0.0,19.1,27.0,10.7
TH000048431,"NAKHON RATCHASIMA, TH",14.967,102.083,188.0,1962-12-08,0.0,20.9,28.5,13.0
TH000048431,"NAKHON RATCHASIMA, TH",14.967,102.083,188.0,1962-12-09,0.0,22.4,28.0,13.7
TH000048431,"NAKHON RATCHASIMA, TH",14.967,102.083,188.0,1962-12-10,0.0,19.7,29.7,13.9
TH000048431,"NAKHON RATCHASIMA, TH",14.967,102.083,188.0,1962-12-11,0.0,23.0,30.0,14.7
TH000048431,"NAKHON RATCHASIMA, TH",14.967,102.083,188.0,1962-12-12,0.0,23.9,29.5,16.9
TH000048431,"NAKHON RATCHASIMA, TH",14.967,102.083,188.0,1962-12-13,0.0,22.4,27.3,18.1
TH000048431,"NAKHON RATCHASIMA, TH",14.967,102.083,188.0,1962-12-14,0.0,24.0,31.2,18.5
TH000048431,"NAKHON RATCHASIMA, TH",14.967,102.083,188.0,1962-12-15,0.0,24.1,31.6,17.8
TH000048431,"NAKHON RATCHASIMA, TH",14.967,102.083,188.0,1962-12-16,0.0,23.7,31.3,16.7
TH000048431,"NAKHON RATCHASIMA, TH",14.967,102.083,188.0,1962-12-17,0.0,23.6,30.4,16.1
TH000048431,"NAKHON RATCHASIMA, TH",14.967,102.083,188.0,1962-12-18,0.0,22.6,29.8,17.0
TH000048431,"NAKHON RATCHASIMA, TH",14.967,102.083,188.0,1962-12-19,0.0,25.4,31.0,16.8
TH000048431,"NAKHON RATCHASIMA, TH",14.967,102.083,188.0,1962-12-20,0.0,21.4,30.0,15.7
TH000048431,"NAKHON RATCHASIMA, TH",14.967,102.083,188.0,1962-12-21,0.0,20.9,29.1,14.7
TH000048431,"NAKHON RATCHASIMA, TH",14.967,102.083,188.0,1962-12-22,0.0,22.5,29.7,17.4
TH000048431,"NAKHON RATCHASIMA, TH",14.967,102.083,188.0,1962-12-23,0.0,20.4,27.5,16.2
TH000048431,"NAKHON RATCHASIMA, TH",14.967,102.083,188.0,1962-12-24,0.0,19.4,26.8,12.7
TH000048431,"NAKHON RATCHASIMA, TH",14.967,102.083,188.0,1962-12-25,0.0,20.7,29.0,11.2
TH000048431,"NAKHON RATCHASIMA, TH",14.967,102.083,188.0,1962-12-26,0.0,21.9,31.0,12.6
TH000048431,"NAKHON RATCHASIMA, TH",14.967,102.083,188.0,1962-12-27,0.0,23.3,32.7,13.2
TH000048431,"NAKHON RATCHASIMA, TH",14.967,102.083,188.0,1962-12-28,0.0,24.7,34.5,14.7
TH000048431,"NAKHON RATCHASIMA, TH",14.967,102.083,188.0,1962-12-29,0.0,24.3,33.8,14.6
TH000048431,"NAKHON RATCHASIMA, TH",14.967,102.083,188.0,1962-12-30,12.7,23.0,28.5,16.2
TH000048431,"NAKHON RATCHASIMA, TH",14.967,102.083,188.0,1962-12-31,0.2,19.8,25.4,17.4
TH000048431,"NAKHON RATCHASIMA, TH",14.967,102.083,188.0,1963-01-01,0.0,23.1,29.0,17.2
TH000048431,"NAKHON RATCHASIMA, TH",14.967,102.083,188.0,1963-01-02,0.0,24.1,30.2,18.2
TH000048431,"NAKHON RATCHASIMA, TH",14.967,102.083,188.0,1963-01-03,0.0,23.9,30.8,18.1
TH000048431,"NAKHON RATCHASIMA, TH",14.967,102.083,188.0,1963-01-04,0.0,25.6,33.4,17.8
TH000048431,"NAKHON RATCHASIMA, TH",14.967,102.083,188.0,1963-01-05,0.0,22.2,29.5,19.2
TH000048431,"NAKHON RATCHASIMA, TH",14.967,102.083,188.0,1963-01-06,0.0,21.6,26.0,15.3
TH000048431,"NAKHON RATCHASIMA, TH",14.967,102.083,188.0,1963-01-07,0.0,20.3,25.4,12.5
TH000048431,"NAKHON RATCHASIMA, TH",14.967,102.083,188.0,1963-01-08,0.0,20.0,25.0,10.3
TH000048431,"NAKHON RATCHASIMA, TH",14.967,102.083,188.0,1963-01-09,0.0,19.2,25.7,11.2
TH000048431,"NAKHON RATCHASIMA, TH",14.967,102.083,188.0,1963-01-10,0.0,16.4,26.3,10.1
TH000048431,"NAKHON RATCHASIMA, TH",14.967,102.083,188.0,1963-01-11,0.0,21.6,27.3,11.1
TH000048431,"NAKHON RATCHASIMA, TH",14.967,102.083,188.0,1963-01-12,0.0,16.3,25.7,12.6
TH000048431,"NAKHON RATCHASIMA, TH",14.967,102.083,188.0,1963-01-13,0.0,17.8,25.7,10.6
TH000048431,"NAKHON RATCHASIMA, TH",14.967,102.083,188.0,1963-01-14,0.0,16.0,23.2,11.6
TH000048431,"NAKHON RATCHASIMA, TH",14.967,102.083,188.0,1963-01-15,0.0,14.7,22.3,9.6
TH000048431,"NAKHON RATCHASIMA, TH",14.967,102.083,188.0,1963-01-16,0.0,15.3,24.0,6.9
TH000048431,"NAKHON RATCHASIMA, TH",14.967,102.083,188.0,1963-01-17,0.0,16.0,24.9,6.7
TH000048431,"NAKHON RATCHASIMA, TH",14.967,102.083,188.0,1963-01-18,0.0,16.9,26.6,7.6
TH000048431,"NAKHON RATCHASIMA, TH",14.967,102.083,188.0,1963-01-19,0.0,18.5,28.6,8.3
TH000048431,"NAKHON RATCHASIMA, TH",14.967,102.083,188.0,1963-01-20,0.0,19.7,29.9,9.0
TH000048431,"NAKHON RATCHASIMA, TH",14.967,102.083,188.0,1963-01-21,0.0,20.7,30.4,10.1
TH000048431,"NAKHON RATCHASIMA, TH",14.967,102.083,188.0,1963-01-22,0.0,20.8,28.4,12.1
TH000048431,"NAKHON RATCHASIMA, TH",14.967,102.083,188.0,1963-01-23,0.0,20.8,27.9,14.4
TH000048431,"NAKHON RATCHASIMA, TH",14.967,102.083,188.0,1963-01-24,0.0,20.8,27.8,15.2
TH000048431,"NAKHON RATCHASIMA, TH",14.967,102.083,188.0,1963-01-25,0.0,21.1,26.2,15.0
TH000048431,"NAKHON RATCHASIMA, TH",14.967,102.083,188.0,1963-01-26,0.0,16.2,24.0,13.6
TH000048431,"NAKHON RATCHASIMA, TH",14.967,102.083,188.0,1963-01-27,0.0,16.6,24.5,9.6
TH000048431,"NAKHON RATCHASIMA, TH",14.967,102.083,188.0,1963-01-28,0.0,17.4,26.0,9.2
TH000048431,"NAKHON RATCHASIMA, TH",14.967,102.083,188.0,1963-01-29,0.0,19.1,27.2,9.3
TH000048431,"NAKHON RATCHASIMA, TH",14.967,102.083,188.0,1963-01-30,0.0,21.4,27.3,13.0
TH000048431,"NAKHON RATCHASIMA, TH",14.967,102.083,188.0,1963-01-31,0.0,17.3,27.6,11.6
TH000048431,"NAKHON RATCHASIMA, TH",14.967,102.083,188.0,1963-02-01,0.0,20.6,29.0,12.4
TH000048431,"NAKHON RATCHASIMA, TH",14.967,102.083,188.0,1963-02-02,0.0,21.3,30.0,12.2
TH000048431,"NAKHON RATCHASIMA, TH",14.967,102.083,188.0,1963-02-03,0.0,21.9,30.2,12.8
TH000048431,"NAKHON RATCHASIMA, TH",14.967,102.083,188.0,1963-02-04,0.0,22.3,30.4,15.2
TH000048431,"NAKHON RATCHASIMA, TH",14.967,102.083,188.0,1963-02-05,0.0,22.7,31.2,15.3
TH000048431,"NAKHON RATCHASIMA, TH",14.967,102.083,188.0,1963-02-06,0.0,24.8,32.7,15.3
TH000048431,"NAKHON RATCHASIMA, TH",14.967,102.083,188.0,1963-02-07,0.0,26.1,34.2,16.1
TH000048431,"NAKHON RATCHASIMA, TH",14.967,102.083,188.0,1963-02-08,0.0,26.8,35.4,19.7
TH000048431,"NAKHON RATCHASIMA, TH",14.967,102.083,188.0,1963-02-09,0.0,26.4,33.0,20.9
TH000048431,"NAKHON RATCHASIMA, TH",14.967,102.083,188.0,1963-02-10,0.0,26.3,33.1,20.7
TH000048431,"NAKHON RATCHASIMA, TH",14.967,102.083,188.0,1963-02-11,0.0,25.3,32.2,20.3
TH000048431,"NAKHON RATCHASIMA, TH",14.967,102.083,188.0,1963-02-12,0.0,26.2,31.1,19.8
TH000048431,"NAKHON RATCHASIMA, TH",14.967,102.083,188.0,1963-02-13,0.0,21.8,28.9,20.3
TH000048431,"NAKHON RATCHASIMA, TH",14.967,102.083,188.0,1963-02-14,0.0,24.8,32.5,18.9
TH000048431,"NAKHON RATCHASIMA, TH",14.967,102.083,188.0,1963-02-15,0.0,25.8,33.3,18.4
TH000048431,"NAKHON RATCHASIMA, TH",14.967,102.083,188.0,1963-02-16,0.0,26.3,32.6,17.4
TH000048431,"NAKHON RATCHASIMA, TH",14.967,102.083,188.0,1963-02-17,0.0,21.6,33.0,16.3
TH000048431,"NAKHON RATCHASIMA, TH",14.967,102.083,188.0,1963-02-18,0.0,24.9,33.7,14.5
TH000048431,"NAKHON RATCHASIMA, TH",14.967,102.083,188.0,1963-02-19,0.0,25.0,33.4,15.4
TH000048431,"NAKHON RATCHASIMA, TH",14.967,102.083,188.0,1963-02-20,0.0,26.1,34.3,17.0
TH000048431,"NAKHON RATCHASIMA, TH",14.967,102.083,188.0,1963-02-21,0.0,25.2,31.7,18.2
TH000048431,"NAKHON RATCHASIMA, TH",14.967,102.083,188.0,1963-02-22,0.0,24.7,31.3,19.8
TH000048431,"NAKHON RATCHASIMA, TH",14.967,102.083,188.0,1963-02-23,0.0,23.8,30.8,18.5
TH000048431,"NAKHON RATCHASIMA, TH",14.967,102.083,188.0,1963-02-24,0.0,23.7,31.0,17.7
TH000048431,"NAKHON RATCHASIMA, TH",14.967,102.083,188.0,1963-02-25,0.0,25.6,33.8,16.5
TH000048431,"NAKHON RATCHASIMA, TH",14.967,102.083,188.0,1963-02-26,0.0,24.6,31.7,18.0
TH000048431,"NAKHON RATCHASIMA, TH",14.967,102.083,188.0,1963-02-27,0.0,21.6,27.8,17.8
TH000048431,"NAKHON RATCHASIMA, TH",14.967,102.083,188.0,1963-02-28,0.0,20.8,28.5,15.3
TH000048431,"NAKHON RATCHASIMA, TH",14.967,102.083,188.0,1963-03-01,0.0,21.2,29.9,11.6
TH000048431,"NAKHON RATCHASIMA, TH",14.967,102.083,188.0,1963-03-02,0.0,23.7,33.4,12.9
TH000048431,"NAKHON RATCHASIMA, TH",14.967,102.083,188.0,1963-03-03,0.0,26.1,35.7,14.4
TH000048431,"NAKHON RATCHASIMA, TH",14.967,102.083,188.0,1963-03-04,0.0,27.4,36.6,16.5
TH000048431,"NAKHON RATCHASIMA, TH",14.967,102.083,188.0,1963-03-05,0.0,28.4,36.0,19.1
TH000048431,"NAKHON RATCHASIMA, TH",14.967,102.083,188.0,1963-03-06,0.0,28.3,36.4,21.2
TH000048431,"NAKHON RATCHASIMA, TH",14.967,102.083,188.0,1963-03-07,2.0,27.1,35.4,22.9
TH000048431,"NAKHON RATCHASIMA, TH",14.967,102.083,188.0,1963-03-08,0.0,27.1,33.0,22.1
TH000048431,"NAKHON RATCHASIMA, TH",14.967,102.083,188.0,1963-03-09,1.4,28.6,35.5,21.5
TH000048431,"NAKHON RATCHASIMA, TH",14.967,102.083,188.0,1963-03-10,0.0,26.9,36.5,22.5
TH000048431,"NAKHON RATCHASIMA, TH",14.967,102.083,188.0,1963-03-11,11.0,27.5,37.6,22.0
TH000048431,"NAKHON RATCHASIMA, TH",14.967,102.083,188.0,1963-03-12,3.4,25.7,34.0,22.6
TH000048431,"NAKHON RATCHASIMA, TH",14.967,102.083,188.0,1963-03-13,0.0,27.5,34.4,21.2
TH000048431,"NAKHON RATCHASIMA, TH",14.967,102.083,188.0,1963-03-14,23.7,27.5,34.9,24.0
TH000048431,"NAKHON RATCHASIMA, TH",14.967,102.083,188.0,1963-03-15,0.0,25.9,31.7,22.6
TH000048431,"NAKHON RATCHASIMA, TH",14.967,102.083,188.0,1963-03-16,0.0,25.3,31.0,22.4
TH000048431,"NAKHON RATCHASIMA, TH",14.967,102.083,188.0,1963-03-17,0.0,25.7,32.0,20.5
TH000048431,"NAKHON RATCHASIMA, TH",14.967,102.083,188.0,1963-03-18,0.0,28.3,35.4,20.2
TH000048431,"NAKHON RATCHASIMA, TH",14.967,102.083,188.0,1963-03-19,0.0,29.3,35.8,21.8
TH000048431,"NAKHON RATCHASIMA, TH",14.967,102.083,188.0,1963-03-20,0.6,28.6,34.8,23.8
TH000048431,"NAKHON RATCHASIMA, TH",14.967,102.083,188.0,1963-03-21,0.0,28.2,36.2,21.6
TH000048431,"NAKHON RATCHASIMA, TH",14.967,102.083,188.0,1963-03-22,0.0,29.5,36.5,23.2
TH000048431,"NAKHON RATCHASIMA, TH",14.967,102.083,188.0,1963-03-23,0.0,27.6,35.2,23.6
TH000048431,"NAKHON RATCHASIMA, TH",14.967,102.083,188.0,1963-03-24,0.0,28.7,35.3,23.4
TH000048431,"NAKHON RATCHASIMA, TH",14.967,102.083,188.0,1963-03-25,0.0,29.3,36.5,23.0
TH000048431,"NAKHON RATCHASIMA, TH",14.967,102.083,188.0,1963-03-26,0.0,29.8,35.8,24.0
TH000048431,"NAKHON RATCHASIMA, TH",14.967,102.083,188.0,1963-03-27,0.0,29.6,37.6,25.0
TH000048431,"NAKHON RATCHASIMA, TH",14.967,102.083,188.0,1963-03-28,81.2,28.4,38.2,23.4
TH000048431,"NAKHON RATCHASIMA, TH",14.967,102.083,188.0,1963-03-29,0.0,22.1,28.5,18.3
TH000048431,"NAKHON RATCHASIMA, TH",14.967,102.083,188.0,1963-03-30,0.0,25.7,31.4,19.2
TH000048431,"NAKHON RATCHASIMA, TH",14.967,102.083,188.0,1963-03-31,0.0,27.9,34.7,21.4
TH000048431,"NAKHON RATCHASIMA, TH",14.967,102.083,188.0,1963-04-01,0.0,28.4,35.6,23.0
TH000048431,"NAKHON RATCHASIMA, TH",14.967,102.083,188.0,1963-04-02,0.0,28.4,36.5,23.8
TH000048431,"NAKHON RATCHASIMA, TH",14.967,102.083,188.0,1963-04-03,1.1,25.9,31.9,24.2
TH000048431,"NAKHON RATCHASIMA, TH",14.967,102.083,188.0,1963-04-04,0.0,27.9,35.0,21.4
TH000048431,"NAKHON RATCHASIMA, TH",14.967,102.083,188.0,1963-04-05,0.0,29.0,36.3,23.0
TH000048431,"NAKHON RATCHASIMA, TH",14.967,102.083,188.0,1963-04-06,0.0,30.7,37.7,23.7
TH000048431,"NAKHON RATCHASIMA, TH",14.967,102.083,188.0,1963-04-07,45.5,27.1,37.2,24.5
TH000048431,"NAKHON RATCHASIMA, TH",14.967,102.083,188.0,1963-04-08,40.3,21.7,23.6,21.3
TH000048431,"NAKHON RATCHASIMA, TH",14.967,102.083,188.0,1963-04-09,0.0,21.8,26.6,18.5
TH000048431,"NAKHON RATCHASIMA, TH",14.967,102.083,188.0,1963-04-10,0.0,22.9,28.2,16.9
TH000048431,"NAKHON RATCHASIMA, TH",14.967,102.083,188.0,1963-04-11,0.0,26.2,30.9,19.5
TH000048431,"NAKHON RATCHASIMA, TH",14.967,102.083,188.0,1963-04-12,0.0,28.8,34.2,19.9
TH000048431,"NAKHON RATCHASIMA, TH",14.967,102.083,188.0,1963-04-13,0.2,30.7,35.1,23.2
TH000048431,"NAKHON RATCHASIMA, TH",14.967,102.083,188.0,1963-04-14,4.1,29.4,35.0,24.2
TH000048431,"NAKHON RATCHASIMA, TH",14.967,102.083,188.0,1963-04-15,0.5,27.3,35.0,23.1
TH000048431,"NAKHON RATCHASIMA, TH",14.967,102.083,188.0,1963-04-16,0.0,29.7,35.3,23.5
TH000048431,"NAKHON RATCHASIMA, TH",14.967,102.083,188.0,1963-04-17,0.0,29.2,34.5,22.6
TH000048431,"NAKHON RATCHASIMA, TH",14.967,102.083,188.0,1963-04-18,3.3,27.5,35.8,22.3
TH000048431,"NAKHON RATCHASIMA, TH",14.967,102.083,188.0,1963-04-19,0.0,27.1,36.2,21.0
TH000048431,"NAKHON RATCHASIMA, TH",14.967,102.083,188.0,1963-04-20,0.0,32.0,37.2,22.1
TH000048431,"NAKHON RATCHASIMA, TH",14.967,102.083,188.0,1963-04-21,0.0,28.8,38.5,21.5
TH000048431,"NAKHON RATCHASIMA, TH",14.967,102.083,188.0,1963-04-22,0.0,32.5,38.4,23.2
TH000048431,"NAKHON RATCHASIMA, TH",14.967,102.083,188.0,1963-04-23,0.0,32.4,38.5,22.7
TH000048431,"NAKHON RATCHASIMA, TH",14.967,102.083,188.0,1963-04-24,45.0,26.3,37.0,25.1
TH000048431,"NAKHON RATCHASIMA, TH",14.967,102.083,188.0,1963-04-25,0.0,29.6,36.4,21.9
TH000048431,"NAKHON RATCHASIMA, TH",14.967,102.083,188.0,1963-04-26,0.0,29.6,36.3,23.9
TH000048431,"NAKHON RATCHASIMA, TH",14.967,102.083,188.0,1963-04-27,18.0,27.9,35.5,24.6
TH000048431,"NAKHON RATCHASIMA, TH",14.967,102.083,188.0,1963-04-28,1.0,25.2,27.3,22.6
TH000048431,"NAKHON RATCHASIMA, TH",14.967,102.083,188.0,1963-04-29,0.0,28.5,35.1,22.3
TH000048431,"NAKHON RATCHASIMA, TH",14.967,102.083,188.0,1963-04-30,0.0,28.8,36.0,23.7
TH000048431,"NAKHON RATCHASIMA, TH",14.967,102.083,188.0,1963-05-01,0.0,28.5,36.2,26.3
TH000048431,"NAKHON RATCHASIMA, TH",14.967,102.083,188.0,1963-05-02,0.0,29.8,36.7,29.2
TH000048431,"NAKHON RATCHASIMA, TH",14.967,102.083,188.0,1963-05-03,50.4,26.6,35.2,28.4
TH000048431,"NAKHON RATCHASIMA, TH",14.967,102.083,188.0,1963-05-04,0.2,26.8,31.3,25.1
TH000048431,"NAKHON RATCHASIMA, TH",14.967,102.083,188.0,1963-05-05,0.0,27.7,34.3,29.3
TH000048431,"NAKHON RATCHASIMA, TH",14.967,102.083,188.0,1963-05-06,0.0,28.4,34.1,27.2
TH000048431,"NAKHON RATCHASIMA, TH",14.967,102.083,188.0,1963-05-07,0.0,28.9,35.7,20.3
TH000048431,"NAKHON RATCHASIMA, TH",14.967,102.083,188.0,1963-05-08,0.0,29.4,36.2,20.3
TH000048431,"NAKHON RATCHASIMA, TH",14.967,102.083,188.0,1963-05-09,0.0,30.0,36.7,25.3
TH000048431,"NAKHON RATCHASIMA, TH",14.967,102.083,188.0,1963-05-10,0.0,29.7,36.5,21.4
TH000048431,"NAKHON RATCHASIMA, TH",14.967,102.083,188.0,1963-05-11,0.0,29.7,36.8,23.4
TH000048431,"NAKHON RATCHASIMA, TH",14.967,102.083,188.0,1963-05-12,0.0,30.2,37.4,24.4
TH000048431,"NAKHON RATCHASIMA, TH",14.967,102.083,188.0,1963-05-13,0.0,30.9,37.2,25.4
TH000048431,"NAKHON RATCHASIMA, TH",14.967,102.083,188.0,1963-05-14,0.0,31.1,38.0,27.3
TH000048431,"NAKHON RATCHASIMA, TH",14.967,102.083,188.0,1963-05-15,0.0,31.8,39.5,26.3
TH000048431,"NAKHON RATCHASIMA, TH",14.967,102.083,188.0,1963-05-16,0.0,30.8,38.9,28.4
TH000048431,"NAKHON RATCHASIMA, TH",14.967,102.083,188.0,1963-05-17,0.4,28.7,37.8,25.5
TH000048431,"NAKHON RATCHASIMA, TH",14.967,102.083,188.0,1963-05-18,0.0,28.2,36.0,20.3
TH000048431,"NAKHON RATCHASIMA, TH",14.967,102.083,188.0,1963-05-19,18.2,27.4,37.7,28.3
TH000048431,"NAKHON RATCHASIMA, TH",14.967,102.083,188.0,1963-05-20,0.6,27.8,31.6,29.2
TH000048431,"NAKHON RATCHASIMA, TH",14.967,102.083,188.0,1963-05-21,0.5,28.3,34.5,28.3
TH000048431,"NAKHON RATCHASIMA, TH",14.967,102.083,188.0,1963-05-22,0.0,26.6,34.5,27.3
TH000048431,"NAKHON RATCHASIMA, TH",14.967,102.083,188.0,1963-05-23,0.0,27.8,34.6,24.4
TH000048431,"NAKHON RATCHASIMA, TH",14.967,102.083,188.0,1963-05-24,1.9,28.2,34.9,22.4
TH000048431,"NAKHON RATCHASIMA, TH",14.967,102.083,188.0,1963-05-25,0.3,26.8,33.0,29.3
TH000048431,"NAKHON RATCHASIMA, TH",14.967,102.083,188.0,1963-05-26,0.0,28.4,35.6,20.3
TH000048431,"NAKHON RATCHASIMA, TH",14.967,102.083,188.0,1963-05-27,10.8,27.8,34.0,25.4
TH000048431,"NAKHON RATCHASIMA, TH",14.967,102.083,188.0,1963-05-28,6.3,26.3,32.7,22.4
TH000048431,"NAKHON RATCHASIMA, TH",14.967,102.083,188.0,1963-05-29,0.0,27.9,34.5,28.2
TH000048431,"NAKHON RATCHASIMA, TH",14.967,102.083,188.0,1963-05-30,0.0,29.2,35.5,27.3
TH000048431,"NAKHON RATCHASIMA, TH",14.967,102.083,188.0,1963-05-31,16.1,28.2,35.0,29.3
TH000048431,"NAKHON RATCHASIMA, TH",14.967,102.083,188.0,1963-06-01,0.0,27.7,34.2,23.6
TH000048431,"NAKHON RATCHASIMA, TH",14.967,102.083,188.0,1963-06-02,0.7,28.6,33.5,23.9
TH000048431,"NAKHON RATCHASIMA, TH",14.967,102.083,188.0,1963-06-03,2.1,26.5,31.7,23.8
TH000048431,"NAKHON RATCHASIMA, TH",14.967,102.083,188.0,1963-06-04,7.8,26.3,30.0,24.0
TH000048431,"NAKHON RATCHASIMA, TH",14.967,102.083,188.0,1963-06-05,0.0,27.1,30.4,24.3
TH000048431,"NAKHON RATCHASIMA, TH",14.967,102.083,188.0,1963-06-06,0.0,29.1,35.0,23.5
TH000048431,"NAKHON RATCHASIMA, TH",14.967,102.083,188.0,1963-06-07,0.0,31.1,35.1,24.0
TH000048431,"NAKHON RATCHASIMA, TH",14.967,102.083,188.0,1963-06-08,4.3,26.1,34.1,24.1
TH000048431,"NAKHON RATCHASIMA, TH",14.967,102.083,188.0,1963-06-09,0.3,26.2,30.8,22.3
TH000048431,"NAKHON RATCHASIMA, TH",14.967,102.083,188.0,1963-06-10,37.4,27.7,32.7,23.6
TH000048431,"NAKHON RATCHASIMA, TH",14.967,102.083,188.0,1963-06-11,20.2,24.7,30.0,22.0
TH000048431,"NAKHON RATCHASIMA, TH",14.967,102.083,188.0,1963-06-12,0.0,28.6,32.5,22.6
TH000048431,"NAKHON RATCHASIMA, TH",14.967,102.083,188.0,1963-06-13,0.0,28.8,33.9,23.5
TH000048431,"NAKHON RATCHASIMA, TH",14.967,102.083,188.0,1963-06-14,0.0,28.8,32.8,24.4
TH000048431,"NAKHON RATCHASIMA, TH",14.967,102.083,188.0,1963-06-15,7.3,26.3,33.0,23.7
TH000048431,"NAKHON RATCHASIMA, TH",14.967,102.083,188.0,1963-06-16,0.6,27.2,32.5,22.4
TH000048431,"NAKHON RATCHASIMA, TH",14.967,102.083,188.0,1963-06-17,0.0,28.4,33.0,24.5
TH000048431,"NAKHON RATCHASIMA, TH",14.967,102.083,188.0,1963-06-18,0.0,27.9,32.5,24.4
TH000048431,"NAKHON RATCHASIMA, TH",14.967,102.083,188.0,1963-06-19,0.0,29.3,34.6,25.0
TH000048431,"NAKHON RATCHASIMA, TH",14.967,102.083,188.0,1963-06-20,2.1,28.4,34.2,24.5
TH000048431,"NAKHON RATCHASIMA, TH",14.967,102.083,188.0,1963-06-21,0.0,27.6,32.3,23.3
TH000048431,"NAKHON RATCHASIMA, TH",14.967,102.083,188.0,1963-06-22,1.2,27.7,33.5,24.5
TH000048431,"NAKHON RATCHASIMA, TH",14.967,102.083,188.0,1963-06-23,0.0,28.2,34.6,22.1
TH000048431,"NAKHON RATCHASIMA, TH",14.967,102.083,188.0,1963-06-24,0.0,26.9,34.0,24.3
TH000048431,"NAKHON RATCHASIMA, TH",14.967,102.083,188.0,1963-06-25,3.5,26.9,32.1,23.8
TH000048431,"NAKHON RATCHASIMA, TH",14.967,102.083,188.0,1963-06-26,0.4,28.3,34.8,23.8
TH000048431,"NAKHON RATCHASIMA, TH",14.967,102.083,188.0,1963-06-27,0.0,26.6,33.2,23.9
TH000048431,"NAKHON RATCHASIMA, TH",14.967,102.083,188.0,1963-06-28,8.0,28.3,34.9,24.5
TH000048431,"NAKHON RATCHASIMA, TH",14.967,102.083,188.0,1963-06-29,0.0,28.4,34.4,23.6
TH000048431,"NAKHON RATCHASIMA, TH",14.967,102.083,188.0,1963-06-30,0.4,27.2,34.0,23.9
TH000048431,"NAKHON RATCHASIMA, TH",14.967,102.083,188.0,1963-07-01,0.0,27.7,31.9,23.0
TH000048431,"NAKHON RATCHASIMA, TH",14.967,102.083,188.0,1963-07-02,0.8,27.9,34.7,25.0
TH000048431,"NAKHON RATCHASIMA, TH",14.967,102.083,188.0,1963-07-03,0.0,27.5,31.2,23.3
TH000048431,"NAKHON RATCHASIMA, TH",14.967,102.083,188.0,1963-07-04,1.7,26.8,31.2,24.2
TH000048431,"NAKHON RATCHASIMA, TH",14.967,102.083,188.0,1963-07-05,21.0,24.6,28.0,23.2
TH000048431,"NAKHON RATCHASIMA, TH",14.967,102.083,188.0,1963-07-06,6.7,25.0,29.4,22.6
TH000048431,"NAKHON RATCHASIMA, TH",14.967,102.083,188.0,1963-07-07,0.0,26.8,31.3,23.5
TH000048431,"NAKHON RATCHASIMA, TH",14.967,102.083,188.0,1963-07-08,0.0,27.6,33.0,24.0
TH000048431,"NAKHON RATCHASIMA, TH",14.967,102.083,188.0,1963-07-09,0.0,28.0,34.0,22.3
TH000048431,"NAKHON RATCHASIMA, TH",14.967,102.083,188.0,1963-07-10,0.8,28.8,34.1,23.2
TH000048431,"NAKHON RATCHASIMA, TH",14.967,102.083,188.0,1963-07-11,0.0,28.6,34.0,23.4
TH000048431,"NAKHON RATCHASIMA, TH",14.967,102.083,188.0,1963-07-12,0.6,27.1,31.8,23.3
TH000048431,"NAKHON RATCHASIMA, TH",14.967,102.083,188.0,1963-07-13,0.0,27.6,33.0,22.5
TH000048431,"NAKHON RATCHASIMA, TH",14.967,102.083,188.0,1963-07-14,31.1,26.9,35.3,22.4
TH000048431,"NAKHON RATCHASIMA, TH",14.967,102.083,188.0,1963-07-15,3.3,25.8,31.8,22.6
TH000048431,"NAKHON RATCHASIMA, TH",14.967,102.083,188.0,1963-07-16,0.0,26.7,31.3,22.4
TH000048431,"NAKHON RATCHASIMA, TH",14.967,102.083,188.0,1963-07-17,2.0,26.1,32.3,23.0
TH000048431,"NAKHON RATCHASIMA, TH",14.967,102.083,188.0,1963-07-18,0.0,27.6,33.2,22.4
TH000048431,"NAKHON RATCHASIMA, TH",14.967,102.083,188.0,1963-07-19,1.0,26.8,30.5,22.6
TH000048431,"NAKHON RATCHASIMA, TH",14.967,102.083,188.0,1963-07-20,0.0,27.8,33.2,23.6
TH000048431,"NAKHON RATCHASIMA, TH",14.967,102.083,188.0,1963-07-21,1.5,26.9,32.8,22.5
TH000048431,"NAKHON RATCHASIMA, TH",14.967,102.083,188.0,1963-07-22,7.8,26.7,31.6,23.2
TH000048431,"NAKHON RATCHASIMA, TH",14.967,102.083,188.0,1963-07-23,11.3,25.2,31.0,22.7
TH000048431,"NAKHON RATCHASIMA, TH",14.967,102.083,188.0,1963-07-24,0.4,26.6,32.5,23.3
TH000048431,"NAKHON RATCHASIMA, TH",14.967,102.083,188.0,1963-07-25,2.0,25.5,28.5,23.0
TH000048431,"NAKHON RATCHASIMA, TH",14.967,102.083,188.0,1963-07-26,6.0,24.7,26.6,22.7
TH000048431,"NAKHON RATCHASIMA, TH",14.967,102.083,188.0,1963-07-27,1.6,25.1,30.8,23.0
TH000048431,"NAKHON RATCHASIMA, TH",14.967,102.083,188.0,1963-07-28,0.0,27.6,32.3,24.2
TH000048431,"NAKHON RATCHASIMA, TH",14.967,102.083,188.0,1963-07-29,0.0,29.9,33.1,22.5
TH000048431,"NAKHON RATCHASIMA, TH",14.967,102.083,188.0,1963-07-30,14.4,26.9,35.1,23.5
TH000048431,"NAKHON RATCHASIMA, TH",14.967,102.083,188.0,1963-07-31,4.1,26.9,32.8,22.3
TH000048431,"NAKHON RATCHASIMA, TH",14.967,102.083,188.0,1963-08-01,0.8,26.7,32.0,23.0
TH000048431,"NAKHON RATCHASIMA, TH",14.967,102.083,188.0,1963-08-02,8.4,26.0,31.7,23.4
TH000048431,"NAKHON RATCHASIMA, TH",14.967,102.083,188.0,1963-08-03,33.6,25.7,30.3,22.2
TH000048431,"NAKHON RATCHASIMA, TH",14.967,102.083,188.0,1963-08-04,0.0,25.4,30.7,22.2
TH000048431,"NAKHON RATCHASIMA, TH",14.967,102.083,188.0,1963-08-05,6.3,26.2,32.0,23.4
TH000048431,"NAKHON RATCHASIMA, TH",14.967,102.083,188.0,1963-08-06,13.2,26.4,28.8,22.2
TH000048431,"NAKHON RATCHASIMA, TH",14.967,102.083,188.0,1963-08-07,0.0,26.1,31.8,22.1
TH000048431,"NAKHON RATCHASIMA, TH",14.967,102.083,188.0,1963-08-08,0.5,27.5,31.4,23.8
TH000048431,"NAKHON RATCHASIMA, TH",14.967,102.083,188.0,1963-08-09,9.3,26.5,31.2,23.8
TH000048431,"NAKHON RATCHASIMA, TH",14.967,102.083,188.0,1963-08-10,0.0,25.8,31.4,22.1
TH000048431,"NAKHON RATCHASIMA, TH",14.967,102.083,188.0,1963-08-11,0.0,26.6,30.5,23.5
TH000048431,"NAKHON RATCHASIMA, TH",14.967,102.083,188.0,1963-08-12,0.0,27.4,32.5,23.6
TH000048431,"NAKHON RATCHASIMA, TH",14.967,102.083,188.0,1963-08-13,0.0,27.8,33.0,23.9
TH000048431,"NAKHON RATCHASIMA, TH",14.967,102.083,188.0,1963-08-14,3.3,27.8,32.6,22.8
TH000048431,"NAKHON RATCHASIMA, TH",14.967,102.083,188.0,1963-08-15,0.0,27.6,33.1,22.9
TH000048431,"NAKHON RATCHASIMA, TH",14.967,102.083,188.0,1963-08-16,0.0,28.4,34.3,23.0
TH000048431,"NAKHON RATCHASIMA, TH",14.967,102.083,188.0,1963-08-17,0.2,28.6,34.1,24.4
TH000048431,"NAKHON RATCHASIMA, TH",14.967,102.083,188.0,1963-08-18,4.9,28.2,33.7,24.1
TH000048431,"NAKHON RATCHASIMA, TH",14.967,102.083,188.0,1963-08-19,9.3,27.6,33.1,24.4
TH000048431,"NAKHON RATCHASIMA, TH",14.967,102.083,188.0,1963-08-20,22.2,27.8,33.3,23.2
TH000048431,"NAKHON RATCHASIMA, TH",14.967,102.083,188.0,1963-08-21,13.2,27.2,34.1,23.4
TH000048431,"NAKHON RATCHASIMA, TH",14.967,102.083,188.0,1963-08-22,9.5,27.2,33.2,22.9
TH000048431,"NAKHON RATCHASIMA, TH",14.967,102.083,188.0,1963-08-23,26.7,25.5,31.1,23.9
TH000048431,"NAKHON RATCHASIMA, TH",14.967,102.083,188.0,1963-08-24,6.0,26.5,30.5,21.8
TH000048431,"NAKHON RATCHASIMA, TH",14.967,102.083,188.0,1963-08-25,0.0,26.7,31.5,24.0
TH000048431,"NAKHON RATCHASIMA, TH",14.967,102.083,188.0,1963-08-26,1.9,27.6,32.0,22.5
TH000048431,"NAKHON RATCHASIMA, TH",14.967,102.083,188.0,1963-08-27,0.4,26.6,32.1,23.3
TH000048431,"NAKHON RATCHASIMA, TH",14.967,102.083,188.0,1963-08-28,9.8,26.7,32.2,23.1
TH000048431,"NAKHON RATCHASIMA, TH",14.967,102.083,188.0,1963-08-29,0.0,26.6,31.5,23.5
TH000048431,"NAKHON RATCHASIMA, TH",14.967,102.083,188.0,1963-08-30,0.0,27.8,33.6,23.0
TH000048431,"NAKHON RATCHASIMA, TH",14.967,102.083,188.0,1963-08-31,1.5,29.0,33.2,23.9
TH000048431,"NAKHON RATCHASIMA, TH",14.967,102.083,188.0,1963-09-01,15.6,,33.0,23.3
TH000048431,"NAKHON RATCHASIMA, TH",14.967,102.083,188.0,1963-09-02,37.2,,32.7,20.4
TH000048431,"NAKHON RATCHASIMA, TH",14.967,102.083,188.0,1963-09-03,0.2,,33.3,22.2
TH000048431,"NAKHON RATCHASIMA, TH",14.967,102.083,188.0,1963-09-04,17.1,26.2,32.1,20.5
TH000048431,"NAKHON RATCHASIMA, TH",14.967,102.083,188.0,1963-09-05,14.7,,27.0,23.3
TH000048431,"NAKHON RATCHASIMA, TH",14.967,102.083,188.0,1963-09-06,11.4,,31.7,24.3
TH000048431,"NAKHON RATCHASIMA, TH",14.967,102.083,188.0,1963-09-07,3.7,,31.5,29.3
TH000048431,"NAKHON RATCHASIMA, TH",14.967,102.083,188.0,1963-09-08,0.0,,32.2,24.3
TH000048431,"NAKHON RATCHASIMA, TH",14.967,102.083,188.0,1963-09-09,55.2,,30.0,29.3
TH000048431,"NAKHON RATCHASIMA, TH",14.967,102.083,188.0,1963-09-10,0.2,,29.2,29.2
TH000048431,"NAKHON RATCHASIMA, TH",14.967,102.083,188.0,1963-09-11,0.1,,31.5,24.3
TH000048431,"NAKHON RATCHASIMA, TH",14.967,102.083,188.0,1963-09-12,0.0,,31.7,27.3
TH000048431,"NAKHON RATCHASIMA, TH",14.967,102.083,188.0,1963-09-13,0.0,28.2,32.3,21.3
TH000048431,"NAKHON RATCHASIMA, TH",14.967,102.083,188.0,1963-09-14,0.0,28.7,32.5,23.4
TH000048431,"NAKHON RATCHASIMA, TH",14.967,102.083,188.0,1963-09-15,0.0,28.7,31.4,23.3
TH000048431,"NAKHON RATCHASIMA, TH",14.967,102.083,188.0,1963-09-16,0.0,,33.8,27.3
TH000048431,"NAKHON RATCHASIMA, TH",14.967,102.083,188.0,1963-09-17,0.0,26.7,33.7,23.3
TH000048431,"NAKHON RATCHASIMA, TH",14.967,102.083,188.0,1963-09-18,0.0,28.9,33.0,24.4
TH000048431,"NAKHON RATCHASIMA, TH",14.967,102.083,188.0,1963-09-19,0.2,27.8,33.6,24.3
TH000048431,"NAKHON RATCHASIMA, TH",14.967,102.083,188.0,1963-09-20,4.2,29.6,32.6,22.3
TH000048431,"NAKHON RATCHASIMA, TH",14.967,102.083,188.0,1963-09-21,0.0,27.8,32.8,27.2
TH000048431,"NAKHON RATCHASIMA, TH",14.967,102.083,188.0,1963-09-22,1.5,29.4,33.3,22.2
TH000048431,"NAKHON RATCHASIMA, TH",14.967,102.083,188.0,1963-09-23,31.3,,29.1,26.2
TH000048431,"NAKHON RATCHASIMA, TH",14.967,102.083,188.0,1963-09-24,2.0,,27.5,26.2
TH000048431,"NAKHON RATCHASIMA, TH",14.967,102.083,188.0,1963-09-25,28.8,25.0,29.5,27.2
TH000048431,"NAKHON RATCHASIMA, TH",14.967,102.083,188.0,1963-09-26,0.9,24.2,28.2,22.2
TH000048431,"NAKHON RATCHASIMA, TH",14.967,102.083,188.0,1963-09-27,0.7,,29.6,24.2
TH000048431,"NAKHON RATCHASIMA, TH",14.967,102.083,188.0,1963-09-28,14.5,,29.9,25.3
TH000048431,"NAKHON RATCHASIMA, TH",14.967,102.083,188.0,1963-09-29,21.5,,30.9,28.2
TH000048431,"NAKHON RATCHASIMA, TH",14.967,102.083,188.0,1963-09-30,2.8,26.2,30.4,24.3
TH000048431,"NAKHON RATCHASIMA, TH",14.967,102.083,188.0,1963-10-01,11.0,26.3,30.0,23.4
TH000048431,"NAKHON RATCHASIMA, TH",14.967,102.083,188.0,1963-10-02,4.1,26.3,29.9,23.8
TH000048431,"NAKHON RATCHASIMA, TH",14.967,102.083,188.0,1963-10-03,2.8,,31.1,22.6
TH000048431,"NAKHON RATCHASIMA, TH",14.967,102.083,188.0,1963-10-04,65.7,27.9,31.4,23.2
TH000048431,"NAKHON RATCHASIMA, TH",14.967,102.083,188.0,1963-10-05,0.2,,29.0,22.3
TH000048431,"NAKHON RATCHASIMA, TH",14.967,102.083,188.0,1963-10-06,1.6,26.1,30.2,23.2
TH000048431,"NAKHON RATCHASIMA, TH",14.967,102.083,188.0,1963-10-07,28.3,24.9,29.4,22.3
TH000048431,"NAKHON RATCHASIMA, TH",14.967,102.083,188.0,1963-10-08,1.1,27.8,31.7,22.6
TH000048431,"NAKHON RATCHASIMA, TH",14.967,102.083,188.0,1963-10-09,0.0,30.0,31.7,24.2
TH000048431,"NAKHON RATCHASIMA, TH",14.967,102.083,188.0,1963-10-10,0.0,28.8,33.7,24.7
TH000048431,"NAKHON RATCHASIMA, TH",14.967,102.083,188.0,1963-10-11,12.2,26.2,32.8,23.0
TH000048431,"NAKHON RATCHASIMA, TH",14.967,102.083,188.0,1963-10-12,3.1,29.0,33.4,22.5
TH000048431,"NAKHON RATCHASIMA, TH",14.967,102.083,188.0,1963-10-13,0.1,28.1,32.2,20.4
TH000048431,"NAKHON RATCHASIMA, TH",14.967,102.083,188.0,1963-10-14,0.3,28.3,32.0,23.5
TH000048431,"NAKHON RATCHASIMA, TH",14.967,102.083,188.0,1963-10-15,0.0,29.0,31.6,23.9
TH000048431,"NAKHON RATCHASIMA, TH",14.967,102.083,188.0,1963-10-16,1.5,29.4,32.7,23.5
TH000048431,"NAKHON RATCHASIMA, TH",14.967,102.083,188.0,1963-10-17,0.2,27.1,31.0,23.5
TH000048431,"NAKHON RATCHASIMA, TH",14.967,102.083,188.0,1963-10-18,0.0,26.0,29.9,22.9
TH000048431,"NAKHON RATCHASIMA, TH",14.967,102.083,188.0,1963-10-19,0.1,27.8,29.6,22.2
TH000048431,"NAKHON RATCHASIMA, TH",14.967,102.083,188.0,1963-10-20,0.0,25.2,29.1,23.2
TH000048431,"NAKHON RATCHASIMA, TH",14.967,102.083,188.0,1963-10-21,0.0,25.4,28.7,20.9
TH000048431,"NAKHON RATCHASIMA, TH",14.967,102.083,188.0,1963-10-22,0.0,25.4,28.9,20.8
TH000048431,"NAKHON RATCHASIMA, TH",14.967,102.083,188.0,1963-10-23,0.0,25.7,29.7,20.2
TH000048431,"NAKHON RATCHASIMA, TH",14.967,102.083,188.0,1963-10-24,0.0,26.6,30.9,23.6
TH000048431,"NAKHON RATCHASIMA, TH",14.967,102.083,188.0,1963-10-25,29.5,27.1,31.4,22.3
TH000048431,"NAKHON RATCHASIMA, TH",14.967,102.083,188.0,1963-10-26,19.4,25.7,30.0,22.6
TH000048431,"NAKHON RATCHASIMA, TH",14.967,102.083,188.0,1963-10-27,3.1,24.6,26.0,22.5
TH000048431,"NAKHON RATCHASIMA, TH",14.967,102.083,188.0,1963-10-28,0.0,26.3,30.2,23.2
TH000048431,"NAKHON RATCHASIMA, TH",14.967,102.083,188.0,1963-10-29,35.3,27.5,31.4,23.4
TH000048431,"NAKHON RATCHASIMA, TH",14.967,102.083,188.0,1963-10-30,0.0,25.8,28.3,23.1
TH000048431,"NAKHON RATCHASIMA, TH",14.967,102.083,188.0,1963-10-31,0.0,27.1,30.5,23.3
TH000048431,"NAKHON RATCHASIMA, TH",14.967,102.083,188.0,1963-11-01,14.4,27.8,30.5,23.5
TH000048431,"NAKHON RATCHASIMA, TH",14.967,102.083,188.0,1963-11-02,0.0,26.1,29.4,22.3
TH000048431,"NAKHON RATCHASIMA, TH",14.967,102.083,188.0,1963-11-03,37.1,25.7,30.7,23.0
TH000048431,"NAKHON RATCHASIMA, TH",14.967,102.083,188.0,1963-11-04,6.5,24.6,28.5,21.8
TH000048431,"NAKHON RATCHASIMA, TH",14.967,102.083,188.0,1963-11-05,6.1,25.7,29.4,22.4
TH000048431,"NAKHON RATCHASIMA, TH",14.967,102.083,188.0,1963-11-06,1.8,26.1,29.0,22.3
TH000048431,"NAKHON RATCHASIMA, TH",14.967,102.083,188.0,1963-11-07,0.4,26.7,30.5,22.3
TH000048431,"NAKHON RATCHASIMA, TH",14.967,102.083,188.0,1963-11-08,24.8,24.2,30.2,22.5
TH000048431,"NAKHON RATCHASIMA, TH",14.967,102.083,188.0,1963-11-09,0.0,25.0,28.4,21.8
TH000048431,"NAKHON RATCHASIMA, TH",14.967,102.083,188.0,1963-11-10,0.0,26.7,30.3,22.4
TH000048431,"NAKHON RATCHASIMA, TH",14.967,102.083,188.0,1963-11-11,0.0,26.0,30.3,23.3
TH000048431,"NAKHON RATCHASIMA, TH",14.967,102.083,188.0,1963-11-12,0.0,26.9,31.2,22.9
TH000048431,"NAKHON RATCHASIMA, TH",14.967,102.083,188.0,1963-11-13,0.0,28.0,32.4,22.4
TH000048431,"NAKHON RATCHASIMA, TH",14.967,102.083,188.0,1963-11-14,0.5,28.9,32.5,22.4
TH000048431,"NAKHON RATCHASIMA, TH",14.967,102.083,188.0,1963-11-15,0.0,26.8,30.9,22.4
TH000048431,"NAKHON RATCHASIMA, TH",14.967,102.083,188.0,1963-11-16,0.0,27.0,31.5,22.2
TH000048431,"NAKHON RATCHASIMA, TH",14.967,102.083,188.0,1963-11-17,0.0,26.3,31.3,22.0
TH000048431,"NAKHON RATCHASIMA, TH",14.967,102.083,188.0,1963-11-18,0.0,26.8,31.5,21.2
TH000048431,"NAKHON RATCHASIMA, TH",14.967,102.083,188.0,1963-11-19,0.0,30.1,32.5,21.7
TH000048431,"NAKHON RATCHASIMA, TH",14.967,102.083,188.0,1963-11-20,0.0,28.7,31.7,21.2
TH000048431,"NAKHON RATCHASIMA, TH",14.967,102.083,188.0,1963-11-21,0.0,26.4,31.3,20.4
TH000048431,"NAKHON RATCHASIMA, TH",14.967,102.083,188.0,1963-11-22,0.0,26.5,31.0,19.4
TH000048431,"NAKHON RATCHASIMA, TH",14.967,102.083,188.0,1963-11-23,0.0,25.6,31.1,19.3
TH000048431,"NAKHON RATCHASIMA, TH",14.967,102.083,188.0,1963-11-24,0.0,26.7,31.8,18.7
TH000048431,"NAKHON RATCHASIMA, TH",14.967,102.083,188.0,1963-11-25,0.0,26.4,32.2,20.6
TH000048431,"NAKHON RATCHASIMA, TH",14.967,102.083,188.0,1963-11-26,0.0,25.6,30.0,21.1
TH000048431,"NAKHON RATCHASIMA, TH",14.967,102.083,188.0,1963-11-27,0.0,25.2,29.2,20.7
TH000048431,"NAKHON RATCHASIMA, TH",14.967,102.083,188.0,1963-11-28,0.0,23.8,27.2,18.4
TH000048431,"NAKHON RATCHASIMA, TH",14.967,102.083,188.0,1963-11-29,0.0,25.4,29.5,19.3
TH000048431,"NAKHON RATCHASIMA, TH",14.967,102.083,188.0,1963-11-30,0.0,27.8,30.3,21.4
TH000048431,"NAKHON RATCHASIMA, TH",14.967,102.083,188.0,1963-12-01,0.0,27.5,30.1,21.1
TH000048431,"NAKHON RATCHASIMA, TH",14.967,102.083,188.0,1963-12-02,0.0,25.3,29.4,21.5
TH000048431,"NAKHON RATCHASIMA, TH",14.967,102.083,188.0,1963-12-03,0.0,28.1,30.8,20.2
TH000048431,"NAKHON RATCHASIMA, TH",14.967,102.083,188.0,1963-12-04,0.0,23.3,27.2,18.3
TH000048431,"NAKHON RATCHASIMA, TH",14.967,102.083,188.0,1963-12-05,0.0,22.6,27.5,17.8
TH000048431,"NAKHON RATCHASIMA, TH",14.967,102.083,188.0,1963-12-06,0.0,24.9,30.4,16.6
TH000048431,"NAKHON RATCHASIMA, TH",14.967,102.083,188.0,1963-12-07,0.0,25.4,30.8,17.9
TH000048431,"NAKHON RATCHASIMA, TH",14.967,102.083,188.0,1963-12-08,0.0,,32.4,19.4
TH000048431,"NAKHON RATCHASIMA, TH",14.967,102.083,188.0,1963-12-09,0.0,,31.8,21.4
TH000048431,"NAKHON RATCHASIMA, TH",14.967,102.083,188.0,1963-12-10,0.0,25.8,30.8,19.9
TH000048431,"NAKHON RATCHASIMA, TH",14.967,102.083,188.0,1963-12-11,0.0,24.7,28.2,19.2
TH000048431,"NAKHON RATCHASIMA, TH",14.967,102.083,188.0,1963-12-12,0.0,21.4,25.5,15.7
TH000048431,"NAKHON RATCHASIMA, TH",14.967,102.083,188.0,1963-12-13,0.0,22.1,27.3,15.6
TH000048431,"NAKHON RATCHASIMA, TH",14.967,102.083,188.0,1963-12-14,0.0,26.0,30.2,14.9
TH000048431,"NAKHON RATCHASIMA, TH",14.967,102.083,188.0,1963-12-15,0.0,25.2,31.4,17.1
TH000048431,"NAKHON RATCHASIMA, TH",14.967,102.083,188.0,1963-12-16,0.0,26.9,30.7,17.6
TH000048431,"NAKHON RATCHASIMA, TH",14.967,102.083,188.0,1963-12-17,0.0,23.1,30.3,17.1
TH000048431,"NAKHON RATCHASIMA, TH",14.967,102.083,188.0,1963-12-18,0.0,23.4,28.3,14.5
TH000048431,"NAKHON RATCHASIMA, TH",14.967,102.083,188.0,1963-12-19,0.0,22.2,27.3,16.6
TH000048431,"NAKHON RATCHASIMA, TH",14.967,102.083,188.0,1963-12-20,0.0,20.6,26.0,13.4
TH000048431,"NAKHON RATCHASIMA, TH",14.967,102.083,188.0,1963-12-21,0.0,,25.5,15.3
TH000048431,"NAKHON RATCHASIMA, TH",14.967,102.083,188.0,1963-12-22,0.0,,25.8,11.7
TH000048431,"NAKHON RATCHASIMA, TH",14.967,102.083,188.0,1963-12-23,0.0,,28.4,12.6
TH000048431,"NAKHON RATCHASIMA, TH",14.967,102.083,188.0,1963-12-24,0.0,,29.5,13.5
TH000048431,"NAKHON RATCHASIMA, TH",14.967,102.083,188.0,1963-12-25,0.0,24.6,30.7,15.1
TH000048431,"NAKHON RATCHASIMA, TH",14.967,102.083,188.0,1963-12-26,0.0,25.0,30.0,15.2
TH000048431,"NAKHON RATCHASIMA, TH",14.967,102.083,188.0,1963-12-27,0.0,23.3,28.4,19.0
TH000048431,"NAKHON RATCHASIMA, TH",14.967,102.083,188.0,1963-12-28,0.0,,27.3,16.0
TH000048431,"NAKHON RATCHASIMA, TH",14.967,102.083,188.0,1963-12-29,0.0,,28.5,13.9
TH000048431,"NAKHON RATCHASIMA, TH",14.967,102.083,188.0,1963-12-30,0.0,21.3,30.8,14.7
TH000048431,"NAKHON RATCHASIMA, TH",14.967,102.083,188.0,1963-12-31,0.0,26.1,31.7,16.0
TH000048431,"NAKHON RATCHASIMA, TH",14.967,102.083,188.0,1964-01-01,0.0,,33.0,18.4
TH000048431,"NAKHON RATCHASIMA, TH",14.967,102.083,188.0,1964-01-02,0.0,28.8,33.5,20.0
TH000048431,"NAKHON RATCHASIMA, TH",14.967,102.083,188.0,1964-01-03,0.0,28.3,31.3,21.2
TH000048431,"NAKHON RATCHASIMA, TH",14.967,102.083,188.0,1964-01-04,0.0,25.8,29.9,19.2
TH000048431,"NAKHON RATCHASIMA, TH",14.967,102.083,188.0,1964-01-05,0.0,23.8,30.5,19.1
TH000048431,"NAKHON RATCHASIMA, TH",14.967,102.083,188.0,1964-01-06,0.0,23.8,31.2,16.7
TH000048431,"NAKHON RATCHASIMA, TH",14.967,102.083,188.0,1964-01-07,0.0,25.8,31.7,16.8
TH000048431,"NAKHON RATCHASIMA, TH",14.967,102.083,188.0,1964-01-08,0.0,25.3,32.5,16.4
TH000048431,"NAKHON RATCHASIMA, TH",14.967,102.083,188.0,1964-01-09,0.0,,32.1,15.3
TH000048431,"NAKHON RATCHASIMA, TH",14.967,102.083,188.0,1964-01-10,0.0,24.0,32.0,14.9
TH000048431,"NAKHON RATCHASIMA, TH",14.967,102.083,188.0,1964-01-11,0.0,,31.7,10.0
TH000048431,"NAKHON RATCHASIMA, TH",14.967,102.083,188.0,1964-01-12,0.0,26.3,32.5,16.3
TH000048431,"NAKHON RATCHASIMA, TH",14.967,102.083,188.0,1964-01-13,0.0,27.6,34.2,17.2
TH000048431,"NAKHON RATCHASIMA, TH",14.967,102.083,188.0,1964-01-14,0.0,28.2,35.0,18.4
TH000048431,"NAKHON RATCHASIMA, TH",14.967,102.083,188.0,1964-01-15,0.0,30.7,34.7,18.0
TH000048431,"NAKHON RATCHASIMA, TH",14.967,102.083,188.0,1964-01-16,0.0,31.4,35.3,19.4
TH000048431,"NAKHON RATCHASIMA, TH",14.967,102.083,188.0,1964-01-17,0.0,30.6,34.7,19.7
TH000048431,"NAKHON RATCHASIMA, TH",14.967,102.083,188.0,1964-01-18,0.0,28.1,34.4,18.9
TH000048431,"NAKHON RATCHASIMA, TH",14.967,102.083,188.0,1964-01-19,0.0,,29.9,20.1
TH000048431,"NAKHON RATCHASIMA, TH",14.967,102.083,188.0,1964-01-20,0.0,24.4,29.0,19.6
TH000048431,"NAKHON RATCHASIMA, TH",14.967,102.083,188.0,1964-01-21,0.0,27.5,32.5,19.1
TH000048431,"NAKHON RATCHASIMA, TH",14.967,102.083,188.0,1964-01-22,0.0,,35.6,15.2
TH000048431,"NAKHON RATCHASIMA, TH",14.967,102.083,188.0,1964-01-23,0.0,29.3,34.1,20.5
TH000048431,"NAKHON RATCHASIMA, TH",14.967,102.083,188.0,1964-01-24,0.0,26.2,35.0,18.8
TH000048431,"NAKHON RATCHASIMA, TH",14.967,102.083,188.0,1964-01-25,0.0,,34.3,18.4
TH000048431,"NAKHON RATCHASIMA, TH",14.967,102.083,188.0,1964-01-26,0.0,28.9,35.0,20.6
TH000048431,"NAKHON RATCHASIMA, TH",14.967,102.083,188.0,1964-01-27,0.0,31.9,35.1,19.5
TH000048431,"NAKHON RATCHASIMA, TH",14.967,102.083,188.0,1964-01-28,0.0,29.8,35.5,19.9
TH000048431,"NAKHON RATCHASIMA, TH",14.967,102.083,188.0,1964-01-29,0.0,27.2,36.3,17.7
TH000048431,"NAKHON RATCHASIMA, TH",14.967,102.083,188.0,1964-01-30,0.0,28.2,35.7,16.6
TH000048431,"NAKHON RATCHASIMA, TH",14.967,102.083,188.0,1964-01-31,0.0,26.0,32.1,20.3
TH000048431,"NAKHON RATCHASIMA, TH",14.967,102.083,188.0,1964-02-01,0.0,,29.0,20.0
TH000048431,"NAKHON RATCHASIMA, TH",14.967,102.083,188.0,1964-02-02,0.0,,32.6,17.7
TH000048431,"NAKHON RATCHASIMA, TH",14.967,102.083,188.0,1964-02-03,0.0,,31.7,17.1
TH000048431,"NAKHON RATCHASIMA, TH",14.967,102.083,188.0,1964-02-04,0.0,,31.6,17.9
TH000048431,"NAKHON RATCHASIMA, TH",14.967,102.083,188.0,1964-02-05,0.0,,31.0,19.5
TH000048431,"NAKHON RATCHASIMA, TH",14.967,102.083,188.0,1964-02-06,0.0,,33.2,19.5
TH000048431,"NAKHON RATCHASIMA, TH",14.967,102.083,188.0,1964-02-07,0.0,,33.7,20.4
TH000048431,"NAKHON RATCHASIMA, TH",14.967,102.083,188.0,1964-02-08,0.0,,34.2,23.0
TH000048431,"NAKHON RATCHASIMA, TH",14.967,102.083,188.0,1964-02-09,0.0,24.7,35.9,21.3
TH000048431,"NAKHON RATCHASIMA, TH",14.967,102.083,188.0,1964-02-10,0.0,,36.1,19.7
TH000048431,"NAKHON RATCHASIMA, TH",14.967,102.083,188.0,1964-02-11,0.0,,34.0,22.6
TH000048431,"NAKHON RATCHASIMA, TH",14.967,102.083,188.0,1964-02-12,0.0,,31.9,18.5
TH000048431,"NAKHON RATCHASIMA, TH",14.967,102.083,188.0,1964-02-13,0.0,24.7,31.9,19.0
TH000048431,"NAKHON RATCHASIMA, TH",14.967,102.083,188.0,1964-02-14,0.0,,32.3,19.7
TH000048431,"NAKHON RATCHASIMA, TH",14.967,102.083,188.0,1964-02-15,0.0,,34.0,19.2
TH000048431,"NAKHON RATCHASIMA, TH",14.967,102.083,188.0,1964-02-16,0.0,,35.8,19.5
TH000048431,"NAKHON RATCHASIMA, TH",14.967,102.083,188.0,1964-02-17,0.0,28.0,36.0,21.0
TH000048431,"NAKHON RATCHASIMA, TH",14.967,102.083,188.0,1964-02-18,0.0,,36.7,20.5
TH000048431,"NAKHON RATCHASIMA, TH",14.967,102.083,188.0,1964-02-19,0.0,,36.2,24.5
TH000048431,"NAKHON RATCHASIMA, TH",14.967,102.083,188.0,1964-02-20,3.7,,32.8,23.5
TH000048431,"NAKHON RATCHASIMA, TH",14.967,102.083,188.0,1964-02-21,0.0,,30.0,19.5
TH000048431,"NAKHON RATCHASIMA, TH",14.967,102.083,188.0,1964-02-22,0.0,,30.2,18.5
TH000048431,"NAKHON RATCHASIMA, TH",14.967,102.083,188.0,1964-02-23,0.0,25.1,32.4,18.1
TH000048431,"NAKHON RATCHASIMA, TH",14.967,102.083,188.0,1964-02-24,0.0,23.8,30.8,19.5
TH000048431,"NAKHON RATCHASIMA, TH",14.967,102.083,188.0,1964-02-25,0.0,22.3,29.4,16.1
TH000048431,"NAKHON RATCHASIMA, TH",14.967,102.083,188.0,1964-02-26,0.0,20.2,27.0,14.0
TH000048431,"NAKHON RATCHASIMA, TH",14.967,102.083,188.0,1964-02-27,0.0,,26.5,14.7
TH000048431,"NAKHON RATCHASIMA, TH",14.967,102.083,188.0,1964-02-28,0.0,,28.9,14.0
TH000048431,"NAKHON RATCHASIMA, TH",14.967,102.083,188.0,1964-02-29,0.0,23.5,32.0,13.6
TH000048431,"NAKHON RATCHASIMA, TH",14.967,102.083,188.0,1964-03-01,0.0,22.3,35.8,15.5
TH000048431,"NAKHON RATCHASIMA, TH",14.967,102.083,188.0,1964-03-02,0.0,28.4,38.0,18.8
TH000048431,"NAKHON RATCHASIMA, TH",14.967,102.083,188.0,1964-03-03,0.0,27.7,37.9,20.1
TH000048431,"NAKHON RATCHASIMA, TH",14.967,102.083,188.0,1964-03-04,0.0,31.3,37.5,18.9
TH000048431,"NAKHON RATCHASIMA, TH",14.967,102.083,188.0,1964-03-05,0.0,30.4,38.5,18.5
TH000048431,"NAKHON RATCHASIMA, TH",14.967,102.083,188.0,1964-03-06,0.0,,38.4,19.7
TH000048431,"NAKHON RATCHASIMA, TH",14.967,102.083,188.0,1964-03-07,0.0,,39.2,20.2
TH000048431,"NAKHON RATCHASIMA, TH",14.967,102.083,188.0,1964-03-08,23.6,,36.3,22.0
TH000048431,"NAKHON RATCHASIMA, TH",14.967,102.083,188.0,1964-03-09,0.0,26.8,30.6,22.4
TH000048431,"NAKHON RATCHASIMA, TH",14.967,102.083,188.0,1964-03-10,0.0,27.1,32.9,21.9
TH000048431,"NAKHON RATCHASIMA, TH",14.967,102.083,188.0,1964-03-11,0.0,,33.0,22.3
TH000048431,"NAKHON RATCHASIMA, TH",14.967,102.083,188.0,1964-03-12,0.0,26.2,33.5,21.3
TH000048431,"NAKHON RATCHASIMA, TH",14.967,102.083,188.0,1964-03-13,0.0,,33.0,20.5
TH000048431,"NAKHON RATCHASIMA, TH",14.967,102.083,188.0,1964-03-14,0.0,,32.2,19.6
TH000048431,"NAKHON RATCHASIMA, TH",14.967,102.083,188.0,1964-03-15,0.0,,32.2,19.7
TH000048431,"NAKHON RATCHASIMA, TH",14.967,102.083,188.0,1964-03-16,0.0,26.2,34.7,18.5
TH000048431,"NAKHON RATCHASIMA, TH",14.967,102.083,188.0,1964-03-17,0.1,,36.4,22.0
TH000048431,"NAKHON RATCHASIMA, TH",14.967,102.083,188.0,1964-03-18,0.0,27.7,34.6,22.8
TH000048431,"NAKHON RATCHASIMA, TH",14.967,102.083,188.0,1964-03-19,0.0,29.4,36.7,24.4
TH000048431,"NAKHON RATCHASIMA, TH",14.967,102.083,188.0,1964-03-20,0.0,,37.1,24.2
TH000048431,"NAKHON RATCHASIMA, TH",14.967,102.083,188.0,1964-03-21,0.2,,37.8,23.6
TH000048431,"NAKHON RATCHASIMA, TH",14.967,102.083,188.0,1964-03-22,1.9,31.0,38.4,23.8
TH000048431,"NAKHON RATCHASIMA, TH",14.967,102.083,188.0,1964-03-23,0.0,,36.4,24.7
TH000048431,"NAKHON RATCHASIMA, TH",14.967,102.083,188.0,1964-03-24,0.2,28.2,37.0,23.3
TH000048431,"NAKHON RATCHASIMA, TH",14.967,102.083,188.0,1964-03-25,0.0,27.2,31.5,23.0
TH000048431,"NAKHON RATCHASIMA, TH",14.967,102.083,188.0,1964-03-26,0.0,26.6,31.5,19.2
TH000048431,"NAKHON RATCHASIMA, TH",14.967,102.083,188.0,1964-03-27,0.0,25.7,33.8,20.9
TH000048431,"NAKHON RATCHASIMA, TH",14.967,102.083,188.0,1964-03-28,0.0,29.0,36.8,20.4
TH000048431,"NAKHON RATCHASIMA, TH",14.967,102.083,188.0,1964-03-29,0.0,32.6,38.0,22.6
TH000048431,"NAKHON RATCHASIMA, TH",14.967,102.083,188.0,1964-03-30,0.0,30.2,37.0,23.6
TH000048431,"NAKHON RATCHASIMA, TH",14.967,102.083,188.0,1964-03-31,0.2,29.7,37.6,22.6
TH000048431,"NAKHON RATCHASIMA, TH",14.967,102.083,188.0,1964-04-01,0.0,30.2,37.6,23.8
TH000048431,"NAKHON RATCHASIMA, TH",14.967,102.083,188.0,1964-04-02,0.0,31.1,38.5,24.0
TH000048431,"NAKHON RATCHASIMA, TH",14.967,102.083,188.0,1964-04-03,3.5,30.6,38.0,23.4
TH000048431,"NAKHON RATCHASIMA, TH",14.967,102.083,188.0,1964-04-04,0.2,29.4,38.7,22.7
TH000048431,"NAKHON RATCHASIMA, TH",14.967,102.083,188.0,1964-04-05,0.0,32.5,38.7,23.2
TH000048431,"NAKHON RATCHASIMA, TH",14.967,102.083,188.0,1964-04-06,0.0,33.4,40.2,22.5
TH000048431,"NAKHON RATCHASIMA, TH",14.967,102.083,188.0,1964-04-07,0.0,32.2,39.8,24.0
TH000048431,"NAKHON RATCHASIMA, TH",14.967,102.083,188.0,1964-04-08,0.0,31.4,36.8,23.6
TH000048431,"NAKHON RATCHASIMA, TH",14.967,102.083,188.0,1964-04-09,0.0,30.6,38.5,24.3
TH000048431,"NAKHON RATCHASIMA, TH",14.967,102.083,188.0,1964-04-10,0.0,,39.5,25.6
TH000048431,"NAKHON RATCHASIMA, TH",14.967,102.083,188.0,1964-04-11,0.0,,40.0,25.2
TH000048431,"NAKHON RATCHASIMA, TH",14.967,102.083,188.0,1964-04-12,0.0,,35.7,25.2
TH000048431,"NAKHON RATCHASIMA, TH",14.967,102.083,188.0,1964-04-13,0.0,30.7,38.7,24.3
TH000048431,"NAKHON RATCHASIMA, TH",14.967,102.083,188.0,1964-04-14,0.0,,37.4,25.7
TH000048431,"NAKHON RATCHASIMA, TH",14.967,102.083,188.0,1964-04-15,6.7,,39.2,22.3
TH000048431,"NAKHON RATCHASIMA, TH",14.967,102.083,188.0,1964-04-16,0.0,28.5,38.3,24.2
TH000048431,"NAKHON RATCHASIMA, TH",14.967,102.083,188.0,1964-04-17,0.0,32.3,38.7,23.2
TH000048431,"NAKHON RATCHASIMA, TH",14.967,102.083,188.0,1964-04-18,0.0,29.7,36.2,22.8
TH000048431,"NAKHON RATCHASIMA, TH",14.967,102.083,188.0,1964-04-19,0.0,30.4,37.7,24.2
TH000048431,"NAKHON RATCHASIMA, TH",14.967,102.083,188.0,1964-04-20,0.0,30.1,38.5,23.2
TH000048431,"NAKHON RATCHASIMA, TH",14.967,102.083,188.0,1964-04-21,0.3,29.0,35.5,23.7
TH000048431,"NAKHON RATCHASIMA, TH",14.967,102.083,188.0,1964-04-22,14.1,30.4,32.4,24.8
TH000048431,"NAKHON RATCHASIMA, TH",14.967,102.083,188.0,1964-04-23,0.0,28.8,34.0,23.5
TH000048431,"NAKHON RATCHASIMA, TH",14.967,102.083,188.0,1964-04-24,0.0,30.7,36.6,23.4
TH000048431,"NAKHON RATCHASIMA, TH",14.967,102.083,188.0,1964-04-25,8.1,30.0,35.7,23.9
TH000048431,"NAKHON RATCHASIMA, TH",14.967,102.083,188.0,1964-04-26,1.4,,35.4,24.5
TH000048431,"NAKHON RATCHASIMA, TH",14.967,102.083,188.0,1964-04-27,0.0,31.0,37.3,23.2
TH000048431,"NAKHON RATCHASIMA, TH",14.967,102.083,188.0,1964-04-28,0.0,29.1,35.7,25.0
TH000048431,"NAKHON RATCHASIMA, TH",14.967,102.083,188.0,1964-04-29,0.0,30.0,34.5,25.1
TH000048431,"NAKHON RATCHASIMA, TH",14.967,102.083,188.0,1964-04-30,0.0,,38.0,23.0
TH000048431,"NAKHON RATCHASIMA, TH",14.967,102.083,188.0,1964-05-01,2.7,29.7,37.8,21.5
TH000048431,"NAKHON RATCHASIMA, TH",14.967,102.083,188.0,1964-05-02,1.4,27.8,32.7,26.3
TH000048431,"NAKHON RATCHASIMA, TH",14.967,102.083,188.0,1964-05-03,1.2,29.4,35.9,20.3
TH000048431,"NAKHON RATCHASIMA, TH",14.967,102.083,188.0,1964-05-04,0.0,29.8,34.4,23.3
TH000048431,"NAKHON RATCHASIMA, TH",14.967,102.083,188.0,1964-05-05,3.8,28.6,33.8,25.3
TH000048431,"NAKHON RATCHASIMA, TH",14.967,102.083,188.0,1964-05-06,37.9,28.9,32.5,28.4
TH000048431,"NAKHON RATCHASIMA, TH",14.967,102.083,188.0,1964-05-07,38.1,27.6,32.2,23.3
TH000048431,"NAKHON RATCHASIMA, TH",14.967,102.083,188.0,1964-05-08,0.8,,33.0,27.3
TH000048431,"NAKHON RATCHASIMA, TH",14.967,102.083,188.0,1964-05-09,0.0,27.2,33.6,20.4
TH000048431,"NAKHON RATCHASIMA, TH",14.967,102.083,188.0,1964-05-10,0.0,29.6,34.7,21.4
TH000048431,"NAKHON RATCHASIMA, TH",14.967,102.083,188.0,1964-05-11,64.6,29.6,35.1,25.5
TH000048431,"NAKHON RATCHASIMA, TH",14.967,102.083,188.0,1964-05-12,2.4,25.0,28.7,20.1
TH000048431,"NAKHON RATCHASIMA, TH",14.967,102.083,188.0,1964-05-13,7.7,26.8,31.6,22.3
TH000048431,"NAKHON RATCHASIMA, TH",14.967,102.083,188.0,1964-05-14,9.8,28.1,31.2,25.3
TH000048431,"NAKHON RATCHASIMA, TH",14.967,102.083,188.0,1964-05-15,0.0,28.8,33.3,20.3
TH000048431,"NAKHON RATCHASIMA, TH",14.967,102.083,188.0,1964-05-16,0.0,29.7,33.5,20.5
TH000048431,"NAKHON RATCHASIMA, TH",14.967,102.083,188.0,1964-05-17,9.2,29.9,34.6,29.3
TH000048431,"NAKHON RATCHASIMA, TH",14.967,102.083,188.0,1964-05-18,0.0,29.2,33.4,21.4
TH000048431,"NAKHON RATCHASIMA, TH",14.967,102.083,188.0,1964-05-19,0.0,30.0,34.3,29.3
TH000048431,"NAKHON RATCHASIMA, TH",14.967,102.083,188.0,1964-05-20,29.6,,34.5,25.5
TH000048431,"NAKHON RATCHASIMA, TH",14.967,102.083,188.0,1964-05-21,2.1,27.9,34.6,23.4
TH000048431,"NAKHON RATCHASIMA, TH",14.967,102.083,188.0,1964-05-22,28.5,27.9,31.7,24.4
TH000048431,"NAKHON RATCHASIMA, TH",14.967,102.083,188.0,1964-05-23,15.3,27.7,30.5,27.2
TH000048431,"NAKHON RATCHASIMA, TH",14.967,102.083,188.0,1964-05-24,13.2,25.4,31.4,21.4
TH000048431,"NAKHON RATCHASIMA, TH",14.967,102.083,188.0,1964-05-25,2.7,26.7,30.3,26.3
TH000048431,"NAKHON RATCHASIMA, TH",14.967,102.083,188.0,1964-05-26,14.8,26.4,29.2,29.4
TH000048431,"NAKHON RATCHASIMA, TH",14.967,102.083,188.0,1964-05-27,16.5,26.8,29.7,21.4
TH000048431,"NAKHON RATCHASIMA, TH",14.967,102.083,188.0,1964-05-28,0.5,28.0,32.8,28.3
TH000048431,"NAKHON RATCHASIMA, TH",14.967,102.083,188.0,1964-05-29,16.2,28.6,31.7,29.3
TH000048431,"NAKHON RATCHASIMA, TH",14.967,102.083,188.0,1964-05-30,0.0,26.1,33.7,29.4
TH000048431,"NAKHON RATCHASIMA, TH",14.967,102.083,188.0,1964-05-31,0.0,29.3,33.5,26.3
TH000048431,"NAKHON RATCHASIMA, TH",14.967,102.083,188.0,1964-06-01,0.0,29.7,34.1,23.7
TH000048431,"NAKHON RATCHASIMA, TH",14.967,102.083,188.0,1964-06-02,0.0,29.6,34.1,24.4
TH000048431,"NAKHON RATCHASIMA, TH",14.967,102.083,188.0,1964-06-03,0.0,29.8,33.0,23.9
TH000048431,"NAKHON RATCHASIMA, TH",14.967,102.083,188.0,1964-06-04,0.0,29.9,34.5,24.4
TH000048431,"NAKHON RATCHASIMA, TH",14.967,102.083,188.0,1964-06-05,0.0,28.9,33.9,25.2
TH000048431,"NAKHON RATCHASIMA, TH",14.967,102.083,188.0,1964-06-06,0.0,29.0,32.5,24.0
TH000048431,"NAKHON RATCHASIMA, TH",14.967,102.083,188.0,1964-06-07,0.0,28.5,33.8,23.0
TH000048431,"NAKHON RATCHASIMA, TH",14.967,102.083,188.0,1964-06-08,0.0,,34.0,24.9
TH000048431,"NAKHON RATCHASIMA, TH",14.967,102.083,188.0,1964-06-09,11.7,28.8,34.5,23.7
TH000048431,"NAKHON RATCHASIMA, TH",14.967,102.083,188.0,1964-06-10,0.0,29.6,33.4,23.9
TH000048431,"NAKHON RATCHASIMA, TH",14.967,102.083,188.0,1964-06-11,0.3,29.2,34.6,24.9
TH000048431,"NAKHON RATCHASIMA, TH",14.967,102.083,188.0,1964-06-12,0.0,30.0,34.0,23.9
TH000048431,"NAKHON RATCHASIMA, TH",14.967,102.083,188.0,1964-06-13,0.0,29.3,35.4,23.4
TH000048431,"NAKHON RATCHASIMA, TH",14.967,102.083,188.0,1964-06-14,25.5,29.4,34.2,25.0
TH000048431,"NAKHON RATCHASIMA, TH",14.967,102.083,188.0,1964-06-15,8.8,28.1,33.5,23.0
TH000048431,"NAKHON RATCHASIMA, TH",14.967,102.083,188.0,1964-06-16,0.0,26.8,33.9,23.7
TH000048431,"NAKHON RATCHASIMA, TH",14.967,102.083,188.0,1964-06-17,3.1,31.0,34.2,24.7
TH000048431,"NAKHON RATCHASIMA, TH",14.967,102.083,188.0,1964-06-18,0.0,30.0,33.4,23.5
TH000048431,"NAKHON RATCHASIMA, TH",14.967,102.083,188.0,1964-06-19,0.0,29.0,33.6,23.9
TH000048431,"NAKHON RATCHASIMA, TH",14.967,102.083,188.0,1964-06-20,14.0,29.3,34.0,24.8
TH000048431,"NAKHON RATCHASIMA, TH",14.967,102.083,188.0,1964-06-21,1.0,28.2,32.0,23.9
TH000048431,"NAKHON RATCHASIMA, TH",14.967,102.083,188.0,1964-06-22,0.0,27.8,32.5,23.8
TH000048431,"NAKHON RATCHASIMA, TH",14.967,102.083,188.0,1964-06-23,0.0,,33.6,23.6
TH000048431,"NAKHON RATCHASIMA, TH",14.967,102.083,188.0,1964-06-24,0.0,,33.9,23.2
TH000048431,"NAKHON RATCHASIMA, TH",14.967,102.083,188.0,1964-06-25,2.1,29.7,34.8,24.9
TH000048431,"NAKHON RATCHASIMA, TH",14.967,102.083,188.0,1964-06-26,1.5,,31.5,23.5
TH000048431,"NAKHON RATCHASIMA, TH",14.967,102.083,188.0,1964-06-27,1.2,,31.0,24.0
TH000048431,"NAKHON RATCHASIMA, TH",14.967,102.083,188.0,1964-06-28,0.0,,32.1,21.9
TH000048431,"NAKHON RATCHASIMA, TH",14.967,102.083,188.0,1964-06-29,0.0,28.8,34.6,24.5
TH000048431,"NAKHON RATCHASIMA, TH",14.967,102.083,188.0,1964-06-30,0.0,,33.7,22.5
TH000048431,"NAKHON RATCHASIMA, TH",14.967,102.083,188.0,1964-07-01,0.0,29.1,33.6,24.8
TH000048431,"NAKHON RATCHASIMA, TH",14.967,102.083,188.0,1964-07-02,0.0,29.0,32.4,24.3
TH000048431,"NAKHON RATCHASIMA, TH",14.967,102.083,188.0,1964-07-03,12.9,26.6,32.7,25.2
TH000048431,"NAKHON RATCHASIMA, TH",14.967,102.083,188.0,1964-07-04,20.0,23.6,25.6,23.3
TH000048431,"NAKHON RATCHASIMA, TH",14.967,102.083,188.0,1964-07-05,5.9,26.4,32.0,21.3
TH000048431,"NAKHON RATCHASIMA, TH",14.967,102.083,188.0,1964-07-06,0.0,27.1,32.4,23.9
TH000048431,"NAKHON RATCHASIMA, TH",14.967,102.083,188.0,1964-07-07,29.6,,31.8,23.4
TH000048431,"NAKHON RATCHASIMA, TH",14.967,102.083,188.0,1964-07-08,22.2,,30.4,22.0
TH000048431,"NAKHON RATCHASIMA, TH",14.967,102.083,188.0,1964-07-09,0.0,27.5,33.0,21.1
TH000048431,"NAKHON RATCHASIMA, TH",14.967,102.083,188.0,1964-07-10,1.6,29.4,35.4,24.2
TH000048431,"NAKHON RATCHASIMA, TH",14.967,102.083,188.0,1964-07-11,1.4,29.0,35.4,24.2
TH000048431,"NAKHON RATCHASIMA, TH",14.967,102.083,188.0,1964-07-12,10.8,24.9,30.0,22.0
TH000048431,"NAKHON RATCHASIMA, TH",14.967,102.083,188.0,1964-07-13,0.0,29.4,32.8,21.5
TH000048431,"NAKHON RATCHASIMA, TH",14.967,102.083,188.0,1964-07-14,1.9,,32.7,24.6
TH000048431,"NAKHON RATCHASIMA, TH",14.967,102.083,188.0,1964-07-15,5.7,30.0,33.0,23.8
TH000048431,"NAKHON RATCHASIMA, TH",14.967,102.083,188.0,1964-07-16,6.0,27.9,34.5,23.7
TH000048431,"NAKHON RATCHASIMA, TH",14.967,102.083,188.0,1964-07-17,0.0,30.1,33.2,21.9
TH000048431,"NAKHON RATCHASIMA, TH",14.967,102.083,188.0,1964-07-18,0.0,29.6,34.8,24.6
TH000048431,"NAKHON RATCHASIMA, TH",14.967,102.083,188.0,1964-07-19,0.0,29.0,35.4,23.0
TH000048431,"NAKHON RATCHASIMA, TH",14.967,102.083,188.0,1964-07-20,2.8,29.4,34.2,24.7
TH000048431,"NAKHON RATCHASIMA, TH",14.967,102.083,188.0,1964-07-21,27.0,26.3,31.3,23.6
TH000048431,"NAKHON RATCHASIMA, TH",14.967,102.083,188.0,1964-07-22,0.0,27.2,32.1,22.3
TH000048431,"NAKHON RATCHASIMA, TH",14.967,102.083,188.0,1964-07-23,0.2,28.2,32.3,23.8
TH000048431,"NAKHON RATCHASIMA, TH",14.967,102.083,188.0,1964-07-24,0.0,29.8,34.7,23.1
TH000048431,"NAKHON RATCHASIMA, TH",14.967,102.083,188.0,1964-07-25,1.4,28.7,34.7,23.5
TH000048431,"NAKHON RATCHASIMA, TH",14.967,102.083,188.0,1964-07-26,4.4,29.1,34.6,23.5
TH000048431,"NAKHON RATCHASIMA, TH",14.967,102.083,188.0,1964-07-27,8.6,28.0,32.2,22.7
TH000048431,"NAKHON RATCHASIMA, TH",14.967,102.083,188.0,1964-07-28,0.5,28.0,32.2,22.1
TH000048431,"NAKHON RATCHASIMA, TH",14.967,102.083,188.0,1964-07-29,0.0,29.2,34.3,22.9
TH000048431,"NAKHON RATCHASIMA, TH",14.967,102.083,188.0,1964-07-30,0.0,29.4,33.7,22.1
TH000048431,"NAKHON RATCHASIMA, TH",14.967,102.083,188.0,1964-07-31,0.2,28.6,33.7,22.5
TH000048431,"NAKHON RATCHASIMA, TH",14.967,102.083,188.0,1964-08-01,0.0,31.1,33.6,22.6
TH000048431,"NAKHON RATCHASIMA, TH",14.967,102.083,188.0,1964-08-02,0.0,28.8,32.0,22.9
TH000048431,"NAKHON RATCHASIMA, TH",14.967,102.083,188.0,1964-08-03,0.0,29.0,32.5,22.1
TH000048431,"NAKHON RATCHASIMA, TH",14.967,102.083,188.0,1964-08-04,0.4,28.9,34.7,23.7
TH000048431,"NAKHON RATCHASIMA, TH",14.967,102.083,188.0,1964-08-05,0.0,27.5,29.3,23.8
TH000048431,"NAKHON RATCHASIMA, TH",14.967,102.083,188.0,1964-08-06,1.1,28.5,32.6,23.2
TH000048431,"NAKHON RATCHASIMA, TH",14.967,102.083,188.0,1964-08-07,0.0,27.7,31.9,23.1
TH000048431,"NAKHON RATCHASIMA, TH",14.967,102.083,188.0,1964-08-08,0.0,29.0,34.2,24.2
TH000048431,"NAKHON RATCHASIMA, TH",14.967,102.083,188.0,1964-08-09,0.0,29.8,33.5,23.2
TH000048431,"NAKHON RATCHASIMA, TH",14.967,102.083,188.0,1964-08-10,0.0,28.6,32.3,24.6
TH000048431,"NAKHON RATCHASIMA, TH",14.967,102.083,188.0,1964-08-11,0.0,28.7,32.5,24.2
TH000048431,"NAKHON RATCHASIMA, TH",14.967,102.083,188.0,1964-08-12,0.0,28.8,34.1,23.4
TH000048431,"NAKHON RATCHASIMA, TH",14.967,102.083,188.0,1964-08-13,11.6,28.3,35.6,22.2
TH000048431,"NAKHON RATCHASIMA, TH",14.967,102.083,188.0,1964-08-14,4.0,27.5,32.7,22.8
TH000048431,"NAKHON RATCHASIMA, TH",14.967,102.083,188.0,1964-08-15,1.7,25.6,31.3,22.2
TH000048431,"NAKHON RATCHASIMA, TH",14.967,102.083,188.0,1964-08-16,0.0,27.4,32.3,22.4
TH000048431,"NAKHON RATCHASIMA, TH",14.967,102.083,188.0,1964-08-17,0.0,27.8,31.5,22.6
TH000048431,"NAKHON RATCHASIMA, TH",14.967,102.083,188.0,1964-08-18,0.1,29.7,35.1,22.1
TH000048431,"NAKHON RATCHASIMA, TH",14.967,102.083,188.0,1964-08-19,0.0,29.6,34.3,23.4
TH000048431,"NAKHON RATCHASIMA, TH",14.967,102.083,188.0,1964-08-20,0.0,28.7,32.5,22.4
TH000048431,"NAKHON RATCHASIMA, TH",14.967,102.083,188.0,1964-08-21,0.0,27.9,34.1,22.3
TH000048431,"NAKHON RATCHASIMA, TH",14.967,102.083,188.0,1964-08-22,0.0,29.7,32.4,23.4
TH000048431,"NAKHON RATCHASIMA, TH",14.967,102.083,188.0,1964-08-23,0.0,29.0,33.5,24.2
TH000048431,"NAKHON RATCHASIMA, TH",14.967,102.083,188.0,1964-08-24,5.9,25.8,29.5,24.3
TH000048431,"NAKHON RATCHASIMA, TH",14.967,102.083,188.0,1964-08-25,0.0,27.3,30.8,23.0
TH000048431,"NAKHON RATCHASIMA, TH",14.967,102.083,188.0,1964-08-26,12.6,29.4,35.7,22.8
TH000048431,"NAKHON RATCHASIMA, TH",14.967,102.083,188.0,1964-08-27,72.3,26.6,31.3,23.0
TH000048431,"NAKHON RATCHASIMA, TH",14.967,102.083,188.0,1964-08-28,23.3,,31.9,22.9
TH000048431,"NAKHON RATCHASIMA, TH",14.967,102.083,188.0,1964-08-29,0.0,26.3,31.2,22.9
TH000048431,"NAKHON RATCHASIMA, TH",14.967,102.083,188.0,1964-08-30,27.5,27.5,31.7,23.0
TH000048431,"NAKHON RATCHASIMA, TH",14.967,102.083,188.0,1964-08-31,0.5,28.3,33.0,23.6
TH000048431,"NAKHON RATCHASIMA, TH",14.967,102.083,188.0,1964-09-01,0.4,26.9,31.2,21.3
TH000048431,"NAKHON RATCHASIMA, TH",14.967,102.083,188.0,1964-09-02,1.0,28.2,33.5,21.3
TH000048431,"NAKHON RATCHASIMA, TH",14.967,102.083,188.0,1964-09-03,0.1,30.1,34.1,22.3
TH000048431,"NAKHON RATCHASIMA, TH",14.967,102.083,188.0,1964-09-04,3.3,29.2,34.4,22.4
TH000048431,"NAKHON RATCHASIMA, TH",14.967,102.083,188.0,1964-09-05,0.0,29.2,32.8,26.3
TH000048431,"NAKHON RATCHASIMA, TH",14.967,102.083,188.0,1964-09-06,11.4,28.3,33.7,23.3
TH000048431,"NAKHON RATCHASIMA, TH",14.967,102.083,188.0,1964-09-07,0.0,27.5,31.2,26.3
TH000048431,"NAKHON RATCHASIMA, TH",14.967,102.083,188.0,1964-09-08,0.0,27.9,33.2,25.2
TH000048431,"NAKHON RATCHASIMA, TH",14.967,102.083,188.0,1964-09-09,8.1,28.6,33.6,24.3
TH000048431,"NAKHON RATCHASIMA, TH",14.967,102.083,188.0,1964-09-10,0.0,28.3,31.0,29.2
TH000048431,"NAKHON RATCHASIMA, TH",14.967,102.083,188.0,1964-09-11,16.8,27.8,34.5,26.3
TH000048431,"NAKHON RATCHASIMA, TH",14.967,102.083,188.0,1964-09-12,6.8,28.2,33.2,27.2
TH000048431,"NAKHON RATCHASIMA, TH",14.967,102.083,188.0,1964-09-13,27.9,27.8,32.4,27.3
TH000048431,"NAKHON RATCHASIMA, TH",14.967,102.083,188.0,1964-09-14,16.5,26.5,31.8,20.3
TH000048431,"NAKHON RATCHASIMA, TH",14.967,102.083,188.0,1964-09-15,0.3,26.8,28.2,25.2
TH000048431,"NAKHON RATCHASIMA, TH",14.967,102.083,188.0,1964-09-16,19.1,25.7,30.7,20.4
TH000048431,"NAKHON RATCHASIMA, TH",14.967,102.083,188.0,1964-09-17,0.0,27.5,32.1,27.2
TH000048431,"NAKHON RATCHASIMA, TH",14.967,102.083,188.0,1964-09-18,4.2,27.2,33.2,24.3
TH000048431,"NAKHON RATCHASIMA, TH",14.967,102.083,188.0,1964-09-19,0.2,28.7,33.3,21.4
TH000048431,"NAKHON RATCHASIMA, TH",14.967,102.083,188.0,1964-09-20,8.9,27.5,32.2,21.4
TH000048431,"NAKHON RATCHASIMA, TH",14.967,102.083,188.0,1964-09-21,1.4,27.7,31.8,29.2
TH000048431,"NAKHON RATCHASIMA, TH",14.967,102.083,188.0,1964-09-22,19.0,26.3,30.3,29.3
TH000048431,"NAKHON RATCHASIMA, TH",14.967,102.083,188.0,1964-09-23,53.0,22.7,23.5,24.2
TH000048431,"NAKHON RATCHASIMA, TH",14.967,102.083,188.0,1964-09-24,2.7,25.9,28.5,21.1
TH000048431,"NAKHON RATCHASIMA, TH",14.967,102.083,188.0,1964-09-25,0.0,26.5,30.8,21.2
TH000048431,"NAKHON RATCHASIMA, TH",14.967,102.083,188.0,1964-09-26,16.4,27.1,31.0,26.2
TH000048431,"NAKHON RATCHASIMA, TH",14.967,102.083,188.0,1964-09-27,11.9,23.4,25.2,20.3
TH000048431,"NAKHON RATCHASIMA, TH",14.967,102.083,188.0,1964-09-28,1.3,25.8,27.6,29.2
TH000048431,"NAKHON RATCHASIMA, TH",14.967,102.083,188.0,1964-09-29,11.9,26.8,30.7,22.4
TH000048431,"NAKHON RATCHASIMA, TH",14.967,102.083,188.0,1964-09-30,14.9,26.3,29.8,22.3
TH000048431,"NAKHON RATCHASIMA, TH",14.967,102.083,188.0,1964-10-01,0.0,25.8,30.4,23.0
TH000048431,"NAKHON RATCHASIMA, TH",14.967,102.083,188.0,1964-10-02,0.5,25.8,31.1,23.5
TH000048431,"NAKHON RATCHASIMA, TH",14.967,102.083,188.0,1964-10-03,33.1,25.8,30.3,23.4
TH000048431,"NAKHON RATCHASIMA, TH",14.967,102.083,188.0,1964-10-04,1.2,24.1,25.9,22.2
TH000048431,"NAKHON RATCHASIMA, TH",14.967,102.083,188.0,1964-10-05,0.0,28.2,31.5,22.7
TH000048431,"NAKHON RATCHASIMA, TH",14.967,102.083,188.0,1964-10-06,7.4,27.1,30.3,23.5
TH000048431,"NAKHON RATCHASIMA, TH",14.967,102.083,188.0,1964-10-07,0.0,26.8,32.2,22.6
TH000048431,"NAKHON RATCHASIMA, TH",14.967,102.083,188.0,1964-10-08,21.8,26.8,32.8,22.6
TH000048431,"NAKHON RATCHASIMA, TH",14.967,102.083,188.0,1964-10-09,1.9,24.8,28.7,21.6
TH000048431,"NAKHON RATCHASIMA, TH",14.967,102.083,188.0,1964-10-10,0.0,27.7,31.8,20.3
TH000048431,"NAKHON RATCHASIMA, TH",14.967,102.083,188.0,1964-10-11,0.6,26.6,31.2,23.8
TH000048431,"NAKHON RATCHASIMA, TH",14.967,102.083,188.0,1964-10-12,13.6,30.0,32.9,22.8
TH000048431,"NAKHON RATCHASIMA, TH",14.967,102.083,188.0,1964-10-13,0.0,28.3,31.8,23.6
TH000048431,"NAKHON RATCHASIMA, TH",14.967,102.083,188.0,1964-10-14,0.0,28.7,33.2,23.5
TH000048431,"NAKHON RATCHASIMA, TH",14.967,102.083,188.0,1964-10-15,8.2,27.0,32.0,23.7
TH000048431,"NAKHON RATCHASIMA, TH",14.967,102.083,188.0,1964-10-16,0.5,26.1,30.5,23.4
TH000048431,"NAKHON RATCHASIMA, TH",14.967,102.083,188.0,1964-10-17,0.0,28.2,32.3,23.1
TH000048431,"NAKHON RATCHASIMA, TH",14.967,102.083,188.0,1964-10-18,0.0,27.9,32.5,23.5
TH000048431,"NAKHON RATCHASIMA, TH",14.967,102.083,188.0,1964-10-19,0.0,27.5,32.2,22.8
TH000048431,"NAKHON RATCHASIMA, TH",14.967,102.083,188.0,1964-10-20,0.0,27.6,32.5,21.8
TH000048431,"NAKHON RATCHASIMA, TH",14.967,102.083,188.0,1964-10-21,0.0,,32.0,22.8
TH000048431,"NAKHON RATCHASIMA, TH",14.967,102.083,188.0,1964-10-22,0.0,27.5,31.9,22.9
TH000048431,"NAKHON RATCHASIMA, TH",14.967,102.083,188.0,1964-10-23,51.2,27.3,32.0,22.3
TH000048431,"NAKHON RATCHASIMA, TH",14.967,102.083,188.0,1964-10-24,34.3,25.8,29.4,22.0
TH000048431,"NAKHON RATCHASIMA, TH",14.967,102.083,188.0,1964-10-25,50.2,25.2,27.3,22.5
TH000048431,"NAKHON RATCHASIMA, TH",14.967,102.083,188.0,1964-10-26,2.8,25.6,29.1,21.8
TH000048431,"NAKHON RATCHASIMA, TH",14.967,102.083,188.0,1964-10-27,0.0,27.0,29.9,21.6
TH000048431,"NAKHON RATCHASIMA, TH",14.967,102.083,188.0,1964-10-28,0.0,27.5,31.4,22.8
TH000048431,"NAKHON RATCHASIMA, TH",14.967,102.083,188.0,1964-10-29,0.0,26.6,30.9,23.1
TH000048431,"NAKHON RATCHASIMA, TH",14.967,102.083,188.0,1964-10-30,0.0,27.2,31.4,22.7
TH000048431,"NAKHON RATCHASIMA, TH",14.967,102.083,188.0,1964-10-31,0.0,27.2,31.3,22.7
TH000048431,"NAKHON RATCHASIMA, TH",14.967,102.083,188.0,1964-11-01,0.0,27.2,30.5,22.6
TH000048431,"NAKHON RATCHASIMA, TH",14.967,102.083,188.0,1964-11-02,0.0,25.1,28.3,21.8
TH000048431,"NAKHON RATCHASIMA, TH",14.967,102.083,188.0,1964-11-03,0.0,26.6,29.8,21.6
TH000048431,"NAKHON RATCHASIMA, TH",14.967,102.083,188.0,1964-11-04,0.0,26.1,29.6,21.2
TH000048431,"NAKHON RATCHASIMA, TH",14.967,102.083,188.0,1964-11-05,11.6,26.8,30.6,21.5
TH000048431,"NAKHON RATCHASIMA, TH",14.967,102.083,188.0,1964-11-06,5.1,25.4,27.6,21.4
TH000048431,"NAKHON RATCHASIMA, TH",14.967,102.083,188.0,1964-11-07,0.0,25.9,29.0,22.4
TH000048431,"NAKHON RATCHASIMA, TH",14.967,102.083,188.0,1964-11-08,0.0,25.3,28.6,21.9
TH000048431,"NAKHON RATCHASIMA, TH",14.967,102.083,188.0,1964-11-09,12.2,24.2,27.9,19.8
TH000048431,"NAKHON RATCHASIMA, TH",14.967,102.083,188.0,1964-11-10,0.0,22.2,25.3,18.4
TH000048431,"NAKHON RATCHASIMA, TH",14.967,102.083,188.0,1964-11-11,0.0,22.3,25.2,19.5
TH000048431,"NAKHON RATCHASIMA, TH",14.967,102.083,188.0,1964-11-12,0.0,22.4,25.6,19.8
TH000048431,"NAKHON RATCHASIMA, TH",14.967,102.083,188.0,1964-11-13,0.0,22.7,26.7,17.5
TH000048431,"NAKHON RATCHASIMA, TH",14.967,102.083,188.0,1964-11-14,0.0,23.6,26.5,16.7
TH000048431,"NAKHON RATCHASIMA, TH",14.967,102.083,188.0,1964-11-15,0.0,21.9,26.1,16.7
TH000048431,"NAKHON RATCHASIMA, TH",14.967,102.083,188.0,1964-11-16,0.9,22.3,25.4,15.8
TH000048431,"NAKHON RATCHASIMA, TH",14.967,102.083,188.0,1964-11-17,0.2,22.7,26.3,18.0
TH000048431,"NAKHON RATCHASIMA, TH",14.967,102.083,188.0,1964-11-18,0.0,21.4,22.6,19.4
TH000048431,"NAKHON RATCHASIMA, TH",14.967,102.083,188.0,1964-11-19,0.0,24.2,26.0,21.0
TH000048431,"NAKHON RATCHASIMA, TH",14.967,102.083,188.0,1964-11-20,0.0,23.8,27.5,20.0
TH000048431,"NAKHON RATCHASIMA, TH",14.967,102.083,188.0,1964-11-21,0.0,,28.8,20.4
TH000048431,"NAKHON RATCHASIMA, TH",14.967,102.083,188.0,1964-11-22,0.0,22.8,26.1,20.1
TH000048431,"NAKHON RATCHASIMA, TH",14.967,102.083,188.0,1964-11-23,0.0,21.5,26.2,15.7
TH000048431,"NAKHON RATCHASIMA, TH",14.967,102.083,188.0,1964-11-24,0.0,22.9,26.3,15.3
TH000048431,"NAKHON RATCHASIMA, TH",14.967,102.083,188.0,1964-11-25,0.0,21.3,26.9,13.6
TH000048431,"NAKHON RATCHASIMA, TH",14.967,102.083,188.0,1964-11-26,0.0,22.2,27.9,13.0
TH000048431,"NAKHON RATCHASIMA, TH",14.967,102.083,188.0,1964-11-27,0.0,21.6,28.2,13.3
TH000048431,"NAKHON RATCHASIMA, TH",14.967,102.083,188.0,1964-11-28,0.0,22.2,29.5,14.8
TH000048431,"NAKHON RATCHASIMA, TH",14.967,102.083,188.0,1964-11-29,0.0,26.6,31.5,17.4
TH000048431,"NAKHON RATCHASIMA, TH",14.967,102.083,188.0,1964-11-30,0.0,27.0,31.7,20.6
TH000048431,"NAKHON RATCHASIMA, TH",14.967,102.083,188.0,1964-12-01,0.0,26.7,31.8,19.2
TH000048431,"NAKHON RATCHASIMA, TH",14.967,102.083,188.0,1964-12-02,0.0,27.8,31.5,22.1
TH000048431,"NAKHON RATCHASIMA, TH",14.967,102.083,188.0,1964-12-03,0.0,26.0,30.0,20.5
TH000048431,"NAKHON RATCHASIMA, TH",14.967,102.083,188.0,1964-12-04,0.0,22.3,27.6,19.2
TH000048431,"NAKHON RATCHASIMA, TH",14.967,102.083,188.0,1964-12-05,0.0,22.8,27.4,15.6
TH000048431,"NAKHON RATCHASIMA, TH",14.967,102.083,188.0,1964-12-06,0.1,22.5,27.5,16.9
TH000048431,"NAKHON RATCHASIMA, TH",14.967,102.083,188.0,1964-12-07,0.0,21.5,26.4,15.8
TH000048431,"NAKHON RATCHASIMA, TH",14.967,102.083,188.0,1964-12-08,0.0,23.9,29.0,14.9
TH000048431,"NAKHON RATCHASIMA, TH",14.967,102.083,188.0,1964-12-09,0.0,22.8,29.0,14.6
TH000048431,"NAKHON RATCHASIMA, TH",14.967,102.083,188.0,1964-12-10,0.0,26.0,29.3,15.1
TH000048431,"NAKHON RATCHASIMA, TH",14.967,102.083,188.0,1964-12-11,0.0,24.1,30.0,17.1
TH000048431,"NAKHON RATCHASIMA, TH",14.967,102.083,188.0,1964-12-12,0.0,24.9,29.3,17.6
TH000048431,"NAKHON RATCHASIMA, TH",14.967,102.083,188.0,1964-12-13,0.0,25.3,29.2,21.1
TH000048431,"NAKHON RATCHASIMA, TH",14.967,102.083,188.0,1964-12-14,0.0,23.8,29.1,19.2
TH000048431,"NAKHON RATCHASIMA, TH",14.967,102.083,188.0,1964-12-15,0.0,22.7,28.1,16.3
TH000048431,"NAKHON RATCHASIMA, TH",14.967,102.083,188.0,1964-12-16,0.0,23.1,26.0,15.6
TH000048431,"NAKHON RATCHASIMA, TH",14.967,102.083,188.0,1964-12-17,0.0,21.7,25.3,14.9
TH000048431,"NAKHON RATCHASIMA, TH",14.967,102.083,188.0,1964-12-18,0.0,18.7,22.8,15.1
TH000048431,"NAKHON RATCHASIMA, TH",14.967,102.083,188.0,1964-12-19,0.0,17.1,23.5,11.4
TH000048431,"NAKHON RATCHASIMA, TH",14.967,102.083,188.0,1964-12-20,0.0,19.2,24.5,8.7
TH000048431,"NAKHON RATCHASIMA, TH",14.967,102.083,188.0,1964-12-21,0.0,20.3,26.8,11.3
TH000048431,"NAKHON RATCHASIMA, TH",14.967,102.083,188.0,1964-12-22,0.0,23.1,29.4,13.3
TH000048431,"NAKHON RATCHASIMA, TH",14.967,102.083,188.0,1964-12-23,0.0,24.2,29.5,14.7
TH000048431,"NAKHON RATCHASIMA, TH",14.967,102.083,188.0,1964-12-24,0.0,23.6,30.1,15.9
TH000048431,"NAKHON RATCHASIMA, TH",14.967,102.083,188.0,1964-12-25,0.0,24.7,30.2,15.0
TH000048431,"NAKHON RATCHASIMA, TH",14.967,102.083,188.0,1964-12-26,0.0,22.7,28.8,15.2
TH000048431,"NAKHON RATCHASIMA, TH",14.967,102.083,188.0,1964-12-27,0.0,23.6,26.7,15.2
TH000048431,"NAKHON RATCHASIMA, TH",14.967,102.083,188.0,1964-12-28,0.0,21.1,27.0,14.7
TH000048431,"NAKHON RATCHASIMA, TH",14.967,102.083,188.0,1964-12-29,0.0,20.9,27.5,13.2
TH000048431,"NAKHON RATCHASIMA, TH",14.967,102.083,188.0,1964-12-30,0.0,22.4,27.9,13.2
TH000048431,"NAKHON RATCHASIMA, TH",14.967,102.083,188.0,1964-12-31,0.0,,27.0,13.7
TH000048431,"NAKHON RATCHASIMA, TH",14.967,102.083,188.0,1965-01-01,0.0,,28.0,12.0
TH000048431,"NAKHON RATCHASIMA, TH",14.967,102.083,188.0,1965-01-02,0.0,,29.9,11.0
TH000048431,"NAKHON RATCHASIMA, TH",14.967,102.083,188.0,1965-01-03,0.0,26.1,30.2,13.2
TH000048431,"NAKHON RATCHASIMA, TH",14.967,102.083,188.0,1965-01-04,0.0,22.6,30.2,15.2
TH000048431,"NAKHON RATCHASIMA, TH",14.967,102.083,188.0,1965-01-05,0.0,24.2,31.0,17.1
TH000048431,"NAKHON RATCHASIMA, TH",14.967,102.083,188.0,1965-01-06,0.0,26.5,31.6,14.9
TH000048431,"NAKHON RATCHASIMA, TH",14.967,102.083,188.0,1965-01-07,0.0,,33.5,16.0
TH000048431,"NAKHON RATCHASIMA, TH",14.967,102.083,188.0,1965-01-08,0.0,,29.0,17.1
TH000048431,"NAKHON RATCHASIMA, TH",14.967,102.083,188.0,1965-01-09,0.0,22.1,27.5,17.4
TH000048431,"NAKHON RATCHASIMA, TH",14.967,102.083,188.0,1965-01-10,0.0,23.0,28.6,17.1
TH000048431,"NAKHON RATCHASIMA, TH",14.967,102.083,188.0,1965-01-11,0.0,23.6,28.6,16.4
TH000048431,"NAKHON RATCHASIMA, TH",14.967,102.083,188.0,1965-01-12,0.0,,27.1,14.2
TH000048431,"NAKHON RATCHASIMA, TH",14.967,102.083,188.0,1965-01-13,0.0,20.0,26.0,12.3
TH000048431,"NAKHON RATCHASIMA, TH",14.967,102.083,188.0,1965-01-14,0.0,21.3,26.3,12.8
TH000048431,"NAKHON RATCHASIMA, TH",14.967,102.083,188.0,1965-01-15,0.0,22.2,27.2,13.8
TH000048431,"NAKHON RATCHASIMA, TH",14.967,102.083,188.0,1965-01-16,0.0,22.1,26.7,13.5
TH000048431,"NAKHON RATCHASIMA, TH",14.967,102.083,188.0,1965-01-17,0.0,20.6,27.5,10.6
TH000048431,"NAKHON RATCHASIMA, TH",14.967,102.083,188.0,1965-01-18,0.0,19.3,26.6,9.7
TH000048431,"NAKHON RATCHASIMA, TH",14.967,102.083,188.0,1965-01-19,0.0,24.6,27.7,10.4
TH000048431,"NAKHON RATCHASIMA, TH",14.967,102.083,188.0,1965-01-20,0.0,20.8,28.5,13.2
TH000048431,"NAKHON RATCHASIMA, TH",14.967,102.083,188.0,1965-01-21,0.0,22.5,28.7,11.1
TH000048431,"NAKHON RATCHASIMA, TH",14.967,102.083,188.0,1965-01-22,0.0,21.0,29.6,10.7
TH000048431,"NAKHON RATCHASIMA, TH",14.967,102.083,188.0,1965-01-23,0.0,23.3,30.0,10.5
TH000048431,"NAKHON RATCHASIMA, TH",14.967,102.083,188.0,1965-01-24,0.0,21.6,29.7,11.9
TH000048431,"NAKHON RATCHASIMA, TH",14.967,102.083,188.0,1965-01-25,0.0,23.3,30.0,11.8
TH000048431,"NAKHON RATCHASIMA, TH",14.967,102.083,188.0,1965-01-26,0.0,23.7,30.0,12.0
TH000048431,"NAKHON RATCHASIMA, TH",14.967,102.083,188.0,1965-01-27,0.0,27.8,31.7,13.3
TH000048431,"NAKHON RATCHASIMA, TH",14.967,102.083,188.0,1965-01-28,0.0,29.4,33.0,14.2
TH000048431,"NAKHON RATCHASIMA, TH",14.967,102.083,188.0,1965-01-29,0.0,26.7,33.5,16.2
TH000048431,"NAKHON RATCHASIMA, TH",14.967,102.083,188.0,1965-01-30,0.0,30.0,33.3,19.9
TH000048431,"NAKHON RATCHASIMA, TH",14.967,102.083,188.0,1965-01-31,0.0,25.6,32.2,17.7
TH000048431,"NAKHON RATCHASIMA, TH",14.967,102.083,188.0,1965-02-01,0.0,28.1,30.9,16.2
TH000048431,"NAKHON RATCHASIMA, TH",14.967,102.083,188.0,1965-02-02,0.0,25.7,30.5,17.5
TH000048431,"NAKHON RATCHASIMA, TH",14.967,102.083,188.0,1965-02-03,0.0,25.1,29.8,19.7
TH000048431,"NAKHON RATCHASIMA, TH",14.967,102.083,188.0,1965-02-04,0.0,23.8,29.3,19.4
TH000048431,"NAKHON RATCHASIMA, TH",14.967,102.083,188.0,1965-02-05,0.0,28.1,34.2,17.6
TH000048431,"NAKHON RATCHASIMA, TH",14.967,102.083,188.0,1965-02-06,0.8,26.9,34.5,19.5
TH000048431,"NAKHON RATCHASIMA, TH",14.967,102.083,188.0,1965-02-07,0.6,28.1,32.7,20.7
TH000048431,"NAKHON RATCHASIMA, TH",14.967,102.083,188.0,1965-02-08,0.0,27.4,32.8,18.8
TH000048431,"NAKHON RATCHASIMA, TH",14.967,102.083,188.0,1965-02-09,18.9,31.1,34.3,25.9
TH000048431,"NAKHON RATCHASIMA, TH",14.967,102.083,188.0,1965-02-10,12.8,26.9,31.0,20.9
TH000048431,"NAKHON RATCHASIMA, TH",14.967,102.083,188.0,1965-02-11,0.0,26.8,33.6,21.7
TH000048431,"NAKHON RATCHASIMA, TH",14.967,102.083,188.0,1965-02-12,0.0,30.7,35.2,21.6
TH000048431,"NAKHON RATCHASIMA, TH",14.967,102.083,188.0,1965-02-13,0.0,29.1,34.9,22.4
TH000048431,"NAKHON RATCHASIMA, TH",14.967,102.083,188.0,1965-02-14,0.0,28.9,29.6,21.7
TH000048431,"NAKHON RATCHASIMA, TH",14.967,102.083,188.0,1965-02-15,0.0,27.5,33.3,21.6
TH000048431,"NAKHON RATCHASIMA, TH",14.967,102.083,188.0,1965-02-16,0.0,28.6,33.8,20.6
TH000048431,"NAKHON RATCHASIMA, TH",14.967,102.083,188.0,1965-02-17,0.0,28.9,34.0,21.5
TH000048431,"NAKHON RATCHASIMA, TH",14.967,102.083,188.0,1965-02-18,0.0,28.2,35.4,21.0
TH000048431,"NAKHON RATCHASIMA, TH",14.967,102.083,188.0,1965-02-19,0.0,,35.8,22.5
TH000048431,"NAKHON RATCHASIMA, TH",14.967,102.083,188.0,1965-02-20,0.0,,35.8,21.1
TH000048431,"NAKHON RATCHASIMA, TH",14.967,102.083,188.0,1965-02-21,0.0,30.1,35.8,22.1
TH000048431,"NAKHON RATCHASIMA, TH",14.967,102.083,188.0,1965-02-22,0.0,,37.0,22.4
TH000048431,"NAKHON RATCHASIMA, TH",14.967,102.083,188.0,1965-02-23,59.7,30.0,35.9,20.9
TH000048431,"NAKHON RATCHASIMA, TH",14.967,102.083,188.0,1965-02-24,0.0,23.9,25.2,22.2
TH000048431,"NAKHON RATCHASIMA, TH",14.967,102.083,188.0,1965-02-25,0.0,25.2,28.0,21.7
TH000048431,"NAKHON RATCHASIMA, TH",14.967,102.083,188.0,1965-02-26,1.7,,26.7,20.9
TH000048431,"NAKHON RATCHASIMA, TH",14.967,102.083,188.0,1965-02-27,0.2,21.1,21.8,21.5
TH000048431,"NAKHON RATCHASIMA, TH",14.967,102.083,188.0,1965-02-28,0.0,25.8,30.9,18.9
TH000048431,"NAKHON RATCHASIMA, TH",14.967,102.083,188.0,1965-03-01,0.0,28.0,33.7,21.4
TH000048431,"NAKHON RATCHASIMA, TH",14.967,102.083,188.0,1965-03-02,17.8,27.6,35.5,21.5
TH000048431,"NAKHON RATCHASIMA, TH",14.967,102.083,188.0,1965-03-03,0.1,27.4,33.6,21.4
TH000048431,"NAKHON RATCHASIMA, TH",14.967,102.083,188.0,1965-03-04,0.7,26.6,34.6,21.5
TH000048431,"NAKHON RATCHASIMA, TH",14.967,102.083,188.0,1965-03-05,0.0,25.6,31.7,22.2
TH000048431,"NAKHON RATCHASIMA, TH",14.967,102.083,188.0,1965-03-06,0.0,24.9,29.8,21.9
TH000048431,"NAKHON RATCHASIMA, TH",14.967,102.083,188.0,1965-03-07,0.0,23.2,26.6,21.0
TH000048431,"NAKHON RATCHASIMA, TH",14.967,102.083,188.0,1965-03-08,0.0,23.9,29.1,19.2
TH000048431,"NAKHON RATCHASIMA, TH",14.967,102.083,188.0,1965-03-09,0.0,25.0,30.7,18.9
TH000048431,"NAKHON RATCHASIMA, TH",14.967,102.083,188.0,1965-03-10,0.0,25.7,31.7,18.5
TH000048431,"NAKHON RATCHASIMA, TH",14.967,102.083,188.0,1965-03-11,0.0,26.5,33.3,17.8
TH000048431,"NAKHON RATCHASIMA, TH",14.967,102.083,188.0,1965-03-12,0.0,30.3,34.0,17.7
TH000048431,"NAKHON RATCHASIMA, TH",14.967,102.083,188.0,1965-03-13,0.0,,34.2,18.5
TH000048431,"NAKHON RATCHASIMA, TH",14.967,102.083,188.0,1965-03-14,0.0,28.2,34.6,20.4
TH000048431,"NAKHON RATCHASIMA, TH",14.967,102.083,188.0,1965-03-15,0.0,27.8,34.7,21.5
TH000048431,"NAKHON RATCHASIMA, TH",14.967,102.083,188.0,1965-03-16,0.0,24.7,30.0,22.3
TH000048431,"NAKHON RATCHASIMA, TH",14.967,102.083,188.0,1965-03-17,0.0,26.0,32.5,18.5
TH000048431,"NAKHON RATCHASIMA, TH",14.967,102.083,188.0,1965-03-18,0.0,26.8,33.0,19.2
TH000048431,"NAKHON RATCHASIMA, TH",14.967,102.083,188.0,1965-03-19,0.0,28.3,34.4,20.0
TH000048431,"NAKHON RATCHASIMA, TH",14.967,102.083,188.0,1965-03-20,0.0,29.4,36.3,20.8
TH000048431,"NAKHON RATCHASIMA, TH",14.967,102.083,188.0,1965-03-21,1.2,28.9,36.5,22.4
TH000048431,"NAKHON RATCHASIMA, TH",14.967,102.083,188.0,1965-03-22,0.0,29.0,36.5,22.1
TH000048431,"NAKHON RATCHASIMA, TH",14.967,102.083,188.0,1965-03-23,1.7,29.3,36.4,22.2
TH000048431,"NAKHON RATCHASIMA, TH",14.967,102.083,188.0,1965-03-24,0.8,29.4,37.3,21.8
TH000048431,"NAKHON RATCHASIMA, TH",14.967,102.083,188.0,1965-03-25,0.0,30.1,37.3,21.6
TH000048431,"NAKHON RATCHASIMA, TH",14.967,102.083,188.0,1965-03-26,0.0,30.2,37.0,21.6
TH000048431,"NAKHON RATCHASIMA, TH",14.967,102.083,188.0,1965-03-27,0.0,30.6,37.7,21.7
TH000048431,"NAKHON RATCHASIMA, TH",14.967,102.083,188.0,1965-03-28,0.0,32.6,37.6,20.9
TH000048431,"NAKHON RATCHASIMA, TH",14.967,102.083,188.0,1965-03-29,0.0,30.8,38.0,23.0
TH000048431,"NAKHON RATCHASIMA, TH",14.967,102.083,188.0,1965-03-30,0.0,31.4,35.7,24.4
TH000048431,"NAKHON RATCHASIMA, TH",14.967,102.083,188.0,1965-03-31,4.0,28.8,37.2,22.5
TH000048431,"NAKHON RATCHASIMA, TH",14.967,102.083,188.0,1965-04-01,0.0,28.4,35.2,21.1
TH000048431,"NAKHON RATCHASIMA, TH",14.967,102.083,188.0,1965-04-02,19.2,28.3,36.5,23.8
TH000048431,"NAKHON RATCHASIMA, TH",14.967,102.083,188.0,1965-04-03,1.1,27.2,36.1,22.9
TH000048431,"NAKHON RATCHASIMA, TH",14.967,102.083,188.0,1965-04-04,2.2,30.2,37.6,22.0
TH000048431,"NAKHON RATCHASIMA, TH",14.967,102.083,188.0,1965-04-05,0.0,32.0,36.3,23.3
TH000048431,"NAKHON RATCHASIMA, TH",14.967,102.083,188.0,1965-04-06,0.0,29.7,35.5,21.5
TH000048431,"NAKHON RATCHASIMA, TH",14.967,102.083,188.0,1965-04-07,0.0,26.9,33.6,21.7
TH000048431,"NAKHON RATCHASIMA, TH",14.967,102.083,188.0,1965-04-08,0.0,29.3,33.9,23.1
TH000048431,"NAKHON RATCHASIMA, TH",14.967,102.083,188.0,1965-04-09,0.0,29.4,35.0,22.3
TH000048431,"NAKHON RATCHASIMA, TH",14.967,102.083,188.0,1965-04-10,10.9,29.2,36.2,21.9
TH000048431,"NAKHON RATCHASIMA, TH",14.967,102.083,188.0,1965-04-11,0.0,28.1,33.2,22.8
TH000048431,"NAKHON RATCHASIMA, TH",14.967,102.083,188.0,1965-04-12,0.0,28.0,32.4,21.1
TH000048431,"NAKHON RATCHASIMA, TH",14.967,102.083,188.0,1965-04-13,0.0,28.4,33.7,22.6
TH000048431,"NAKHON RATCHASIMA, TH",14.967,102.083,188.0,1965-04-14,0.0,31.0,35.5,21.4
TH000048431,"NAKHON RATCHASIMA, TH",14.967,102.083,188.0,1965-04-15,0.0,29.3,36.5,23.3
TH000048431,"NAKHON RATCHASIMA, TH",14.967,102.083,188.0,1965-04-16,2.7,31.6,38.5,22.2
TH000048431,"NAKHON RATCHASIMA, TH",14.967,102.083,188.0,1965-04-17,0.0,31.5,37.6,22.3
TH000048431,"NAKHON RATCHASIMA, TH",14.967,102.083,188.0,1965-04-18,0.0,32.1,38.3,23.7
TH000048431,"NAKHON RATCHASIMA, TH",14.967,102.083,188.0,1965-04-19,0.0,29.8,36.8,23.7
TH000048431,"NAKHON RATCHASIMA, TH",14.967,102.083,188.0,1965-04-20,0.0,30.7,36.8,24.2
TH000048431,"NAKHON RATCHASIMA, TH",14.967,102.083,188.0,1965-04-21,5.7,32.2,37.0,23.8
TH000048431,"NAKHON RATCHASIMA, TH",14.967,102.083,188.0,1965-04-22,0.0,32.0,37.7,23.6
TH000048431,"NAKHON RATCHASIMA, TH",14.967,102.083,188.0,1965-04-23,0.0,35.0,38.0,25.7
TH000048431,"NAKHON RATCHASIMA, TH",14.967,102.083,188.0,1965-04-24,21.4,29.4,38.4,23.7
TH000048431,"NAKHON RATCHASIMA, TH",14.967,102.083,188.0,1965-04-25,30.5,26.2,34.5,22.3
TH000048431,"NAKHON RATCHASIMA, TH",14.967,102.083,188.0,1965-04-26,0.0,28.3,34.5,21.2
TH000048431,"NAKHON RATCHASIMA, TH",14.967,102.083,188.0,1965-04-27,0.0,30.4,36.6,23.7
TH000048431,"NAKHON RATCHASIMA, TH",14.967,102.083,188.0,1965-04-28,0.0,31.8,37.0,23.3
TH000048431,"NAKHON RATCHASIMA, TH",14.967,102.083,188.0,1965-04-29,0.0,31.6,38.5,22.8
TH000048431,"NAKHON RATCHASIMA, TH",14.967,102.083,188.0,1965-04-30,0.0,31.8,38.5,23.5
TH000048431,"NAKHON RATCHASIMA, TH",14.967,102.083,188.0,1965-05-01,0.0,32.0,38.5,26.3
TH000048431,"NAKHON RATCHASIMA, TH",14.967,102.083,188.0,1965-05-02,0.2,29.2,36.6,20.3
TH000048431,"NAKHON RATCHASIMA, TH",14.967,102.083,188.0,1965-05-03,0.0,28.0,34.0,20.3
TH000048431,"NAKHON RATCHASIMA, TH",14.967,102.083,188.0,1965-05-04,0.0,31.0,35.7,23.3
TH000048431,"NAKHON RATCHASIMA, TH",14.967,102.083,188.0,1965-05-05,17.2,28.9,34.5,20.4
TH000048431,"NAKHON RATCHASIMA, TH",14.967,102.083,188.0,1965-05-06,30.6,28.0,33.1,21.3
TH000048431,"NAKHON RATCHASIMA, TH",14.967,102.083,188.0,1965-05-07,0.2,28.5,33.7,20.3
TH000048431,"NAKHON RATCHASIMA, TH",14.967,102.083,188.0,1965-05-08,23.1,29.0,34.8,20.4
TH000048431,"NAKHON RATCHASIMA, TH",14.967,102.083,188.0,1965-05-09,0.4,28.4,34.1,20.3
TH000048431,"NAKHON RATCHASIMA, TH",14.967,102.083,188.0,1965-05-10,0.0,30.4,34.7,25.3
TH000048431,"NAKHON RATCHASIMA, TH",14.967,102.083,188.0,1965-05-11,0.0,30.0,35.3,22.4
TH000048431,"NAKHON RATCHASIMA, TH",14.967,102.083,188.0,1965-05-12,26.3,29.6,35.7,22.4
TH000048431,"NAKHON RATCHASIMA, TH",14.967,102.083,188.0,1965-05-13,0.0,28.5,35.6,27.2
TH000048431,"NAKHON RATCHASIMA, TH",14.967,102.083,188.0,1965-05-14,0.1,30.4,34.3,27.2
TH000048431,"NAKHON RATCHASIMA, TH",14.967,102.083,188.0,1965-05-15,0.0,31.7,35.5,27.6
TH000048431,"NAKHON RATCHASIMA, TH",14.967,102.083,188.0,1965-05-16,22.3,27.7,35.3,22.4
TH000048431,"NAKHON RATCHASIMA, TH",14.967,102.083,188.0,1965-05-17,16.5,26.5,31.6,24.2
TH000048431,"NAKHON RATCHASIMA, TH",14.967,102.083,188.0,1965-05-18,0.0,28.6,33.0,29.1
TH000048431,"NAKHON RATCHASIMA, TH",14.967,102.083,188.0,1965-05-19,18.8,29.3,35.1,20.3
TH000048431,"NAKHON RATCHASIMA, TH",14.967,102.083,188.0,1965-05-20,1.0,28.7,33.6,28.2
TH000048431,"NAKHON RATCHASIMA, TH",14.967,102.083,188.0,1965-05-21,0.0,28.1,32.2,21.3
TH000048431,"NAKHON RATCHASIMA, TH",14.967,102.083,188.0,1965-05-22,11.9,29.7,34.5,23.4
TH000048431,"NAKHON RATCHASIMA, TH",14.967,102.083,188.0,1965-05-23,15.1,28.8,33.0,28.4
TH000048431,"NAKHON RATCHASIMA, TH",14.967,102.083,188.0,1965-05-24,1.0,27.4,32.0,29.2
TH000048431,"NAKHON RATCHASIMA, TH",14.967,102.083,188.0,1965-05-25,0.0,28.7,33.2,27.3
TH000048431,"NAKHON RATCHASIMA, TH",14.967,102.083,188.0,1965-05-26,0.0,29.3,34.3,24.3
TH000048431,"NAKHON RATCHASIMA, TH",14.967,102.083,188.0,1965-05-27,2.1,28.2,33.0,20.4
TH000048431,"NAKHON RATCHASIMA, TH",14.967,102.083,188.0,1965-05-28,2.4,27.2,31.8,26.3
TH000048431,"NAKHON RATCHASIMA, TH",14.967,102.083,188.0,1965-05-29,5.8,28.2,32.2,21.4
TH000048431,"NAKHON RATCHASIMA, TH",14.967,102.083,188.0,1965-05-30,2.6,26.7,30.0,22.3
TH000048431,"NAKHON RATCHASIMA, TH",14.967,102.083,188.0,1965-05-31,0.1,28.8,33.3,24.3
TH000048431,"NAKHON RATCHASIMA, TH",14.967,102.083,188.0,1965-06-01,0.2,29.6,33.2,23.8
TH000048431,"NAKHON RATCHASIMA, TH",14.967,102.083,188.0,1965-06-02,3.0,29.0,32.7,23.3
TH000048431,"NAKHON RATCHASIMA, TH",14.967,102.083,188.0,1965-06-03,0.0,28.8,33.6,23.6
TH000048431,"NAKHON RATCHASIMA, TH",14.967,102.083,188.0,1965-06-04,0.0,30.3,33.6,23.4
TH000048431,"NAKHON RATCHASIMA, TH",14.967,102.083,188.0,1965-06-05,0.0,28.3,32.2,23.4
TH000048431,"NAKHON RATCHASIMA, TH",14.967,102.083,188.0,1965-06-06,0.0,29.0,33.9,23.7
TH000048431,"NAKHON RATCHASIMA, TH",14.967,102.083,188.0,1965-06-07,0.0,29.9,32.8,23.1
TH000048431,"NAKHON RATCHASIMA, TH",14.967,102.083,188.0,1965-06-08,0.0,,33.4,24.2
TH000048431,"NAKHON RATCHASIMA, TH",14.967,102.083,188.0,1965-06-09,0.8,29.6,34.6,23.8
TH000048431,"NAKHON RATCHASIMA, TH",14.967,102.083,188.0,1965-06-10,0.0,28.3,33.3,23.9
TH000048431,"NAKHON RATCHASIMA, TH",14.967,102.083,188.0,1965-06-11,0.0,29.2,32.2,23.4
TH000048431,"NAKHON RATCHASIMA, TH",14.967,102.083,188.0,1965-06-12,0.0,30.0,34.0,24.1
TH000048431,"NAKHON RATCHASIMA, TH",14.967,102.083,188.0,1965-06-13,0.0,28.4,32.7,24.3
TH000048431,"NAKHON RATCHASIMA, TH",14.967,102.083,188.0,1965-06-14,0.0,29.0,33.6,23.0
TH000048431,"NAKHON RATCHASIMA, TH",14.967,102.083,188.0,1965-06-15,5.0,27.7,32.7,23.9
TH000048431,"NAKHON RATCHASIMA, TH",14.967,102.083,188.0,1965-06-16,3.7,27.1,31.3,24.2
TH000048431,"NAKHON RATCHASIMA, TH",14.967,102.083,188.0,1965-06-17,0.0,28.2,32.6,22.9
TH000048431,"NAKHON RATCHASIMA, TH",14.967,102.083,188.0,1965-06-18,11.9,28.1,34.6,23.6
TH000048431,"NAKHON RATCHASIMA, TH",14.967,102.083,188.0,1965-06-19,4.2,27.4,31.2,22.5
TH000048431,"NAKHON RATCHASIMA, TH",14.967,102.083,188.0,1965-06-20,0.0,28.5,32.7,22.7
TH000048431,"NAKHON RATCHASIMA, TH",14.967,102.083,188.0,1965-06-21,0.1,28.8,31.2,23.8
TH000048431,"NAKHON RATCHASIMA, TH",14.967,102.083,188.0,1965-06-22,11.4,27.1,34.1,24.8
TH000048431,"NAKHON RATCHASIMA, TH",14.967,102.083,188.0,1965-06-23,4.0,27.0,32.2,23.4
TH000048431,"NAKHON RATCHASIMA, TH",14.967,102.083,188.0,1965-06-24,0.0,,33.2,23.4
TH000048431,"NAKHON RATCHASIMA, TH",14.967,102.083,188.0,1965-06-25,0.0,29.7,32.4,23.4
TH000048431,"NAKHON RATCHASIMA, TH",14.967,102.083,188.0,1965-06-26,0.0,28.6,33.5,23.0
TH000048431,"NAKHON RATCHASIMA, TH",14.967,102.083,188.0,1965-06-27,0.0,29.3,34.2,22.6
TH000048431,"NAKHON RATCHASIMA, TH",14.967,102.083,188.0,1965-06-28,0.1,32.0,35.5,24.1
TH000048431,"NAKHON RATCHASIMA, TH",14.967,102.083,188.0,1965-06-29,0.8,26.8,31.4,24.3
TH000048431,"NAKHON RATCHASIMA, TH",14.967,102.083,188.0,1965-06-30,0.0,28.4,32.1,23.5
TH000048431,"NAKHON RATCHASIMA, TH",14.967,102.083,188.0,1965-07-01,11.8,27.9,34.5,24.0
TH000048431,"NAKHON RATCHASIMA, TH",14.967,102.083,188.0,1965-07-02,0.0,29.2,33.5,22.5
TH000048431,"NAKHON RATCHASIMA, TH",14.967,102.083,188.0,1965-07-03,0.0,29.4,33.6,22.0
TH000048431,"NAKHON RATCHASIMA, TH",14.967,102.083,188.0,1965-07-04,0.0,30.3,35.2,21.9
TH000048431,"NAKHON RATCHASIMA, TH",14.967,102.083,188.0,1965-07-05,0.0,31.1,35.1,23.7
TH000048431,"NAKHON RATCHASIMA, TH",14.967,102.083,188.0,1965-07-06,0.0,31.4,35.5,23.7
TH000048431,"NAKHON RATCHASIMA, TH",14.967,102.083,188.0,1965-07-07,3.3,29.2,34.2,22.9
TH000048431,"NAKHON RATCHASIMA, TH",14.967,102.083,188.0,1965-07-08,0.0,30.3,34.1,23.2
TH000048431,"NAKHON RATCHASIMA, TH",14.967,102.083,188.0,1965-07-09,0.0,30.0,34.5,22.8
TH000048431,"NAKHON RATCHASIMA, TH",14.967,102.083,188.0,1965-07-10,0.0,30.2,36.1,23.2
TH000048431,"NAKHON RATCHASIMA, TH",14.967,102.083,188.0,1965-07-11,0.0,30.7,36.4,23.2
TH000048431,"NAKHON RATCHASIMA, TH",14.967,102.083,188.0,1965-07-12,2.7,28.6,32.3,23.7
TH000048431,"NAKHON RATCHASIMA, TH",14.967,102.083,188.0,1965-07-13,5.1,25.0,26.5,22.4
TH000048431,"NAKHON RATCHASIMA, TH",14.967,102.083,188.0,1965-07-14,0.0,27.8,33.0,22.8
TH000048431,"NAKHON RATCHASIMA, TH",14.967,102.083,188.0,1965-07-15,0.0,30.6,35.1,24.0
TH000048431,"NAKHON RATCHASIMA, TH",14.967,102.083,188.0,1965-07-16,0.0,29.6,32.8,23.4
TH000048431,"NAKHON RATCHASIMA, TH",14.967,102.083,188.0,1965-07-17,1.5,28.0,36.6,22.7
TH000048431,"NAKHON RATCHASIMA, TH",14.967,102.083,188.0,1965-07-18,1.9,27.7,36.4,22.9
TH000048431,"NAKHON RATCHASIMA, TH",14.967,102.083,188.0,1965-07-19,16.6,28.4,35.5,23.3
TH000048431,"NAKHON RATCHASIMA, TH",14.967,102.083,188.0,1965-07-20,0.0,31.0,35.0,22.4
TH000048431,"NAKHON RATCHASIMA, TH",14.967,102.083,188.0,1965-07-21,0.0,31.4,35.2,23.6
TH000048431,"NAKHON RATCHASIMA, TH",14.967,102.083,188.0,1965-07-22,24.4,29.8,35.0,23.2
TH000048431,"NAKHON RATCHASIMA, TH",14.967,102.083,188.0,1965-07-23,9.9,27.7,33.7,23.7
TH000048431,"NAKHON RATCHASIMA, TH",14.967,102.083,188.0,1965-07-24,0.0,26.8,30.3,23.6
TH000048431,"NAKHON RATCHASIMA, TH",14.967,102.083,188.0,1965-07-25,0.0,26.9,31.0,23.8
TH000048431,"NAKHON RATCHASIMA, TH",14.967,102.083,188.0,1965-07-26,0.5,27.9,31.9,23.4
TH000048431,"NAKHON RATCHASIMA, TH",14.967,102.083,188.0,1965-07-27,0.7,28.4,32.8,23.7
TH000048431,"NAKHON RATCHASIMA, TH",14.967,102.083,188.0,1965-07-28,1.7,26.7,29.4,23.7
TH000048431,"NAKHON RATCHASIMA, TH",14.967,102.083,188.0,1965-07-29,6.7,27.8,32.0,23.5
TH000048431,"NAKHON RATCHASIMA, TH",14.967,102.083,188.0,1965-07-30,0.0,27.4,33.2,23.2
TH000048431,"NAKHON RATCHASIMA, TH",14.967,102.083,188.0,1965-07-31,0.3,28.6,33.8,22.4
TH000048431,"NAKHON RATCHASIMA, TH",14.967,102.083,188.0,1965-08-01,13.2,27.2,32.8,23.5
TH000048431,"NAKHON RATCHASIMA, TH",14.967,102.083,188.0,1965-08-02,0.0,28.6,34.7,23.3
TH000048431,"NAKHON RATCHASIMA, TH",14.967,102.083,188.0,1965-08-03,2.0,29.6,34.1,23.7
TH000048431,"NAKHON RATCHASIMA, TH",14.967,102.083,188.0,1965-08-04,0.0,29.9,34.1,23.5
TH000048431,"NAKHON RATCHASIMA, TH",14.967,102.083,188.0,1965-08-05,0.0,29.9,34.5,23.7
TH000048431,"NAKHON RATCHASIMA, TH",14.967,102.083,188.0,1965-08-06,0.0,31.0,35.5,22.9
TH000048431,"NAKHON RATCHASIMA, TH",14.967,102.083,188.0,1965-08-07,0.0,30.7,33.8,24.3
TH000048431,"NAKHON RATCHASIMA, TH",14.967,102.083,188.0,1965-08-08,2.9,28.2,34.2,22.2
TH000048431,"NAKHON RATCHASIMA, TH",14.967,102.083,188.0,1965-08-09,2.5,29.1,35.3,22.5
TH000048431,"NAKHON RATCHASIMA, TH",14.967,102.083,188.0,1965-08-10,0.0,30.0,34.6,22.9
TH000048431,"NAKHON RATCHASIMA, TH",14.967,102.083,188.0,1965-08-11,0.3,31.2,36.5,23.1
TH000048431,"NAKHON RATCHASIMA, TH",14.967,102.083,188.0,1965-08-12,6.2,29.4,36.0,23.3
TH000048431,"NAKHON RATCHASIMA, TH",14.967,102.083,188.0,1965-08-13,0.0,29.7,33.4,23.3
TH000048431,"NAKHON RATCHASIMA, TH",14.967,102.083,188.0,1965-08-14,15.9,26.2,32.5,24.3
TH000048431,"NAKHON RATCHASIMA, TH",14.967,102.083,188.0,1965-08-15,15.2,26.7,32.5,22.0
TH000048431,"NAKHON RATCHASIMA, TH",14.967,102.083,188.0,1965-08-16,0.0,28.8,33.7,22.5
TH000048431,"NAKHON RATCHASIMA, TH",14.967,102.083,188.0,1965-08-17,0.3,28.3,34.9,23.6
TH000048431,"NAKHON RATCHASIMA, TH",14.967,102.083,188.0,1965-08-18,10.2,27.6,34.5,23.2
TH000048431,"NAKHON RATCHASIMA, TH",14.967,102.083,188.0,1965-08-19,4.2,26.6,31.2,23.8
TH000048431,"NAKHON RATCHASIMA, TH",14.967,102.083,188.0,1965-08-20,13.4,26.1,31.1,23.2
TH000048431,"NAKHON RATCHASIMA, TH",14.967,102.083,188.0,1965-08-21,0.4,27.2,30.1,22.9
TH000048431,"NAKHON RATCHASIMA, TH",14.967,102.083,188.0,1965-08-22,13.7,27.6,33.0,22.2
TH000048431,"NAKHON RATCHASIMA, TH",14.967,102.083,188.0,1965-08-23,0.5,29.8,33.0,23.6
TH000048431,"NAKHON RATCHASIMA, TH",14.967,102.083,188.0,1965-08-24,20.7,25.1,30.8,22.8
TH000048431,"NAKHON RATCHASIMA, TH",14.967,102.083,188.0,1965-08-25,0.0,29.2,33.5,21.5
TH000048431,"NAKHON RATCHASIMA, TH",14.967,102.083,188.0,1965-08-26,18.7,26.6,34.4,23.1
TH000048431,"NAKHON RATCHASIMA, TH",14.967,102.083,188.0,1965-08-27,43.4,26.6,30.8,22.2
TH000048431,"NAKHON RATCHASIMA, TH",14.967,102.083,188.0,1965-08-28,0.2,26.9,31.2,22.0
TH000048431,"NAKHON RATCHASIMA, TH",14.967,102.083,188.0,1965-08-29,4.4,26.5,31.5,23.4
TH000048431,"NAKHON RATCHASIMA, TH",14.967,102.083,188.0,1965-08-30,4.0,26.2,30.9,22.9
TH000048431,"NAKHON RATCHASIMA, TH",14.967,102.083,188.0,1965-08-31,0.0,27.5,32.4,22.1
TH000048431,"NAKHON RATCHASIMA, TH",14.967,102.083,188.0,1965-09-01,17.3,29.6,33.0,25.2
TH000048431,"NAKHON RATCHASIMA, TH",14.967,102.083,188.0,1965-09-02,1.2,25.3,28.5,25.1
TH000048431,"NAKHON RATCHASIMA, TH",14.967,102.083,188.0,1965-09-03,1.7,28.4,32.8,25.2
TH000048431,"NAKHON RATCHASIMA, TH",14.967,102.083,188.0,1965-09-04,0.0,28.2,31.5,20.3
TH000048431,"NAKHON RATCHASIMA, TH",14.967,102.083,188.0,1965-09-05,0.6,27.7,31.0,29.3
TH000048431,"NAKHON RATCHASIMA, TH",14.967,102.083,188.0,1965-09-06,0.0,27.5,31.6,21.2
TH000048431,"NAKHON RATCHASIMA, TH",14.967,102.083,188.0,1965-09-07,0.0,28.3,32.9,20.3
TH000048431,"NAKHON RATCHASIMA, TH",14.967,102.083,188.0,1965-09-08,0.0,28.5,32.8,26.2
TH000048431,"NAKHON RATCHASIMA, TH",14.967,102.083,188.0,1965-09-09,0.1,28.4,33.0,25.3
TH000048431,"NAKHON RATCHASIMA, TH",14.967,102.083,188.0,1965-09-10,7.1,27.5,32.0,25.3
TH000048431,"NAKHON RATCHASIMA, TH",14.967,102.083,188.0,1965-09-11,0.0,28.7,33.8,28.2
TH000048431,"NAKHON RATCHASIMA, TH",14.967,102.083,188.0,1965-09-12,3.5,29.6,33.4,24.2
TH000048431,"NAKHON RATCHASIMA, TH",14.967,102.083,188.0,1965-09-13,26.6,30.2,34.3,26.2
TH000048431,"NAKHON RATCHASIMA, TH",14.967,102.083,188.0,1965-09-14,4.4,26.6,32.2,25.2
TH000048431,"NAKHON RATCHASIMA, TH",14.967,102.083,188.0,1965-09-15,0.0,27.3,31.3,25.3
TH000048431,"NAKHON RATCHASIMA, TH",14.967,102.083,188.0,1965-09-16,0.0,28.0,33.0,26.3
TH000048431,"NAKHON RATCHASIMA, TH",14.967,102.083,188.0,1965-09-17,4.8,27.7,31.2,26.1
TH000048431,"NAKHON RATCHASIMA, TH",14.967,102.083,188.0,1965-09-18,2.1,25.8,30.0,28.0
TH000048431,"NAKHON RATCHASIMA, TH",14.967,102.083,188.0,1965-09-19,104.3,25.1,29.2,25.3
TH000048431,"NAKHON RATCHASIMA, TH",14.967,102.083,188.0,1965-09-20,23.3,24.4,28.2,28.1
TH000048431,"NAKHON RATCHASIMA, TH",14.967,102.083,188.0,1965-09-21,10.1,25.8,30.5,24.3
TH000048431,"NAKHON RATCHASIMA, TH",14.967,102.083,188.0,1965-09-22,6.0,26.8,30.0,24.2
TH000048431,"NAKHON RATCHASIMA, TH",14.967,102.083,188.0,1965-09-23,0.0,25.9,31.6,20.2
TH000048431,"NAKHON RATCHASIMA, TH",14.967,102.083,188.0,1965-09-24,14.2,29.2,32.3,24.2
TH000048431,"NAKHON RATCHASIMA, TH",14.967,102.083,188.0,1965-09-25,1.0,28.2,31.2,28.2
TH000048431,"NAKHON RATCHASIMA, TH",14.967,102.083,188.0,1965-09-26,0.0,27.8,32.0,24.2
TH000048431,"NAKHON RATCHASIMA, TH",14.967,102.083,188.0,1965-09-27,5.1,26.8,32.7,20.3
TH000048431,"NAKHON RATCHASIMA, TH",14.967,102.083,188.0,1965-09-28,8.7,27.0,31.4,24.3
TH000048431,"NAKHON RATCHASIMA, TH",14.967,102.083,188.0,1965-09-29,9.4,26.6,31.0,22.3
TH000048431,"NAKHON RATCHASIMA, TH",14.967,102.083,188.0,1965-09-30,0.4,29.3,32.0,24.3
TH000048431,"NAKHON RATCHASIMA, TH",14.967,102.083,188.0,1965-10-01,0.0,27.7,32.8,23.0
TH000048431,"NAKHON RATCHASIMA, TH",14.967,102.083,188.0,1965-10-02,5.3,29.3,33.7,22.6
TH000048431,"NAKHON RATCHASIMA, TH",14.967,102.083,188.0,1965-10-03,1.2,25.7,29.7,22.4
TH000048431,"NAKHON RATCHASIMA, TH",14.967,102.083,188.0,1965-10-04,0.0,26.1,32.0,22.7
TH000048431,"NAKHON RATCHASIMA, TH",14.967,102.083,188.0,1965-10-05,0.0,27.8,32.9,22.8
TH000048431,"NAKHON RATCHASIMA, TH",14.967,102.083,188.0,1965-10-06,4.4,27.9,33.6,22.8
TH000048431,"NAKHON RATCHASIMA, TH",14.967,102.083,188.0,1965-10-07,0.0,28.7,32.5,23.6
TH000048431,"NAKHON RATCHASIMA, TH",14.967,102.083,188.0,1965-10-08,1.1,28.9,32.8,23.2
TH000048431,"NAKHON RATCHASIMA, TH",14.967,102.083,188.0,1965-10-09,20.7,27.5,32.6,22.3
TH000048431,"NAKHON RATCHASIMA, TH",14.967,102.083,188.0,1965-10-10,0.0,28.1,32.6,22.7
TH000048431,"NAKHON RATCHASIMA, TH",14.967,102.083,188.0,1965-10-11,3.8,27.4,32.5,23.2
TH000048431,"NAKHON RATCHASIMA, TH",14.967,102.083,188.0,1965-10-12,4.1,26.1,30.5,22.4
TH000048431,"NAKHON RATCHASIMA, TH",14.967,102.083,188.0,1965-10-13,0.0,28.6,31.3,22.5
TH000048431,"NAKHON RATCHASIMA, TH",14.967,102.083,188.0,1965-10-14,0.0,27.3,30.5,23.4
TH000048431,"NAKHON RATCHASIMA, TH",14.967,102.083,188.0,1965-10-15,1.6,26.8,30.9,23.4
TH000048431,"NAKHON RATCHASIMA, TH",14.967,102.083,188.0,1965-10-16,0.0,26.8,30.6,22.5
TH000048431,"NAKHON RATCHASIMA, TH",14.967,102.083,188.0,1965-10-17,0.0,27.3,30.5,23.2
TH000048431,"NAKHON RATCHASIMA, TH",14.967,102.083,188.0,1965-10-18,0.0,26.1,29.7,22.2
TH000048431,"NAKHON RATCHASIMA, TH",14.967,102.083,188.0,1965-10-19,0.0,25.9,30.4,20.8
TH000048431,"NAKHON RATCHASIMA, TH",14.967,102.083,188.0,1965-10-20,0.0,26.8,29.6,19.4
TH000048431,"NAKHON RATCHASIMA, TH",14.967,102.083,188.0,1965-10-21,0.0,26.8,30.3,22.0
TH000048431,"NAKHON RATCHASIMA, TH",14.967,102.083,188.0,1965-10-22,20.3,26.0,29.5,21.8
TH000048431,"NAKHON RATCHASIMA, TH",14.967,102.083,188.0,1965-10-23,1.3,25.8,29.7,21.7
TH000048431,"NAKHON RATCHASIMA, TH",14.967,102.083,188.0,1965-10-24,0.0,26.5,30.5,22.9
TH000048431,"NAKHON RATCHASIMA, TH",14.967,102.083,188.0,1965-10-25,0.0,27.7,32.0,22.1
TH000048431,"NAKHON RATCHASIMA, TH",14.967,102.083,188.0,1965-10-26,0.0,26.7,33.2,22.2
TH000048431,"NAKHON RATCHASIMA, TH",14.967,102.083,188.0,1965-10-27,5.7,26.3,33.3,22.8
TH000048431,"NAKHON RATCHASIMA, TH",14.967,102.083,188.0,1965-10-28,0.0,27.3,32.5,23.0
TH000048431,"NAKHON RATCHASIMA, TH",14.967,102.083,188.0,1965-10-29,0.0,29.2,33.0,21.9
TH000048431,"NAKHON RATCHASIMA, TH",14.967,102.083,188.0,1965-10-30,2.8,24.7,30.8,22.9
TH000048431,"NAKHON RATCHASIMA, TH",14.967,102.083,188.0,1965-10-31,0.0,27.5,31.8,22.1
TH000048431,"NAKHON RATCHASIMA, TH",14.967,102.083,188.0,1965-11-01,0.0,28.3,32.6,22.3
TH000048431,"NAKHON RATCHASIMA, TH",14.967,102.083,188.0,1965-11-02,0.0,26.9,32.7,22.4
TH000048431,"NAKHON RATCHASIMA, TH",14.967,102.083,188.0,1965-11-03,0.0,,32.7,22.4
TH000048431,"NAKHON RATCHASIMA, TH",14.967,102.083,188.0,1965-11-04,0.0,28.1,32.0,20.1
TH000048431,"NAKHON RATCHASIMA, TH",14.967,102.083,188.0,1965-11-05,0.0,28.7,32.1,21.7
TH000048431,"NAKHON RATCHASIMA, TH",14.967,102.083,188.0,1965-11-06,0.0,27.8,32.6,22.4
TH000048431,"NAKHON RATCHASIMA, TH",14.967,102.083,188.0,1965-11-07,0.5,29.3,34.1,21.9
TH000048431,"NAKHON RATCHASIMA, TH",14.967,102.083,188.0,1965-11-08,0.0,28.5,34.6,21.9
TH000048431,"NAKHON RATCHASIMA, TH",14.967,102.083,188.0,1965-11-09,0.0,27.3,32.2,20.0
TH000048431,"NAKHON RATCHASIMA, TH",14.967,102.083,188.0,1965-11-10,0.0,24.8,30.8,19.3
TH000048431,"NAKHON RATCHASIMA, TH",14.967,102.083,188.0,1965-11-11,0.0,24.1,30.6,17.7
TH000048431,"NAKHON RATCHASIMA, TH",14.967,102.083,188.0,1965-11-12,0.0,25.2,30.7,16.6
TH000048431,"NAKHON RATCHASIMA, TH",14.967,102.083,188.0,1965-11-13,0.0,26.4,32.0,17.9
TH000048431,"NAKHON RATCHASIMA, TH",14.967,102.083,188.0,1965-11-14,0.0,27.0,31.3,18.8
TH000048431,"NAKHON RATCHASIMA, TH",14.967,102.083,188.0,1965-11-15,0.0,27.1,32.9,19.5
TH000048431,"NAKHON RATCHASIMA, TH",14.967,102.083,188.0,1965-11-16,2.7,27.5,33.0,21.5
TH000048431,"NAKHON RATCHASIMA, TH",14.967,102.083,188.0,1965-11-17,0.0,26.3,30.0,22.0
TH000048431,"NAKHON RATCHASIMA, TH",14.967,102.083,188.0,1965-11-18,1.6,28.0,32.0,21.5
TH000048431,"NAKHON RATCHASIMA, TH",14.967,102.083,188.0,1965-11-19,12.0,26.1,31.2,21.9
TH000048431,"NAKHON RATCHASIMA, TH",14.967,102.083,188.0,1965-11-20,0.0,27.1,31.0,21.0
TH000048431,"NAKHON RATCHASIMA, TH",14.967,102.083,188.0,1965-11-21,0.0,25.3,28.6,19.8
TH000048431,"NAKHON RATCHASIMA, TH",14.967,102.083,188.0,1965-11-22,0.0,25.8,29.8,21.4
TH000048431,"NAKHON RATCHASIMA, TH",14.967,102.083,188.0,1965-11-23,0.0,25.2,29.5,19.4
TH000048431,"NAKHON RATCHASIMA, TH",14.967,102.083,188.0,1965-11-24,0.0,26.6,31.5,21.5
TH000048431,"NAKHON RATCHASIMA, TH",14.967,102.083,188.0,1965-11-25,0.0,28.8,31.0,19.4
TH000048431,"NAKHON RATCHASIMA, TH",14.967,102.083,188.0,1965-11-26,0.0,25.2,29.2,19.4
TH000048431,"NAKHON RATCHASIMA, TH",14.967,102.083,188.0,1965-11-27,0.0,23.7,28.1,19.0
TH000048431,"NAKHON RATCHASIMA, TH",14.967,102.083,188.0,1965-11-28,0.0,26.7,29.2,17.6
TH000048431,"NAKHON RATCHASIMA, TH",14.967,102.083,188.0,1965-11-29,0.0,24.3,29.0,18.5
TH000048431,"NAKHON RATCHASIMA, TH",14.967,102.083,188.0,1965-11-30,0.0,21.6,28.6,17.5
TH000048431,"NAKHON RATCHASIMA, TH",14.967,102.083,188.0,1965-12-01,0.0,22.8,28.3,15.0
TH000048431,"NAKHON RATCHASIMA, TH",14.967,102.083,188.0,1965-12-02,0.0,23.9,30.0,15.5
TH000048431,"NAKHON RATCHASIMA, TH",14.967,102.083,188.0,1965-12-03,0.0,25.4,31.4,17.1
TH000048431,"NAKHON RATCHASIMA, TH",14.967,102.083,188.0,1965-12-04,0.0,27.1,32.8,20.5
TH000048431,"NAKHON RATCHASIMA, TH",14.967,102.083,188.0,1965-12-05,0.0,26.6,32.0,20.6
TH000048431,"NAKHON RATCHASIMA, TH",14.967,102.083,188.0,1965-12-06,0.0,25.5,31.0,20.4
TH000048431,"NAKHON RATCHASIMA, TH",14.967,102.083,188.0,1965-12-07,0.0,26.1,31.8,19.9
TH000048431,"NAKHON RATCHASIMA, TH",14.967,102.083,188.0,1965-12-08,0.0,26.4,31.5,20.5
TH000048431,"NAKHON RATCHASIMA, TH",14.967,102.083,188.0,1965-12-09,0.0,25.9,30.5,21.0
TH000048431,"NAKHON RATCHASIMA, TH",14.967,102.083,188.0,1965-12-10,0.0,26.7,32.0,20.0
TH000048431,"NAKHON RATCHASIMA, TH",14.967,102.083,188.0,1965-12-11,0.0,26.9,31.5,21.9
TH000048431,"NAKHON RATCHASIMA, TH",14.967,102.083,188.0,1965-12-12,0.0,25.6,29.3,22.8
TH000048431,"NAKHON RATCHASIMA, TH",14.967,102.083,188.0,1965-12-13,0.0,26.6,32.7,21.1
TH000048431,"NAKHON RATCHASIMA, TH",14.967,102.083,188.0,1965-12-14,0.0,27.3,32.4,20.0
TH000048431,"NAKHON RATCHASIMA, TH",14.967,102.083,188.0,1965-12-15,0.0,26.6,31.7,20.3
TH000048431,"NAKHON RATCHASIMA, TH",14.967,102.083,188.0,1965-12-16,0.0,27.1,33.0,20.5
TH000048431,"NAKHON RATCHASIMA, TH",14.967,102.083,188.0,1965-12-17,0.0,23.6,29.8,22.5
TH000048431,"NAKHON RATCHASIMA, TH",14.967,102.083,188.0,1965-12-18,0.0,20.7,25.9,15.7
TH000048431,"NAKHON RATCHASIMA, TH",14.967,102.083,188.0,1965-12-19,0.0,22.8,27.0,14.2
TH000048431,"NAKHON RATCHASIMA, TH",14.967,102.083,188.0,1965-12-20,0.0,25.2,30.5,19.4
TH000048431,"NAKHON RATCHASIMA, TH",14.967,102.083,188.0,1965-12-21,0.0,25.8,31.3,20.3
TH000048431,"NAKHON RATCHASIMA, TH",14.967,102.083,188.0,1965-12-22,0.0,27.3,32.4,19.1
TH000048431,"NAKHON RATCHASIMA, TH",14.967,102.083,188.0,1965-12-23,0.0,28.3,35.4,21.2
TH000048431,"NAKHON RATCHASIMA, TH",14.967,102.083,188.0,1965-12-24,0.0,28.6,35.5,20.0
TH000048431,"NAKHON RATCHASIMA, TH",14.967,102.083,188.0,1965-12-25,0.0,26.1,31.5,22.0
TH000048431,"NAKHON RATCHASIMA, TH",14.967,102.083,188.0,1965-12-26,0.0,26.2,33.0,18.2
TH000048431,"NAKHON RATCHASIMA, TH",14.967,102.083,188.0,1965-12-27,0.0,25.4,32.1,19.5
TH000048431,"NAKHON RATCHASIMA, TH",14.967,102.083,188.0,1965-12-28,0.0,24.9,31.8,18.2
TH000048431,"NAKHON RATCHASIMA, TH",14.967,102.083,188.0,1965-12-29,0.0,24.2,31.3,16.4
TH000048431,"NAKHON RATCHASIMA, TH",14.967,102.083,188.0,1965-12-30,0.0,21.6,28.1,17.7
TH000048431,"NAKHON RATCHASIMA, TH",14.967,102.083,188.0,1965-12-31,0.0,19.8,26.2,13.8
TH000048431,"NAKHON RATCHASIMA, TH",14.967,102.083,188.0,1966-01-01,0.0,19.7,26.5,11.0
TH000048431,"NAKHON RATCHASIMA, TH",14.967,102.083,188.0,1966-01-02,0.0,21.0,28.6,10.7
TH000048431,"NAKHON RATCHASIMA, TH",14.967,102.083,188.0,1966-01-03,0.0,22.3,29.8,11.2
TH000048431,"NAKHON RATCHASIMA, TH",14.967,102.083,188.0,1966-01-04,0.0,22.8,29.9,13.4
TH000048431,"NAKHON RATCHASIMA, TH",14.967,102.083,188.0,1966-01-05,0.0,23.9,31.4,14.5
TH000048431,"NAKHON RATCHASIMA, TH",14.967,102.083,188.0,1966-01-06,0.0,24.3,31.7,14.2
TH000048431,"NAKHON RATCHASIMA, TH",14.967,102.083,188.0,1966-01-07,0.0,24.0,31.3,15.4
TH000048431,"NAKHON RATCHASIMA, TH",14.967,102.083,188.0,1966-01-08,0.0,25.4,31.3,15.3
TH000048431,"NAKHON RATCHASIMA, TH",14.967,102.083,188.0,1966-01-09,0.0,25.8,32.5,18.4
TH000048431,"NAKHON RATCHASIMA, TH",14.967,102.083,188.0,1966-01-10,0.0,26.8,34.1,16.9
TH000048431,"NAKHON RATCHASIMA, TH",14.967,102.083,188.0,1966-01-11,0.0,27.6,34.4,18.5
TH000048431,"NAKHON RATCHASIMA, TH",14.967,102.083,188.0,1966-01-12,0.0,28.0,35.7,19.8
TH000048431,"NAKHON RATCHASIMA, TH",14.967,102.083,188.0,1966-01-13,0.0,28.4,36.2,18.6
TH000048431,"NAKHON RATCHASIMA, TH",14.967,102.083,188.0,1966-01-14,0.0,27.9,34.9,19.6
TH000048431,"NAKHON RATCHASIMA, TH",14.967,102.083,188.0,1966-01-15,0.0,27.0,34.9,21.1
TH000048431,"NAKHON RATCHASIMA, TH",14.967,102.083,188.0,1966-01-16,0.0,27.4,35.0,17.9
TH000048431,"NAKHON RATCHASIMA, TH",14.967,102.083,188.0,1966-01-17,0.0,28.1,35.7,19.3
TH000048431,"NAKHON RATCHASIMA, TH",14.967,102.083,188.0,1966-01-18,0.0,27.9,35.4,20.4
TH000048431,"NAKHON RATCHASIMA, TH",14.967,102.083,188.0,1966-01-19,0.0,26.3,33.8,21.2
TH000048431,"NAKHON RATCHASIMA, TH",14.967,102.083,188.0,1966-01-20,0.0,25.9,31.5,19.8
TH000048431,"NAKHON RATCHASIMA, TH",14.967,102.083,188.0,1966-01-21,0.0,25.7,32.0,19.6
TH000048431,"NAKHON RATCHASIMA, TH",14.967,102.083,188.0,1966-01-22,0.0,25.6,32.0,19.3
TH000048431,"NAKHON RATCHASIMA, TH",14.967,102.083,188.0,1966-01-23,0.0,26.7,33.2,18.7
TH000048431,"NAKHON RATCHASIMA, TH",14.967,102.083,188.0,1966-01-24,0.0,27.4,33.3,19.1
TH000048431,"NAKHON RATCHASIMA, TH",14.967,102.083,188.0,1966-01-25,0.0,27.7,33.5,20.6
TH000048431,"NAKHON RATCHASIMA, TH",14.967,102.083,188.0,1966-01-26,0.0,27.9,35.3,21.0
TH000048431,"NAKHON RATCHASIMA, TH",14.967,102.083,188.0,1966-01-27,0.0,28.0,34.5,21.2
TH000048431,"NAKHON RATCHASIMA, TH",14.967,102.083,188.0,1966-01-28,0.0,25.3,31.4,21.0
TH000048431,"NAKHON RATCHASIMA, TH",14.967,102.083,188.0,1966-01-29,0.0,25.3,31.4,18.1
TH000048431,"NAKHON RATCHASIMA, TH",14.967,102.083,188.0,1966-01-30,0.0,27.3,33.7,17.9
TH000048431,"NAKHON RATCHASIMA, TH",14.967,102.083,188.0,1966-01-31,0.1,29.3,35.5,20.1
TH000048431,"NAKHON RATCHASIMA, TH",14.967,102.083,188.0,1966-02-01,6.8,28.7,35.6,22.3
TH000048431,"NAKHON RATCHASIMA, TH",14.967,102.083,188.0,1966-02-02,1.3,26.9,33.8,23.5
TH000048431,"NAKHON RATCHASIMA, TH",14.967,102.083,188.0,1966-02-03,0.3,26.9,33.5,22.9
TH000048431,"NAKHON RATCHASIMA, TH",14.967,102.083,188.0,1966-02-04,3.2,28.5,36.0,22.2
TH000048431,"NAKHON RATCHASIMA, TH",14.967,102.083,188.0,1966-02-05,0.0,27.4,35.3,22.2
TH000048431,"NAKHON RATCHASIMA, TH",14.967,102.083,188.0,1966-02-06,0.0,25.3,29.6,21.8
TH000048431,"NAKHON RATCHASIMA, TH",14.967,102.083,188.0,1966-02-07,0.0,25.6,31.9,20.7
TH000048431,"NAKHON RATCHASIMA, TH",14.967,102.083,188.0,1966-02-08,0.0,25.4,31.6,18.1
TH000048431,"NAKHON RATCHASIMA, TH",14.967,102.083,188.0,1966-02-09,0.0,26.6,33.2,16.9
TH000048431,"NAKHON RATCHASIMA, TH",14.967,102.083,188.0,1966-02-10,0.0,28.4,35.5,17.8
TH000048431,"NAKHON RATCHASIMA, TH",14.967,102.083,188.0,1966-02-11,0.0,29.4,36.4,20.0
TH000048431,"NAKHON RATCHASIMA, TH",14.967,102.083,188.0,1966-02-12,42.9,27.7,36.4,22.1
TH000048431,"NAKHON RATCHASIMA, TH",14.967,102.083,188.0,1966-02-13,1.5,25.2,30.1,20.9
TH000048431,"NAKHON RATCHASIMA, TH",14.967,102.083,188.0,1966-02-14,0.0,25.1,31.0,19.3
TH000048431,"NAKHON RATCHASIMA, TH",14.967,102.083,188.0,1966-02-15,0.0,27.7,34.3,19.5
TH000048431,"NAKHON RATCHASIMA, TH",14.967,102.083,188.0,1966-02-16,0.0,28.9,35.9,19.7
TH000048431,"NAKHON RATCHASIMA, TH",14.967,102.083,188.0,1966-02-17,0.0,29.7,36.1,21.7
TH000048431,"NAKHON RATCHASIMA, TH",14.967,102.083,188.0,1966-02-18,0.0,29.6,36.5,22.4
TH000048431,"NAKHON RATCHASIMA, TH",14.967,102.083,188.0,1966-02-19,0.0,29.5,36.0,22.9
TH000048431,"NAKHON RATCHASIMA, TH",14.967,102.083,188.0,1966-02-20,0.2,28.9,35.1,22.9
TH000048431,"NAKHON RATCHASIMA, TH",14.967,102.083,188.0,1966-02-21,0.3,28.3,34.8,24.1
TH000048431,"NAKHON RATCHASIMA, TH",14.967,102.083,188.0,1966-02-22,0.0,29.1,36.5,22.9
TH000048431,"NAKHON RATCHASIMA, TH",14.967,102.083,188.0,1966-02-23,0.0,26.9,34.1,23.1
TH000048431,"NAKHON RATCHASIMA, TH",14.967,102.083,188.0,1966-02-24,0.0,23.1,27.0,19.8
TH000048431,"NAKHON RATCHASIMA, TH",14.967,102.083,188.0,1966-02-25,0.0,25.2,30.4,19.0
TH000048431,"NAKHON RATCHASIMA, TH",14.967,102.083,188.0,1966-02-26,0.0,28.1,34.5,19.4
TH000048431,"NAKHON RATCHASIMA, TH",14.967,102.083,188.0,1966-02-27,0.0,28.7,35.3,20.7
TH000048431,"NAKHON RATCHASIMA, TH",14.967,102.083,188.0,1966-02-28,0.0,29.1,37.4,21.7
TH000048431,"NAKHON RATCHASIMA, TH",14.967,102.083,188.0,1966-03-01,0.0,28.9,36.6,21.8
TH000048431,"NAKHON RATCHASIMA, TH",14.967,102.083,188.0,1966-03-02,1.8,29.1,35.3,23.9
TH000048431,"NAKHON RATCHASIMA, TH",14.967,102.083,188.0,1966-03-03,0.0,28.6,36.3,23.2
TH000048431,"NAKHON RATCHASIMA, TH",14.967,102.083,188.0,1966-03-04,0.0,29.1,37.1,22.1
TH000048431,"NAKHON RATCHASIMA, TH",14.967,102.083,188.0,1966-03-05,0.0,29.6,37.2,19.2
TH000048431,"NAKHON RATCHASIMA, TH",14.967,102.083,188.0,1966-03-06,1.4,30.1,37.2,22.8
TH000048431,"NAKHON RATCHASIMA, TH",14.967,102.083,188.0,1966-03-07,0.3,28.4,36.7,23.7
TH000048431,"NAKHON RATCHASIMA, TH",14.967,102.083,188.0,1966-03-08,0.0,29.1,38.0,22.8
TH000048431,"NAKHON RATCHASIMA, TH",14.967,102.083,188.0,1966-03-09,0.0,26.2,32.8,23.6
TH000048431,"NAKHON RATCHASIMA, TH",14.967,102.083,188.0,1966-03-10,0.0,26.7,32.7,20.8
TH000048431,"NAKHON RATCHASIMA, TH",14.967,102.083,188.0,1966-03-11,0.0,27.6,34.5,20.7
TH000048431,"NAKHON RATCHASIMA, TH",14.967,102.083,188.0,1966-03-12,0.0,29.4,36.9,20.7
TH000048431,"NAKHON RATCHASIMA, TH",14.967,102.083,188.0,1966-03-13,0.0,29.4,37.9,22.9
TH000048431,"NAKHON RATCHASIMA, TH",14.967,102.083,188.0,1966-03-14,0.0,30.4,37.8,23.6
TH000048431,"NAKHON RATCHASIMA, TH",14.967,102.083,188.0,1966-03-15,8.0,29.3,37.9,24.6
TH000048431,"NAKHON RATCHASIMA, TH",14.967,102.083,188.0,1966-03-16,0.0,28.7,36.6,23.1
TH000048431,"NAKHON RATCHASIMA, TH",14.967,102.083,188.0,1966-03-17,0.0,28.6,35.5,22.9
TH000048431,"NAKHON RATCHASIMA, TH",14.967,102.083,188.0,1966-03-18,0.0,27.1,36.7,22.0
TH000048431,"NAKHON RATCHASIMA, TH",14.967,102.083,188.0,1966-03-19,0.0,30.1,38.0,22.0
TH000048431,"NAKHON RATCHASIMA, TH",14.967,102.083,188.0,1966-03-20,0.0,30.3,37.0,24.2
TH000048431,"NAKHON RATCHASIMA, TH",14.967,102.083,188.0,1966-03-21,0.0,29.7,38.1,22.9
TH000048431,"NAKHON RATCHASIMA, TH",14.967,102.083,188.0,1966-03-22,0.0,29.9,38.3,23.3
TH000048431,"NAKHON RATCHASIMA, TH",14.967,102.083,188.0,1966-03-23,0.0,30.2,38.5,22.1
TH000048431,"NAKHON RATCHASIMA, TH",14.967,102.083,188.0,1966-03-24,0.0,30.7,39.6,23.5
TH000048431,"NAKHON RATCHASIMA, TH",14.967,102.083,188.0,1966-03-25,0.0,30.6,40.2,23.6
TH000048431,"NAKHON RATCHASIMA, TH",14.967,102.083,188.0,1966-03-26,0.0,30.9,40.3,21.8
TH000048431,"NAKHON RATCHASIMA, TH",14.967,102.083,188.0,1966-03-27,0.0,30.3,38.0,21.4
TH000048431,"NAKHON RATCHASIMA, TH",14.967,102.083,188.0,1966-03-28,0.0,29.8,37.5,24.5
TH000048431,"NAKHON RATCHASIMA, TH",14.967,102.083,188.0,1966-03-29,19.0,28.7,38.2,25.1
TH000048431,"NAKHON RATCHASIMA, TH",14.967,102.083,188.0,1966-03-30,9.0,27.8,37.1,24.0
TH000048431,"NAKHON RATCHASIMA, TH",14.967,102.083,188.0,1966-03-31,26.4,25.8,35.0,23.8
TH000048431,"NAKHON RATCHASIMA, TH",14.967,102.083,188.0,1966-04-01,21.7,24.4,30.0,21.0
TH000048431,"NAKHON RATCHASIMA, TH",14.967,102.083,188.0,1966-04-02,0.7,26.1,32.4,22.3
TH000048431,"NAKHON RATCHASIMA, TH",14.967,102.083,188.0,1966-04-03,0.0,28.3,34.6,22.6
TH000048431,"NAKHON RATCHASIMA, TH",14.967,102.083,188.0,1966-04-04,0.0,30.1,37.5,23.5
TH000048431,"NAKHON RATCHASIMA, TH",14.967,102.083,188.0,1966-04-05,0.0,30.4,37.7,24.4
TH000048431,"NAKHON RATCHASIMA, TH",14.967,102.083,188.0,1966-04-06,0.0,29.4,36.9,24.7
TH000048431,"NAKHON RATCHASIMA, TH",14.967,102.083,188.0,1966-04-07,0.0,29.1,37.1,23.1
TH000048431,"NAKHON RATCHASIMA, TH",14.967,102.083,188.0,1966-04-08,0.0,28.7,36.9,24.0
TH000048431,"NAKHON RATCHASIMA, TH",14.967,102.083,188.0,1966-04-09,0.0,29.1,37.0,22.5
TH000048431,"NAKHON RATCHASIMA, TH",14.967,102.083,188.0,1966-04-10,0.0,30.2,37.5,23.6
TH000048431,"NAKHON RATCHASIMA, TH",14.967,102.083,188.0,1966-04-11,0.0,29.9,36.8,25.7
TH000048431,"NAKHON RATCHASIMA, TH",14.967,102.083,188.0,1966-04-12,3.5,28.7,37.0,24.7
TH000048431,"NAKHON RATCHASIMA, TH",14.967,102.083,188.0,1966-04-13,24.8,27.3,34.5,22.8
TH000048431,"NAKHON RATCHASIMA, TH",14.967,102.083,188.0,1966-04-14,0.1,27.4,35.6,23.7
TH000048431,"NAKHON RATCHASIMA, TH",14.967,102.083,188.0,1966-04-15,0.0,27.7,35.8,23.0
TH000048431,"NAKHON RATCHASIMA, TH",14.967,102.083,188.0,1966-04-16,0.0,28.9,36.2,22.8
TH000048431,"NAKHON RATCHASIMA, TH",14.967,102.083,188.0,1966-04-17,0.0,29.7,37.7,22.9
TH000048431,"NAKHON RATCHASIMA, TH",14.967,102.083,188.0,1966-04-18,0.0,28.6,37.1,23.4
TH000048431,"NAKHON RATCHASIMA, TH",14.967,102.083,188.0,1966-04-19,0.0,29.4,35.7,23.4
TH000048431,"NAKHON RATCHASIMA, TH",14.967,102.083,188.0,1966-04-20,2.8,28.7,38.1,24.6
TH000048431,"NAKHON RATCHASIMA, TH",14.967,102.083,188.0,1966-04-21,0.0,28.3,36.0,23.9
TH000048431,"NAKHON RATCHASIMA, TH",14.967,102.083,188.0,1966-04-22,0.0,27.9,37.2,23.3
TH000048431,"NAKHON RATCHASIMA, TH",14.967,102.083,188.0,1966-04-23,0.0,29.6,37.2,22.9
TH000048431,"NAKHON RATCHASIMA, TH",14.967,102.083,188.0,1966-04-24,8.1,27.8,38.7,24.2
TH000048431,"NAKHON RATCHASIMA, TH",14.967,102.083,188.0,1966-04-25,0.0,30.6,36.2,23.5
TH000048431,"NAKHON RATCHASIMA, TH",14.967,102.083,188.0,1966-04-26,0.0,30.3,37.9,25.3
TH000048431,"NAKHON RATCHASIMA, TH",14.967,102.083,188.0,1966-04-27,0.0,30.4,39.0,25.1
TH000048431,"NAKHON RATCHASIMA, TH",14.967,102.083,188.0,1966-04-28,0.0,30.9,37.9,24.8
TH000048431,"NAKHON RATCHASIMA, TH",14.967,102.083,188.0,1966-04-29,0.0,32.3,38.5,24.1
TH000048431,"NAKHON RATCHASIMA, TH",14.967,102.083,188.0,1966-04-30,0.0,32.2,40.0,25.5
TH000048431,"NAKHON RATCHASIMA, TH",14.967,102.083,188.0,1966-05-01,23.4,28.7,36.9,27.6
TH000048431,"NAKHON RATCHASIMA, TH",14.967,102.083,188.0,1966-05-02,0.2,28.7,37.0,25.4
TH000048431,"NAKHON RATCHASIMA, TH",14.967,102.083,188.0,1966-05-03,27.5,29.3,37.3,24.2
TH000048431,"NAKHON RATCHASIMA, TH",14.967,102.083,188.0,1966-05-04,38.1,28.1,35.6,21.8
TH000048431,"NAKHON RATCHASIMA, TH",14.967,102.083,188.0,1966-05-05,7.3,26.9,32.0,22.9
TH000048431,"NAKHON RATCHASIMA, TH",14.967,102.083,188.0,1966-05-06,9.6,26.1,30.4,24.0
TH000048431,"NAKHON RATCHASIMA, TH",14.967,102.083,188.0,1966-05-07,15.3,26.0,28.5,24.1
TH000048431,"NAKHON RATCHASIMA, TH",14.967,102.083,188.0,1966-05-08,29.6,25.2,28.0,23.4
TH000048431,"NAKHON RATCHASIMA, TH",14.967,102.083,188.0,1966-05-09,0.0,27.4,33.4,23.4
TH000048431,"NAKHON RATCHASIMA, TH",14.967,102.083,188.0,1966-05-10,0.0,28.3,34.3,23.7
TH000048431,"NAKHON RATCHASIMA, TH",14.967,102.083,188.0,1966-05-11,0.0,29.6,35.0,23.2
TH000048431,"NAKHON RATCHASIMA, TH",14.967,102.083,188.0,1966-05-12,0.0,30.2,36.9,25.2
TH000048431,"NAKHON RATCHASIMA, TH",14.967,102.083,188.0,1966-05-13,0.0,30.6,37.6,25.2
TH000048431,"NAKHON RATCHASIMA, TH",14.967,102.083,188.0,1966-05-14,0.2,30.4,37.5,25.3
TH000048431,"NAKHON RATCHASIMA, TH",14.967,102.083,188.0,1966-05-15,0.7,27.2,33.0,24.0
TH000048431,"NAKHON RATCHASIMA, TH",14.967,102.083,188.0,1966-05-16,4.4,27.2,32.2,24.0
TH000048431,"NAKHON RATCHASIMA, TH",14.967,102.083,188.0,1966-05-17,8.6,26.1,31.0,24.3
TH000048431,"NAKHON RATCHASIMA, TH",14.967,102.083,188.0,1966-05-18,0.0,27.3,31.5,23.8
TH000048431,"NAKHON RATCHASIMA, TH",14.967,102.083,188.0,1966-05-19,0.0,28.2,33.4,23.7
TH000048431,"NAKHON RATCHASIMA, TH",14.967,102.083,188.0,1966-05-20,0.0,28.2,32.7,23.2
TH000048431,"NAKHON RATCHASIMA, TH",14.967,102.083,188.0,1966-05-21,0.8,27.0,31.3,23.9
TH000048431,"NAKHON RATCHASIMA, TH",14.967,102.083,188.0,1966-05-22,47.5,25.2,29.2,23.8
TH000048431,"NAKHON RATCHASIMA, TH",14.967,102.083,188.0,1966-05-23,43.1,25.8,29.1,22.7
TH000048431,"NAKHON RATCHASIMA, TH",14.967,102.083,188.0,1966-05-24,12.8,24.9,26.0,23.2
TH000048431,"NAKHON RATCHASIMA, TH",14.967,102.083,188.0,1966-05-25,10.8,26.3,31.8,23.3
TH000048431,"NAKHON RATCHASIMA, TH",14.967,102.083,188.0,1966-05-26,3.5,26.9,32.9,23.0
TH000048431,"NAKHON RATCHASIMA, TH",14.967,102.083,188.0,1966-05-27,1.2,27.7,32.5,23.4
TH000048431,"NAKHON RATCHASIMA, TH",14.967,102.083,188.0,1966-05-28,9.6,27.4,33.2,24.0
TH000048431,"NAKHON RATCHASIMA, TH",14.967,102.083,188.0,1966-05-29,19.2,27.9,33.7,24.7
TH000048431,"NAKHON RATCHASIMA, TH",14.967,102.083,188.0,1966-05-30,0.0,27.8,31.9,22.6
TH000048431,"NAKHON RATCHASIMA, TH",14.967,102.083,188.0,1966-05-31,0.0,28.1,32.9,23.8
TH000048431,"NAKHON RATCHASIMA, TH",14.967,102.083,188.0,1966-06-01,0.0,29.0,32.3,24.2
TH000048431,"NAKHON RATCHASIMA, TH",14.967,102.083,188.0,1966-06-02,0.0,28.7,34.6,24.3
TH000048431,"NAKHON RATCHASIMA, TH",14.967,102.083,188.0,1966-06-03,0.0,28.7,35.2,24.3
TH000048431,"NAKHON RATCHASIMA, TH",14.967,102.083,188.0,1966-06-04,0.0,28.8,34.8,25.1
TH000048431,"NAKHON RATCHASIMA, TH",14.967,102.083,188.0,1966-06-05,0.0,28.1,33.5,25.3
TH000048431,"NAKHON RATCHASIMA, TH",14.967,102.083,188.0,1966-06-06,3.4,28.2,33.0,24.7
TH000048431,"NAKHON RATCHASIMA, TH",14.967,102.083,188.0,1966-06-07,0.2,27.2,32.1,23.0
TH000048431,"NAKHON RATCHASIMA, TH",14.967,102.083,188.0,1966-06-08,0.0,29.2,35.6,23.5
TH000048431,"NAKHON RATCHASIMA, TH",14.967,102.083,188.0,1966-06-09,0.0,29.1,34.7,23.1
TH000048431,"NAKHON RATCHASIMA, TH",14.967,102.083,188.0,1966-06-10,0.0,29.1,34.9,24.1
TH000048431,"NAKHON RATCHASIMA, TH",14.967,102.083,188.0,1966-06-11,0.0,28.7,34.0,23.4
TH000048431,"NAKHON RATCHASIMA, TH",14.967,102.083,188.0,1966-06-12,0.0,29.0,34.3,21.8
TH000048431,"NAKHON RATCHASIMA, TH",14.967,102.083,188.0,1966-06-13,0.0,28.1,33.2,23.9
TH000048431,"NAKHON RATCHASIMA, TH",14.967,102.083,188.0,1966-06-14,0.0,27.8,35.8,23.3
TH000048431,"NAKHON RATCHASIMA, TH",14.967,102.083,188.0,1966-06-15,0.0,28.4,35.0,22.9
TH000048431,"NAKHON RATCHASIMA, TH",14.967,102.083,188.0,1966-06-16,0.0,29.6,36.1,23.6
TH000048431,"NAKHON RATCHASIMA, TH",14.967,102.083,188.0,1966-06-17,46.3,28.1,36.7,23.8
TH000048431,"NAKHON RATCHASIMA, TH",14.967,102.083,188.0,1966-06-18,0.2,28.2,32.8,22.8
TH000048431,"NAKHON RATCHASIMA, TH",14.967,102.083,188.0,1966-06-19,0.3,28.1,33.0,23.8
TH000048431,"NAKHON RATCHASIMA, TH",14.967,102.083,188.0,1966-06-20,0.0,27.9,32.4,23.5
TH000048431,"NAKHON RATCHASIMA, TH",14.967,102.083,188.0,1966-06-21,0.0,28.2,34.7,22.9
TH000048431,"NAKHON RATCHASIMA, TH",14.967,102.083,188.0,1966-06-22,0.0,29.1,34.2,22.7
TH000048431,"NAKHON RATCHASIMA, TH",14.967,102.083,188.0,1966-06-23,0.0,28.7,33.6,24.2
TH000048431,"NAKHON RATCHASIMA, TH",14.967,102.083,188.0,1966-06-24,0.1,27.9,31.4,24.4
TH000048431,"NAKHON RATCHASIMA, TH",14.967,102.083,188.0,1966-06-25,0.0,27.9,33.5,24.2
TH000048431,"NAKHON RATCHASIMA, TH",14.967,102.083,188.0,1966-06-26,0.0,28.8,33.5,23.1
TH000048431,"NAKHON RATCHASIMA, TH",14.967,102.083,188.0,1966-06-27,0.0,29.7,35.2,24.1
TH000048431,"NAKHON RATCHASIMA, TH",14.967,102.083,188.0,1966-06-28,0.0,29.3,33.9,25.3
TH000048431,"NAKHON RATCHASIMA, TH",14.967,102.083,188.0,1966-06-29,0.0,30.3,36.4,25.4
TH000048431,"NAKHON RATCHASIMA, TH",14.967,102.083,188.0,1966-06-30,0.0,29.7,35.7,23.6
TH000048431,"NAKHON RATCHASIMA, TH",14.967,102.083,188.0,1966-07-01,0.0,29.4,35.7,24.3
TH000048431,"NAKHON RATCHASIMA, TH",14.967,102.083,188.0,1966-07-02,0.0,28.6,34.6,24.8
TH000048431,"NAKHON RATCHASIMA, TH",14.967,102.083,188.0,1966-07-03,0.0,27.8,32.3,23.9
TH000048431,"NAKHON RATCHASIMA, TH",14.967,102.083,188.0,1966-07-04,0.0,28.3,34.8,23.6
TH000048431,"NAKHON RATCHASIMA, TH",14.967,102.083,188.0,1966-07-05,1.5,28.1,35.7,24.4
TH000048431,"NAKHON RATCHASIMA, TH",14.967,102.083,188.0,1966-07-06,0.0,29.1,36.3,23.2
TH000048431,"NAKHON RATCHASIMA, TH",14.967,102.083,188.0,1966-07-07,0.0,29.6,37.1,22.8
TH000048431,"NAKHON RATCHASIMA, TH",14.967,102.083,188.0,1966-07-08,12.2,27.7,36.2,24.5
TH000048431,"NAKHON RATCHASIMA, TH",14.967,102.083,188.0,1966-07-09,3.5,28.8,34.6,21.1
TH000048431,"NAKHON RATCHASIMA, TH",14.967,102.083,188.0,1966-07-10,2.8,28.7,34.7,23.3
TH000048431,"NAKHON RATCHASIMA, TH",14.967,102.083,188.0,1966-07-11,0.0,29.3,35.8,23.5
TH000048431,"NAKHON RATCHASIMA, TH",14.967,102.083,188.0,1966-07-12,2.8,28.7,38.0,24.4
TH000048431,"NAKHON RATCHASIMA, TH",14.967,102.083,188.0,1966-07-13,0.4,28.6,35.1,24.9
TH000048431,"NAKHON RATCHASIMA, TH",14.967,102.083,188.0,1966-07-14,0.0,28.4,34.3,24.4
TH000048431,"NAKHON RATCHASIMA, TH",14.967,102.083,188.0,1966-07-15,0.0,28.3,35.5,23.0
TH000048431,"NAKHON RATCHASIMA, TH",14.967,102.083,188.0,1966-07-16,3.4,28.2,33.0,24.2
TH000048431,"NAKHON RATCHASIMA, TH",14.967,102.083,188.0,1966-07-17,32.3,27.7,35.2,24.2
TH000048431,"NAKHON RATCHASIMA, TH",14.967,102.083,188.0,1966-07-18,3.2,26.8,32.2,22.2
TH000048431,"NAKHON RATCHASIMA, TH",14.967,102.083,188.0,1966-07-19,17.3,26.3,32.2,24.4
TH000048431,"NAKHON RATCHASIMA, TH",14.967,102.083,188.0,1966-07-20,96.0,26.1,31.4,23.1
TH000048431,"NAKHON RATCHASIMA, TH",14.967,102.083,188.0,1966-07-21,0.0,26.7,31.5,22.7
TH000048431,"NAKHON RATCHASIMA, TH",14.967,102.083,188.0,1966-07-22,0.0,27.3,32.3,23.6
TH000048431,"NAKHON RATCHASIMA, TH",14.967,102.083,188.0,1966-07-23,2.8,27.4,32.9,23.4
TH000048431,"NAKHON RATCHASIMA, TH",14.967,102.083,188.0,1966-07-24,1.1,27.9,32.8,23.8
TH000048431,"NAKHON RATCHASIMA, TH",14.967,102.083,188.0,1966-07-25,0.0,26.4,29.0,23.2
TH000048431,"NAKHON RATCHASIMA, TH",14.967,102.083,188.0,1966-07-26,11.9,27.1,31.7,24.0
TH000048431,"NAKHON RATCHASIMA, TH",14.967,102.083,188.0,1966-07-27,0.0,27.6,31.4,21.7
TH000048431,"NAKHON RATCHASIMA, TH",14.967,102.083,188.0,1966-07-28,0.0,28.1,32.3,23.9
TH000048431,"NAKHON RATCHASIMA, TH",14.967,102.083,188.0,1966-07-29,0.0,27.9,33.7,24.5
TH000048431,"NAKHON RATCHASIMA, TH",14.967,102.083,188.0,1966-07-30,0.0,27.7,33.4,24.0
TH000048431,"NAKHON RATCHASIMA, TH",14.967,102.083,188.0,1966-07-31,0.0,28.6,34.7,23.2
TH000048431,"NAKHON RATCHASIMA, TH",14.967,102.083,188.0,1966-08-01,0.0,27.9,35.0,23.7
TH000048431,"NAKHON RATCHASIMA, TH",14.967,102.083,188.0,1966-08-02,3.0,27.5,31.5,24.1
TH000048431,"NAKHON RATCHASIMA, TH",14.967,102.083,188.0,1966-08-03,6.3,26.9,32.8,23.8
TH000048431,"NAKHON RATCHASIMA, TH",14.967,102.083,188.0,1966-08-04,0.2,27.1,31.3,22.9
TH000048431,"NAKHON RATCHASIMA, TH",14.967,102.083,188.0,1966-08-05,0.0,27.5,31.5,23.6
TH000048431,"NAKHON RATCHASIMA, TH",14.967,102.083,188.0,1966-08-06,5.7,27.3,32.0,23.7
TH000048431,"NAKHON RATCHASIMA, TH",14.967,102.083,188.0,1966-08-07,0.0,28.5,34.5,23.1
TH000048431,"NAKHON RATCHASIMA, TH",14.967,102.083,188.0,1966-08-08,11.6,26.8,33.9,24.5
TH000048431,"NAKHON RATCHASIMA, TH",14.967,102.083,188.0,1966-08-09,3.5,26.7,33.5,24.2
TH000048431,"NAKHON RATCHASIMA, TH",14.967,102.083,188.0,1966-08-10,0.0,27.6,32.8,23.0
TH000048431,"NAKHON RATCHASIMA, TH",14.967,102.083,188.0,1966-08-11,0.0,27.3,32.0,24.0
TH000048431,"NAKHON RATCHASIMA, TH",14.967,102.083,188.0,1966-08-12,2.8,26.7,32.6,23.4
TH000048431,"NAKHON RATCHASIMA, TH",14.967,102.083,188.0,1966-08-13,2.9,27.1,32.5,23.7
TH000048431,"NAKHON RATCHASIMA, TH",14.967,102.083,188.0,1966-08-14,0.0,27.9,33.3,23.6
TH000048431,"NAKHON RATCHASIMA, TH",14.967,102.083,188.0,1966-08-15,14.9,27.0,33.5,23.5
TH000048431,"NAKHON RATCHASIMA, TH",14.967,102.083,188.0,1966-08-16,0.7,27.9,33.2,22.9
TH000048431,"NAKHON RATCHASIMA, TH",14.967,102.083,188.0,1966-08-17,30.8,26.3,31.7,22.3
TH000048431,"NAKHON RATCHASIMA, TH",14.967,102.083,188.0,1966-08-18,0.0,27.2,31.5,23.2
TH000048431,"NAKHON RATCHASIMA, TH",14.967,102.083,188.0,1966-08-19,6.8,26.8,37.4,23.0
TH000048431,"NAKHON RATCHASIMA, TH",14.967,102.083,188.0,1966-08-20,3.4,27.0,32.9,23.0
TH000048431,"NAKHON RATCHASIMA, TH",14.967,102.083,188.0,1966-08-21,0.0,28.1,34.5,21.9
TH000048431,"NAKHON RATCHASIMA, TH",14.967,102.083,188.0,1966-08-22,6.5,27.2,32.5,23.0
TH000048431,"NAKHON RATCHASIMA, TH",14.967,102.083,188.0,1966-08-23,0.8,27.3,32.0,22.9
TH000048431,"NAKHON RATCHASIMA, TH",14.967,102.083,188.0,1966-08-24,0.0,27.7,32.5,23.6
TH000048431,"NAKHON RATCHASIMA, TH",14.967,102.083,188.0,1966-08-25,0.0,27.8,33.2,21.0
TH000048431,"NAKHON RATCHASIMA, TH",14.967,102.083,188.0,1966-08-26,4.6,27.6,33.8,23.5
TH000048431,"NAKHON RATCHASIMA, TH",14.967,102.083,188.0,1966-08-27,47.9,25.9,32.0,22.8
TH000048431,"NAKHON RATCHASIMA, TH",14.967,102.083,188.0,1966-08-28,1.6,26.0,31.2,22.4
TH000048431,"NAKHON RATCHASIMA, TH",14.967,102.083,188.0,1966-08-29,0.1,26.3,32.3,22.9
TH000048431,"NAKHON RATCHASIMA, TH",14.967,102.083,188.0,1966-08-30,0.3,26.1,31.5,22.5
TH000048431,"NAKHON RATCHASIMA, TH",14.967,102.083,188.0,1966-08-31,1.3,24.6,28.7,22.3
TH000048431,"NAKHON RATCHASIMA, TH",14.967,102.083,188.0,1966-09-01,0.3,25.2,30.2,20.9
TH000048431,"NAKHON RATCHASIMA, TH",14.967,102.083,188.0,1966-09-02,5.6,25.2,30.5,22.4
TH000048431,"NAKHON RATCHASIMA, TH",14.967,102.083,188.0,1966-09-03,5.2,26.9,31.7,22.6
TH000048431,"NAKHON RATCHASIMA, TH",14.967,102.083,188.0,1966-09-04,5.2,26.9,32.4,24.2
TH000048431,"NAKHON RATCHASIMA, TH",14.967,102.083,188.0,1966-09-05,3.0,25.9,32.1,23.4
TH000048431,"NAKHON RATCHASIMA, TH",14.967,102.083,188.0,1966-09-06,0.2,26.3,31.3,23.5
TH000048431,"NAKHON RATCHASIMA, TH",14.967,102.083,188.0,1966-09-07,0.0,27.4,33.6,22.4
TH000048431,"NAKHON RATCHASIMA, TH",14.967,102.083,188.0,1966-09-08,50.3,25.4,31.7,23.1
TH000048431,"NAKHON RATCHASIMA, TH",14.967,102.083,188.0,1966-09-09,21.5,24.6,29.0,22.0
TH000048431,"NAKHON RATCHASIMA, TH",14.967,102.083,188.0,1966-09-10,1.9,26.3,30.4,22.7
TH000048431,"NAKHON RATCHASIMA, TH",14.967,102.083,188.0,1966-09-11,0.0,27.7,33.5,22.4
TH000048431,"NAKHON RATCHASIMA, TH",14.967,102.083,188.0,1966-09-12,4.7,27.8,32.2,23.9
TH000048431,"NAKHON RATCHASIMA, TH",14.967,102.083,188.0,1966-09-13,0.2,26.3,30.5,23.8
TH000048431,"NAKHON RATCHASIMA, TH",14.967,102.083,188.0,1966-09-14,24.1,26.1,31.8,22.3
TH000048431,"NAKHON RATCHASIMA, TH",14.967,102.083,188.0,1966-09-15,10.7,26.2,31.7,22.0
TH000048431,"NAKHON RATCHASIMA, TH",14.967,102.083,188.0,1966-09-16,1.4,25.6,29.7,23.5
TH000048431,"NAKHON RATCHASIMA, TH",14.967,102.083,188.0,1966-09-17,66.9,25.0,28.6,23.5
TH000048431,"NAKHON RATCHASIMA, TH",14.967,102.083,188.0,1966-09-18,18.1,25.5,29.8,22.5
TH000048431,"NAKHON RATCHASIMA, TH",14.967,102.083,188.0,1966-09-19,66.6,25.1,30.2,22.7
TH000048431,"NAKHON RATCHASIMA, TH",14.967,102.083,188.0,1966-09-20,0.1,26.4,30.7,21.6
TH000048431,"NAKHON RATCHASIMA, TH",14.967,102.083,188.0,1966-09-21,0.0,27.1,32.1,24.1
TH000048431,"NAKHON RATCHASIMA, TH",14.967,102.083,188.0,1966-09-22,0.0,26.4,31.9,21.5
TH000048431,"NAKHON RATCHASIMA, TH",14.967,102.083,188.0,1966-09-23,0.0,26.7,31.7,19.7
TH000048431,"NAKHON RATCHASIMA, TH",14.967,102.083,188.0,1966-09-24,0.0,27.2,31.3,22.3
TH000048431,"NAKHON RATCHASIMA, TH",14.967,102.083,188.0,1966-09-25,0.0,26.7,31.4,23.4
TH000048431,"NAKHON RATCHASIMA, TH",14.967,102.083,188.0,1966-09-26,0.0,26.0,30.5,21.8
TH000048431,"NAKHON RATCHASIMA, TH",14.967,102.083,188.0,1966-09-27,0.0,26.0,30.5,21.8
TH000048431,"NAKHON RATCHASIMA, TH",14.967,102.083,188.0,1966-09-28,0.0,26.2,30.8,20.9
TH000048431,"NAKHON RATCHASIMA, TH",14.967,102.083,188.0,1966-09-29,0.0,26.4,30.8,22.7
TH000048431,"NAKHON RATCHASIMA, TH",14.967,102.083,188.0,1966-09-30,0.0,27.1,31.0,22.2
TH000048431,"NAKHON RATCHASIMA, TH",14.967,102.083,188.0,1966-10-01,0.0,27.2,31.0,23.1
TH000048431,"NAKHON RATCHASIMA, TH",14.967,102.083,188.0,1966-10-02,0.0,27.3,32.0,21.9
TH000048431,"NAKHON RATCHASIMA, TH",14.967,102.083,188.0,1966-10-03,0.0,27.7,32.1,22.7
TH000048431,"NAKHON RATCHASIMA, TH",14.967,102.083,188.0,1966-10-04,0.0,27.2,31.3,23.0
TH000048431,"NAKHON RATCHASIMA, TH",14.967,102.083,188.0,1966-10-05,0.0,27.2,31.1,23.7
TH000048431,"NAKHON RATCHASIMA, TH",14.967,102.083,188.0,1966-10-06,19.8,26.2,30.3,23.9
TH000048431,"NAKHON RATCHASIMA, TH",14.967,102.083,188.0,1966-10-07,3.0,26.4,31.0,23.5
TH000048431,"NAKHON RATCHASIMA, TH",14.967,102.083,188.0,1966-10-08,0.1,26.8,31.8,22.6
TH000048431,"NAKHON RATCHASIMA, TH",14.967,102.083,188.0,1966-10-09,7.9,27.6,32.3,23.7
TH000048431,"NAKHON RATCHASIMA, TH",14.967,102.083,188.0,1966-10-10,1.6,26.7,29.8,22.8
TH000048431,"NAKHON RATCHASIMA, TH",14.967,102.083,188.0,1966-10-11,0.0,27.2,30.0,23.3
TH000048431,"NAKHON RATCHASIMA, TH",14.967,102.083,188.0,1966-10-12,0.0,28.4,33.1,22.9
TH000048431,"NAKHON RATCHASIMA, TH",14.967,102.083,188.0,1966-10-13,0.0,29.4,34.5,23.0
TH000048431,"NAKHON RATCHASIMA, TH",14.967,102.083,188.0,1966-10-14,0.0,29.2,35.1,23.0
TH000048431,"NAKHON RATCHASIMA, TH",14.967,102.083,188.0,1966-10-15,0.0,28.8,34.2,22.2
TH000048431,"NAKHON RATCHASIMA, TH",14.967,102.083,188.0,1966-10-16,0.0,28.0,32.8,22.5
TH000048431,"NAKHON RATCHASIMA, TH",14.967,102.083,188.0,1966-10-17,0.0,27.9,32.4,23.4
TH000048431,"NAKHON RATCHASIMA, TH",14.967,102.083,188.0,1966-10-18,0.0,27.3,31.4,22.4
TH000048431,"NAKHON RATCHASIMA, TH",14.967,102.083,188.0,1966-10-19,0.0,26.4,30.1,20.9
TH000048431,"NAKHON RATCHASIMA, TH",14.967,102.083,188.0,1966-10-20,0.0,26.8,31.4,22.2
TH000048431,"NAKHON RATCHASIMA, TH",14.967,102.083,188.0,1966-10-21,0.0,26.3,30.5,21.9
TH000048431,"NAKHON RATCHASIMA, TH",14.967,102.083,188.0,1966-10-22,0.0,27.4,31.7,20.8
TH000048431,"NAKHON RATCHASIMA, TH",14.967,102.083,188.0,1966-10-23,0.0,27.8,31.1,23.3
TH000048431,"NAKHON RATCHASIMA, TH",14.967,102.083,188.0,1966-10-24,72.1,25.4,28.3,23.7
TH000048431,"NAKHON RATCHASIMA, TH",14.967,102.083,188.0,1966-10-25,13.7,25.1,27.9,21.8
TH000048431,"NAKHON RATCHASIMA, TH",14.967,102.083,188.0,1966-10-26,4.2,26.1,29.4,22.4
TH000048431,"NAKHON RATCHASIMA, TH",14.967,102.083,188.0,1966-10-27,0.1,27.4,32.7,22.6
TH000048431,"NAKHON RATCHASIMA, TH",14.967,102.083,188.0,1966-10-28,0.6,26.8,30.8,23.0
TH000048431,"NAKHON RATCHASIMA, TH",14.967,102.083,188.0,1966-10-29,0.0,26.0,29.8,21.9
TH000048431,"NAKHON RATCHASIMA, TH",14.967,102.083,188.0,1966-10-30,0.0,26.9,31.1,22.6
TH000048431,"NAKHON RATCHASIMA, TH",14.967,102.083,188.0,1966-10-31,0.4,26.7,31.9,21.9
TH000048431,"NAKHON RATCHASIMA, TH",14.967,102.083,188.0,1966-11-01,0.0,26.3,31.5,22.7
TH000048431,"NAKHON RATCHASIMA, TH",14.967,102.083,188.0,1966-11-02,0.0,24.8,28.6,21.3
TH000048431,"NAKHON RATCHASIMA, TH",14.967,102.083,188.0,1966-11-03,0.0,24.6,30.1,18.8
TH000048431,"NAKHON RATCHASIMA, TH",14.967,102.083,188.0,1966-11-04,0.0,25.6,30.0,18.6
TH000048431,"NAKHON RATCHASIMA, TH",14.967,102.083,188.0,1966-11-05,0.0,24.7,29.4,18.8
TH000048431,"NAKHON RATCHASIMA, TH",14.967,102.083,188.0,1966-11-06,0.0,25.1,29.3,17.7
TH000048431,"NAKHON RATCHASIMA, TH",14.967,102.083,188.0,1966-11-07,0.0,24.6,29.8,19.9
TH000048431,"NAKHON RATCHASIMA, TH",14.967,102.083,188.0,1966-11-08,0.0,24.9,30.5,17.4
TH000048431,"NAKHON RATCHASIMA, TH",14.967,102.083,188.0,1966-11-09,0.0,26.3,31.9,18.1
TH000048431,"NAKHON RATCHASIMA, TH",14.967,102.083,188.0,1966-11-10,0.0,26.7,31.9,20.0
TH000048431,"NAKHON RATCHASIMA, TH",14.967,102.083,188.0,1966-11-11,0.0,26.4,31.9,19.8
TH000048431,"NAKHON RATCHASIMA, TH",14.967,102.083,188.0,1966-11-12,0.0,27.1,31.9,19.2
TH000048431,"NAKHON RATCHASIMA, TH",14.967,102.083,188.0,1966-11-13,0.0,28.1,32.4,19.6
TH000048431,"NAKHON RATCHASIMA, TH",14.967,102.083,188.0,1966-11-14,11.6,25.7,32.1,22.1
TH000048431,"NAKHON RATCHASIMA, TH",14.967,102.083,188.0,1966-11-15,0.0,26.1,28.9,22.0
TH000048431,"NAKHON RATCHASIMA, TH",14.967,102.083,188.0,1966-11-16,0.0,25.3,29.0,21.0
TH000048431,"NAKHON RATCHASIMA, TH",14.967,102.083,188.0,1966-11-17,0.0,27.1,31.2,20.6
TH000048431,"NAKHON RATCHASIMA, TH",14.967,102.083,188.0,1966-11-18,0.0,27.1,31.0,21.8
TH000048431,"NAKHON RATCHASIMA, TH",14.967,102.083,188.0,1966-11-19,0.0,27.2,31.4,21.8
TH000048431,"NAKHON RATCHASIMA, TH",14.967,102.083,188.0,1966-11-20,0.0,26.2,30.2,21.8
TH000048431,"NAKHON RATCHASIMA, TH",14.967,102.083,188.0,1966-11-21,0.0,25.2,29.4,19.6
TH000048431,"NAKHON RATCHASIMA, TH",14.967,102.083,188.0,1966-11-22,0.0,23.9,28.0,17.6
TH000048431,"NAKHON RATCHASIMA, TH",14.967,102.083,188.0,1966-11-23,0.0,24.4,29.1,16.5
TH000048431,"NAKHON RATCHASIMA, TH",14.967,102.083,188.0,1966-11-24,0.0,25.6,29.4,17.3
TH000048431,"NAKHON RATCHASIMA, TH",14.967,102.083,188.0,1966-11-25,0.0,26.9,31.2,20.2
TH000048431,"NAKHON RATCHASIMA, TH",14.967,102.083,188.0,1966-11-26,0.2,24.3,27.4,22.0
TH000048431,"NAKHON RATCHASIMA, TH",14.967,102.083,188.0,1966-11-27,0.0,25.3,28.4,20.0
TH000048431,"NAKHON RATCHASIMA, TH",14.967,102.083,188.0,1966-11-28,0.0,26.1,30.5,20.0
TH000048431,"NAKHON RATCHASIMA, TH",14.967,102.083,188.0,1966-11-29,0.0,27.6,32.7,20.6
TH000048431,"NAKHON RATCHASIMA, TH",14.967,102.083,188.0,1966-11-30,0.1,26.6,31.5,21.2
TH000048431,"NAKHON RATCHASIMA, TH",14.967,102.083,188.0,1966-12-01,0.0,23.2,27.8,20.0
TH000048431,"NAKHON RATCHASIMA, TH",14.967,102.083,188.0,1966-12-02,0.0,20.6,25.0,15.8
TH000048431,"NAKHON RATCHASIMA, TH",14.967,102.083,188.0,1966-12-03,0.0,21.4,22.9,13.7
TH000048431,"NAKHON RATCHASIMA, TH",14.967,102.083,188.0,1966-12-04,0.0,24.2,27.5,17.6
TH000048431,"NAKHON RATCHASIMA, TH",14.967,102.083,188.0,1966-12-05,0.0,25.5,30.0,17.7
TH000048431,"NAKHON RATCHASIMA, TH",14.967,102.083,188.0,1966-12-06,0.0,25.9,30.5,19.4
TH000048431,"NAKHON RATCHASIMA, TH",14.967,102.083,188.0,1966-12-07,0.0,26.8,31.4,19.8
TH000048431,"NAKHON RATCHASIMA, TH",14.967,102.083,188.0,1966-12-08,0.0,27.3,31.8,19.6
TH000048431,"NAKHON RATCHASIMA, TH",14.967,102.083,188.0,1966-12-09,0.0,27.6,32.1,19.9
TH000048431,"NAKHON RATCHASIMA, TH",14.967,102.083,188.0,1966-12-10,0.0,27.8,32.1,19.5
TH000048431,"NAKHON RATCHASIMA, TH",14.967,102.083,188.0,1966-12-11,0.0,27.9,32.3,18.7
TH000048431,"NAKHON RATCHASIMA, TH",14.967,102.083,188.0,1966-12-12,0.0,27.5,31.0,19.7
TH000048431,"NAKHON RATCHASIMA, TH",14.967,102.083,188.0,1966-12-13,0.0,27.7,29.8,18.9
TH000048431,"NAKHON RATCHASIMA, TH",14.967,102.083,188.0,1966-12-14,0.0,28.8,31.5,20.2
TH000048431,"NAKHON RATCHASIMA, TH",14.967,102.083,188.0,1966-12-15,0.0,30.3,34.1,21.6
TH000048431,"NAKHON RATCHASIMA, TH",14.967,102.083,188.0,1966-12-16,0.0,28.6,31.7,23.1
TH000048431,"NAKHON RATCHASIMA, TH",14.967,102.083,188.0,1966-12-17,0.0,29.1,33.7,20.6
TH000048431,"NAKHON RATCHASIMA, TH",14.967,102.083,188.0,1966-12-18,0.0,30.1,33.8,20.9
TH000048431,"NAKHON RATCHASIMA, TH",14.967,102.083,188.0,1966-12-19,0.0,30.6,35.7,21.4
TH000048431,"NAKHON RATCHASIMA, TH",14.967,102.083,188.0,1966-12-20,0.0,31.2,35.3,21.3
TH000048431,"NAKHON RATCHASIMA, TH",14.967,102.083,188.0,1966-12-21,0.0,27.8,33.2,22.7
TH000048431,"NAKHON RATCHASIMA, TH",14.967,102.083,188.0,1966-12-22,0.0,27.4,33.3,20.8
TH000048431,"NAKHON RATCHASIMA, TH",14.967,102.083,188.0,1966-12-23,0.0,27.6,32.4,21.4
TH000048431,"NAKHON RATCHASIMA, TH",14.967,102.083,188.0,1966-12-24,0.0,26.9,31.6,19.6
TH000048431,"NAKHON RATCHASIMA, TH",14.967,102.083,188.0,1966-12-25,0.0,28.6,33.7,20.0
TH000048431,"NAKHON RATCHASIMA, TH",14.967,102.083,188.0,1966-12-26,0.8,27.0,32.5,21.6
TH000048431,"NAKHON RATCHASIMA, TH",14.967,102.083,188.0,1966-12-27,0.6,22.8,23.8,20.5
TH000048431,"NAKHON RATCHASIMA, TH",14.967,102.083,188.0,1966-12-28,0.0,22.5,26.8,17.8
TH000048431,"NAKHON RATCHASIMA, TH",14.967,102.083,188.0,1966-12-29,0.0,23.8,28.3,16.3
TH000048431,"NAKHON RATCHASIMA, TH",14.967,102.083,188.0,1966-12-30,0.0,23.6,28.9,16.4
TH000048431,"NAKHON RATCHASIMA, TH",14.967,102.083,188.0,1966-12-31,0.0,24.7,29.5,14.9
TH000048431,"NAKHON RATCHASIMA, TH",14.967,102.083,188.0,1967-01-01,0.0,24.2,27.4,16.5
TH000048431,"NAKHON RATCHASIMA, TH",14.967,102.083,188.0,1967-01-02,0.0,22.4,26.0,18.4
TH000048431,"NAKHON RATCHASIMA, TH",14.967,102.083,188.0,1967-01-03,0.0,21.6,24.5,15.5
TH000048431,"NAKHON RATCHASIMA, TH",14.967,102.083,188.0,1967-01-04,0.0,20.3,21.9,16.2
TH000048431,"NAKHON RATCHASIMA, TH",14.967,102.083,188.0,1967-01-05,0.0,21.2,23.2,15.5
TH000048431,"NAKHON RATCHASIMA, TH",14.967,102.083,188.0,1967-01-06,0.0,23.2,27.5,17.3
TH000048431,"NAKHON RATCHASIMA, TH",14.967,102.083,188.0,1967-01-07,0.0,24.6,29.4,16.1
TH000048431,"NAKHON RATCHASIMA, TH",14.967,102.083,188.0,1967-01-08,0.0,26.0,31.4,19.0
TH000048431,"NAKHON RATCHASIMA, TH",14.967,102.083,188.0,1967-01-09,0.0,24.6,29.4,17.6
TH000048431,"NAKHON RATCHASIMA, TH",14.967,102.083,188.0,1967-01-10,0.0,24.2,29.5,16.6
TH000048431,"NAKHON RATCHASIMA, TH",14.967,102.083,188.0,1967-01-11,0.0,23.0,28.6,15.9
TH000048431,"NAKHON RATCHASIMA, TH",14.967,102.083,188.0,1967-01-12,0.0,21.2,25.7,13.5
TH000048431,"NAKHON RATCHASIMA, TH",14.967,102.083,188.0,1967-01-13,0.0,22.2,27.5,12.3
TH000048431,"NAKHON RATCHASIMA, TH",14.967,102.083,188.0,1967-01-14,0.0,23.4,28.8,12.7
TH000048431,"NAKHON RATCHASIMA, TH",14.967,102.083,188.0,1967-01-15,0.0,20.3,25.3,15.3
TH000048431,"NAKHON RATCHASIMA, TH",14.967,102.083,188.0,1967-01-16,0.0,17.7,21.9,10.5
TH000048431,"NAKHON RATCHASIMA, TH",14.967,102.083,188.0,1967-01-17,0.0,19.0,22.5,9.1
TH000048431,"NAKHON RATCHASIMA, TH",14.967,102.083,188.0,1967-01-18,0.0,20.6,24.2,13.1
TH000048431,"NAKHON RATCHASIMA, TH",14.967,102.083,188.0,1967-01-19,0.0,22.4,25.6,13.8
TH000048431,"NAKHON RATCHASIMA, TH",14.967,102.083,188.0,1967-01-20,0.0,24.3,26.8,17.7
TH000048431,"NAKHON RATCHASIMA, TH",14.967,102.083,188.0,1967-01-21,0.0,24.4,27.8,19.0
TH000048431,"NAKHON RATCHASIMA, TH",14.967,102.083,188.0,1967-01-22,0.0,26.3,30.6,15.2
TH000048431,"NAKHON RATCHASIMA, TH",14.967,102.083,188.0,1967-01-23,0.0,27.5,31.0,19.4
TH000048431,"NAKHON RATCHASIMA, TH",14.967,102.083,188.0,1967-01-24,0.0,27.4,29.1,19.2
TH000048431,"NAKHON RATCHASIMA, TH",14.967,102.083,188.0,1967-01-25,0.0,26.9,32.9,22.3
TH000048431,"NAKHON RATCHASIMA, TH",14.967,102.083,188.0,1967-01-26,0.0,26.3,33.5,21.4
TH000048431,"NAKHON RATCHASIMA, TH",14.967,102.083,188.0,1967-01-27,0.0,27.3,34.2,20.8
TH000048431,"NAKHON RATCHASIMA, TH",14.967,102.083,188.0,1967-01-28,0.0,28.7,35.6,21.7
TH000048431,"NAKHON RATCHASIMA, TH",14.967,102.083,188.0,1967-01-29,0.0,28.4,36.1,21.5
TH000048431,"NAKHON RATCHASIMA, TH",14.967,102.083,188.0,1967-01-30,0.0,29.4,36.3,21.4
TH000048431,"NAKHON RATCHASIMA, TH",14.967,102.083,188.0,1967-01-31,0.0,24.7,30.3,23.1
TH000048431,"NAKHON RATCHASIMA, TH",14.967,102.083,188.0,1967-02-01,0.0,22.4,27.3,20.4
TH000048431,"NAKHON RATCHASIMA, TH",14.967,102.083,188.0,1967-02-02,0.0,22.6,29.4,18.3
TH000048431,"NAKHON RATCHASIMA, TH",14.967,102.083,188.0,1967-02-03,0.0,20.7,27.3,16.9
TH000048431,"NAKHON RATCHASIMA, TH",14.967,102.083,188.0,1967-02-04,0.0,21.1,28.0,16.0
TH000048431,"NAKHON RATCHASIMA, TH",14.967,102.083,188.0,1967-02-05,0.0,22.9,29.8,14.6
TH000048431,"NAKHON RATCHASIMA, TH",14.967,102.083,188.0,1967-02-06,0.0,25.3,32.6,16.7
TH000048431,"NAKHON RATCHASIMA, TH",14.967,102.083,188.0,1967-02-07,0.0,23.8,29.0,20.3
TH000048431,"NAKHON RATCHASIMA, TH",14.967,102.083,188.0,1967-02-08,0.0,25.8,33.0,17.4
TH000048431,"NAKHON RATCHASIMA, TH",14.967,102.083,188.0,1967-02-09,0.0,27.2,34.0,17.8
TH000048431,"NAKHON RATCHASIMA, TH",14.967,102.083,188.0,1967-02-10,0.0,27.2,34.5,18.6
TH000048431,"NAKHON RATCHASIMA, TH",14.967,102.083,188.0,1967-02-11,0.0,24.9,31.4,20.3
TH000048431,"NAKHON RATCHASIMA, TH",14.967,102.083,188.0,1967-02-12,0.0,23.4,29.6,17.1
TH000048431,"NAKHON RATCHASIMA, TH",14.967,102.083,188.0,1967-02-13,0.0,23.8,30.8,16.9
TH000048431,"NAKHON RATCHASIMA, TH",14.967,102.083,188.0,1967-02-14,0.0,23.6,31.1,16.7
TH000048431,"NAKHON RATCHASIMA, TH",14.967,102.083,188.0,1967-02-15,0.0,21.4,27.9,14.1
TH000048431,"NAKHON RATCHASIMA, TH",14.967,102.083,188.0,1967-02-16,0.0,22.9,30.4,12.4
TH000048431,"NAKHON RATCHASIMA, TH",14.967,102.083,188.0,1967-02-17,0.0,24.3,31.1,12.6
TH000048431,"NAKHON RATCHASIMA, TH",14.967,102.083,188.0,1967-02-18,0.0,23.6,30.6,15.7
TH000048431,"NAKHON RATCHASIMA, TH",14.967,102.083,188.0,1967-02-19,0.0,26.4,33.5,17.3
TH000048431,"NAKHON RATCHASIMA, TH",14.967,102.083,188.0,1967-02-20,0.0,28.6,34.9,19.9
TH000048431,"NAKHON RATCHASIMA, TH",14.967,102.083,188.0,1967-02-21,0.0,29.5,37.2,22.4
TH000048431,"NAKHON RATCHASIMA, TH",14.967,102.083,188.0,1967-02-22,0.0,28.2,35.7,24.1
TH000048431,"NAKHON RATCHASIMA, TH",14.967,102.083,188.0,1967-02-23,0.0,29.9,36.9,21.7
TH000048431,"NAKHON RATCHASIMA, TH",14.967,102.083,188.0,1967-02-24,0.0,29.3,37.8,22.1
TH000048431,"NAKHON RATCHASIMA, TH",14.967,102.083,188.0,1967-02-25,0.0,28.3,36.8,22.8
TH000048431,"NAKHON RATCHASIMA, TH",14.967,102.083,188.0,1967-02-26,0.3,26.4,32.7,23.5
TH000048431,"NAKHON RATCHASIMA, TH",14.967,102.083,188.0,1967-02-27,0.0,24.6,32.1,19.6
TH000048431,"NAKHON RATCHASIMA, TH",14.967,102.083,188.0,1967-02-28,0.0,22.3,28.4,17.6
TH000048431,"NAKHON RATCHASIMA, TH",14.967,102.083,188.0,1967-03-01,0.0,24.1,30.7,17.8
TH000048431,"NAKHON RATCHASIMA, TH",14.967,102.083,188.0,1967-03-02,0.0,27.7,35.0,17.3
TH000048431,"NAKHON RATCHASIMA, TH",14.967,102.083,188.0,1967-03-03,0.0,29.4,36.7,19.8
TH000048431,"NAKHON RATCHASIMA, TH",14.967,102.083,188.0,1967-03-04,0.0,28.6,37.1,21.6
TH000048431,"NAKHON RATCHASIMA, TH",14.967,102.083,188.0,1967-03-05,0.0,29.8,37.5,20.1
TH000048431,"NAKHON RATCHASIMA, TH",14.967,102.083,188.0,1967-03-06,0.0,24.1,29.5,22.4
TH000048431,"NAKHON RATCHASIMA, TH",14.967,102.083,188.0,1967-03-07,0.0,22.2,27.7,17.4
TH000048431,"NAKHON RATCHASIMA, TH",14.967,102.083,188.0,1967-03-08,0.0,23.5,29.7,17.7
TH000048431,"NAKHON RATCHASIMA, TH",14.967,102.083,188.0,1967-03-09,0.0,24.6,31.3,18.0
TH000048431,"NAKHON RATCHASIMA, TH",14.967,102.083,188.0,1967-03-10,0.0,24.3,30.9,18.2
TH000048431,"NAKHON RATCHASIMA, TH",14.967,102.083,188.0,1967-03-11,0.0,23.4,29.8,17.0
TH000048431,"NAKHON RATCHASIMA, TH",14.967,102.083,188.0,1967-03-12,0.0,26.1,33.8,16.0
TH000048431,"NAKHON RATCHASIMA, TH",14.967,102.083,188.0,1967-03-13,0.0,28.2,36.4,17.0
TH000048431,"NAKHON RATCHASIMA, TH",14.967,102.083,188.0,1967-03-14,0.0,29.4,37.7,17.7
TH000048431,"NAKHON RATCHASIMA, TH",14.967,102.083,188.0,1967-03-15,0.0,29.6,37.7,20.8
TH000048431,"NAKHON RATCHASIMA, TH",14.967,102.083,188.0,1967-03-16,2.7,27.0,36.8,21.9
TH000048431,"NAKHON RATCHASIMA, TH",14.967,102.083,188.0,1967-03-17,0.0,28.7,37.4,21.6
TH000048431,"NAKHON RATCHASIMA, TH",14.967,102.083,188.0,1967-03-18,0.0,30.5,38.7,21.7
TH000048431,"NAKHON RATCHASIMA, TH",14.967,102.083,188.0,1967-03-19,0.0,30.8,38.4,21.9
TH000048431,"NAKHON RATCHASIMA, TH",14.967,102.083,188.0,1967-03-20,0.0,30.3,39.6,22.2
TH000048431,"NAKHON RATCHASIMA, TH",14.967,102.083,188.0,1967-03-21,0.0,31.2,38.9,23.3
TH000048431,"NAKHON RATCHASIMA, TH",14.967,102.083,188.0,1967-03-22,0.0,31.7,39.9,22.9
TH000048431,"NAKHON RATCHASIMA, TH",14.967,102.083,188.0,1967-03-23,0.0,31.4,39.1,22.7
TH000048431,"NAKHON RATCHASIMA, TH",14.967,102.083,188.0,1967-03-24,0.0,30.4,39.3,23.0
TH000048431,"NAKHON RATCHASIMA, TH",14.967,102.083,188.0,1967-03-25,0.0,30.4,38.4,23.5
TH000048431,"NAKHON RATCHASIMA, TH",14.967,102.083,188.0,1967-03-26,0.0,30.3,38.7,22.1
TH000048431,"NAKHON RATCHASIMA, TH",14.967,102.083,188.0,1967-03-27,0.0,30.9,39.0,22.6
TH000048431,"NAKHON RATCHASIMA, TH",14.967,102.083,188.0,1967-03-28,0.0,31.8,39.2,23.2
TH000048431,"NAKHON RATCHASIMA, TH",14.967,102.083,188.0,1967-03-29,0.0,32.6,40.6,24.3
TH000048431,"NAKHON RATCHASIMA, TH",14.967,102.083,188.0,1967-03-30,0.0,32.1,40.6,24.8
TH000048431,"NAKHON RATCHASIMA, TH",14.967,102.083,188.0,1967-03-31,0.0,32.3,40.3,23.8
TH000048431,"NAKHON RATCHASIMA, TH",14.967,102.083,188.0,1967-04-01,0.0,32.3,40.8,21.9
TH000048431,"NAKHON RATCHASIMA, TH",14.967,102.083,188.0,1967-04-02,0.0,32.1,39.6,25.1
TH000048431,"NAKHON RATCHASIMA, TH",14.967,102.083,188.0,1967-04-03,0.0,32.1,39.5,23.6
TH000048431,"NAKHON RATCHASIMA, TH",14.967,102.083,188.0,1967-04-04,0.0,32.8,40.7,21.4
TH000048431,"NAKHON RATCHASIMA, TH",14.967,102.083,188.0,1967-04-05,16.9,30.1,40.0,24.6
TH000048431,"NAKHON RATCHASIMA, TH",14.967,102.083,188.0,1967-04-06,0.0,30.8,38.5,23.9
TH000048431,"NAKHON RATCHASIMA, TH",14.967,102.083,188.0,1967-04-07,4.0,29.7,38.0,24.6
TH000048431,"NAKHON RATCHASIMA, TH",14.967,102.083,188.0,1967-04-08,0.0,29.8,38.1,24.1
TH000048431,"NAKHON RATCHASIMA, TH",14.967,102.083,188.0,1967-04-09,0.0,31.7,39.0,23.4
TH000048431,"NAKHON RATCHASIMA, TH",14.967,102.083,188.0,1967-04-10,0.0,32.8,39.4,23.8
TH000048431,"NAKHON RATCHASIMA, TH",14.967,102.083,188.0,1967-04-11,0.0,31.3,39.2,24.5
TH000048431,"NAKHON RATCHASIMA, TH",14.967,102.083,188.0,1967-04-12,6.0,28.1,37.7,22.4
TH000048431,"NAKHON RATCHASIMA, TH",14.967,102.083,188.0,1967-04-13,0.3,27.6,34.0,22.1
TH000048431,"NAKHON RATCHASIMA, TH",14.967,102.083,188.0,1967-04-14,0.1,29.0,36.3,22.1
TH000048431,"NAKHON RATCHASIMA, TH",14.967,102.083,188.0,1967-04-15,6.5,25.2,29.7,23.9
TH000048431,"NAKHON RATCHASIMA, TH",14.967,102.083,188.0,1967-04-16,0.0,27.7,33.5,21.3
TH000048431,"NAKHON RATCHASIMA, TH",14.967,102.083,188.0,1967-04-17,1.1,27.2,35.4,23.4
TH000048431,"NAKHON RATCHASIMA, TH",14.967,102.083,188.0,1967-04-18,0.1,26.2,33.2,20.4
TH000048431,"NAKHON RATCHASIMA, TH",14.967,102.083,188.0,1967-04-19,0.0,28.8,35.0,20.9
TH000048431,"NAKHON RATCHASIMA, TH",14.967,102.083,188.0,1967-04-20,23.2,28.0,35.6,22.2
TH000048431,"NAKHON RATCHASIMA, TH",14.967,102.083,188.0,1967-04-21,2.2,26.7,34.5,21.4
TH000048431,"NAKHON RATCHASIMA, TH",14.967,102.083,188.0,1967-04-22,8.9,26.6,31.6,22.1
TH000048431,"NAKHON RATCHASIMA, TH",14.967,102.083,188.0,1967-04-23,0.1,26.7,32.4,22.2
TH000048431,"NAKHON RATCHASIMA, TH",14.967,102.083,188.0,1967-04-24,0.0,26.7,34.0,23.2
TH000048431,"NAKHON RATCHASIMA, TH",14.967,102.083,188.0,1967-04-25,20.0,25.4,33.3,22.6
TH000048431,"NAKHON RATCHASIMA, TH",14.967,102.083,188.0,1967-04-26,0.0,26.6,32.7,22.0
TH000048431,"NAKHON RATCHASIMA, TH",14.967,102.083,188.0,1967-04-27,6.2,27.3,35.3,22.5
TH000048431,"NAKHON RATCHASIMA, TH",14.967,102.083,188.0,1967-04-28,0.0,28.3,34.4,22.7
TH000048431,"NAKHON RATCHASIMA, TH",14.967,102.083,188.0,1967-04-29,0.0,29.6,36.6,23.5
TH000048431,"NAKHON RATCHASIMA, TH",14.967,102.083,188.0,1967-04-30,0.0,30.3,38.0,23.8
TH000048431,"NAKHON RATCHASIMA, TH",14.967,102.083,188.0,1967-05-01,0.0,30.9,38.7,25.0
TH000048431,"NAKHON RATCHASIMA, TH",14.967,102.083,188.0,1967-05-02,0.0,30.4,37.9,25.2
TH000048431,"NAKHON RATCHASIMA, TH",14.967,102.083,188.0,1967-05-03,0.2,29.1,36.0,23.0
TH000048431,"NAKHON RATCHASIMA, TH",14.967,102.083,188.0,1967-05-04,0.0,29.2,38.4,24.3
TH000048431,"NAKHON RATCHASIMA, TH",14.967,102.083,188.0,1967-05-05,0.3,30.7,37.5,23.3
TH000048431,"NAKHON RATCHASIMA, TH",14.967,102.083,188.0,1967-05-06,0.7,29.4,37.4,24.7
TH000048431,"NAKHON RATCHASIMA, TH",14.967,102.083,188.0,1967-05-07,0.0,29.2,36.8,24.3
TH000048431,"NAKHON RATCHASIMA, TH",14.967,102.083,188.0,1967-05-08,19.4,26.6,36.3,23.4
TH000048431,"NAKHON RATCHASIMA, TH",14.967,102.083,188.0,1967-05-09,0.0,27.7,32.2,22.7
TH000048431,"NAKHON RATCHASIMA, TH",14.967,102.083,188.0,1967-05-10,35.9,26.1,33.1,24.0
TH000048431,"NAKHON RATCHASIMA, TH",14.967,102.083,188.0,1967-05-11,9.7,24.9,27.2,20.7
TH000048431,"NAKHON RATCHASIMA, TH",14.967,102.083,188.0,1967-05-12,2.7,27.5,32.9,22.5
TH000048431,"NAKHON RATCHASIMA, TH",14.967,102.083,188.0,1967-05-13,0.8,28.2,33.9,24.1
TH000048431,"NAKHON RATCHASIMA, TH",14.967,102.083,188.0,1967-05-14,75.8,28.3,34.8,23.9
TH000048431,"NAKHON RATCHASIMA, TH",14.967,102.083,188.0,1967-05-15,0.0,27.8,33.0,21.7
TH000048431,"NAKHON RATCHASIMA, TH",14.967,102.083,188.0,1967-05-16,0.0,28.2,33.3,23.9
TH000048431,"NAKHON RATCHASIMA, TH",14.967,102.083,188.0,1967-05-17,0.0,28.5,33.8,23.7
TH000048431,"NAKHON RATCHASIMA, TH",14.967,102.083,188.0,1967-05-18,0.0,29.1,33.7,23.4
TH000048431,"NAKHON RATCHASIMA, TH",14.967,102.083,188.0,1967-05-19,0.0,29.4,34.6,24.0
TH000048431,"NAKHON RATCHASIMA, TH",14.967,102.083,188.0,1967-05-20,0.0,29.7,34.7,24.7
TH000048431,"NAKHON RATCHASIMA, TH",14.967,102.083,188.0,1967-05-21,0.0,30.1,35.4,23.7
TH000048431,"NAKHON RATCHASIMA, TH",14.967,102.083,188.0,1967-05-22,0.0,29.9,35.4,24.2
TH000048431,"NAKHON RATCHASIMA, TH",14.967,102.083,188.0,1967-05-23,4.0,28.5,34.4,24.1
TH000048431,"NAKHON RATCHASIMA, TH",14.967,102.083,188.0,1967-05-24,3.5,27.9,34.9,23.7
TH000048431,"NAKHON RATCHASIMA, TH",14.967,102.083,188.0,1967-05-25,0.0,28.8,34.0,24.0
TH000048431,"NAKHON RATCHASIMA, TH",14.967,102.083,188.0,1967-05-26,0.0,29.6,35.2,23.7
TH000048431,"NAKHON RATCHASIMA, TH",14.967,102.083,188.0,1967-05-27,22.4,28.1,34.9,22.9
TH000048431,"NAKHON RATCHASIMA, TH",14.967,102.083,188.0,1967-05-28,5.5,27.9,33.4,22.1
TH000048431,"NAKHON RATCHASIMA, TH",14.967,102.083,188.0,1967-05-29,0.0,29.1,33.8,24.1
TH000048431,"NAKHON RATCHASIMA, TH",14.967,102.083,188.0,1967-05-30,0.0,29.4,33.8,23.4
TH000048431,"NAKHON RATCHASIMA, TH",14.967,102.083,188.0,1967-05-31,0.0,29.9,34.5,23.1
TH000048431,"NAKHON RATCHASIMA, TH",14.967,102.083,188.0,1967-06-01,0.2,29.9,33.3,23.3
TH000048431,"NAKHON RATCHASIMA, TH",14.967,102.083,188.0,1967-06-02,1.2,28.6,34.6,24.3
TH000048431,"NAKHON RATCHASIMA, TH",14.967,102.083,188.0,1967-06-03,0.1,28.4,32.7,24.0
TH000048431,"NAKHON RATCHASIMA, TH",14.967,102.083,188.0,1967-06-04,0.0,28.2,33.2,23.7
TH000048431,"NAKHON RATCHASIMA, TH",14.967,102.083,188.0,1967-06-05,0.0,28.6,32.6,24.0
TH000048431,"NAKHON RATCHASIMA, TH",14.967,102.083,188.0,1967-06-06,0.2,29.1,34.0,24.2
TH000048431,"NAKHON RATCHASIMA, TH",14.967,102.083,188.0,1967-06-07,0.0,28.9,34.7,24.6
TH000048431,"NAKHON RATCHASIMA, TH",14.967,102.083,188.0,1967-06-08,0.0,29.2,35.9,23.8
TH000048431,"NAKHON RATCHASIMA, TH",14.967,102.083,188.0,1967-06-09,16.3,27.6,33.8,23.4
TH000048431,"NAKHON RATCHASIMA, TH",14.967,102.083,188.0,1967-06-10,1.2,26.1,29.8,23.2
TH000048431,"NAKHON RATCHASIMA, TH",14.967,102.083,188.0,1967-06-11,44.0,27.3,35.9,24.4
TH000048431,"NAKHON RATCHASIMA, TH",14.967,102.083,188.0,1967-06-12,22.3,26.7,32.8,22.2
TH000048431,"NAKHON RATCHASIMA, TH",14.967,102.083,188.0,1967-06-13,6.0,26.5,32.8,22.7
TH000048431,"NAKHON RATCHASIMA, TH",14.967,102.083,188.0,1967-06-14,10.8,25.2,32.4,22.6
TH000048431,"NAKHON RATCHASIMA, TH",14.967,102.083,188.0,1967-06-15,0.0,28.6,33.8,21.8
TH000048431,"NAKHON RATCHASIMA, TH",14.967,102.083,188.0,1967-06-16,1.0,27.7,35.2,23.5
TH000048431,"NAKHON RATCHASIMA, TH",14.967,102.083,188.0,1967-06-17,0.0,29.3,35.5,23.7
TH000048431,"NAKHON RATCHASIMA, TH",14.967,102.083,188.0,1967-06-18,12.5,26.7,35.1,23.5
TH000048431,"NAKHON RATCHASIMA, TH",14.967,102.083,188.0,1967-06-19,0.0,28.1,34.4,23.3
TH000048431,"NAKHON RATCHASIMA, TH",14.967,102.083,188.0,1967-06-20,0.0,28.9,35.9,23.7
TH000048431,"NAKHON RATCHASIMA, TH",14.967,102.083,188.0,1967-06-21,0.0,29.7,36.0,23.4
TH000048431,"NAKHON RATCHASIMA, TH",14.967,102.083,188.0,1967-06-22,0.0,29.1,35.3,23.8
TH000048431,"NAKHON RATCHASIMA, TH",14.967,102.083,188.0,1967-06-23,0.0,29.2,36.6,23.5
TH000048431,"NAKHON RATCHASIMA, TH",14.967,102.083,188.0,1967-06-24,0.0,29.2,35.6,23.8
TH000048431,"NAKHON RATCHASIMA, TH",14.967,102.083,188.0,1967-06-25,0.0,29.2,36.0,24.8
TH000048431,"NAKHON RATCHASIMA, TH",14.967,102.083,188.0,1967-06-26,19.5,28.1,34.9,24.4
TH000048431,"NAKHON RATCHASIMA, TH",14.967,102.083,188.0,1967-06-27,0.2,27.0,33.8,22.6
TH000048431,"NAKHON RATCHASIMA, TH",14.967,102.083,188.0,1967-06-28,0.0,29.4,34.0,23.5
TH000048431,"NAKHON RATCHASIMA, TH",14.967,102.083,188.0,1967-06-29,0.0,29.8,35.3,24.2
TH000048431,"NAKHON RATCHASIMA, TH",14.967,102.083,188.0,1967-06-30,0.0,29.8,34.5,24.5
TH000048431,"NAKHON RATCHASIMA, TH",14.967,102.083,188.0,1967-07-01,0.0,28.9,34.5,23.8
TH000048431,"NAKHON RATCHASIMA, TH",14.967,102.083,188.0,1967-07-02,0.0,27.1,33.2,24.6
TH000048431,"NAKHON RATCHASIMA, TH",14.967,102.083,188.0,1967-07-03,0.0,28.6,34.9,23.0
TH000048431,"NAKHON RATCHASIMA, TH",14.967,102.083,188.0,1967-07-04,0.0,29.4,36.7,22.9
TH000048431,"NAKHON RATCHASIMA, TH",14.967,102.083,188.0,1967-07-05,0.0,30.3,35.6,24.1
TH000048431,"NAKHON RATCHASIMA, TH",14.967,102.083,188.0,1967-07-06,0.5,29.6,35.3,24.1
TH000048431,"NAKHON RATCHASIMA, TH",14.967,102.083,188.0,1967-07-07,0.0,29.9,36.1,23.8
TH000048431,"NAKHON RATCHASIMA, TH",14.967,102.083,188.0,1967-07-08,0.0,29.2,35.6,23.4
TH000048431,"NAKHON RATCHASIMA, TH",14.967,102.083,188.0,1967-07-09,0.0,29.5,36.4,23.4
TH000048431,"NAKHON RATCHASIMA, TH",14.967,102.083,188.0,1967-07-10,0.0,29.6,35.8,24.0
TH000048431,"NAKHON RATCHASIMA, TH",14.967,102.083,188.0,1967-07-11,0.0,30.1,36.7,24.0
TH000048431,"NAKHON RATCHASIMA, TH",14.967,102.083,188.0,1967-07-12,0.0,30.2,36.7,24.4
TH000048431,"NAKHON RATCHASIMA, TH",14.967,102.083,188.0,1967-07-13,0.5,30.0,37.8,24.2
TH000048431,"NAKHON RATCHASIMA, TH",14.967,102.083,188.0,1967-07-14,10.0,27.1,33.2,25.0
TH000048431,"NAKHON RATCHASIMA, TH",14.967,102.083,188.0,1967-07-15,2.5,25.8,30.5,23.9
TH000048431,"NAKHON RATCHASIMA, TH",14.967,102.083,188.0,1967-07-16,17.8,25.4,33.7,22.6
TH000048431,"NAKHON RATCHASIMA, TH",14.967,102.083,188.0,1967-07-17,0.3,27.4,32.5,22.6
TH000048431,"NAKHON RATCHASIMA, TH",14.967,102.083,188.0,1967-07-18,0.0,26.9,31.9,23.7
TH000048431,"NAKHON RATCHASIMA, TH",14.967,102.083,188.0,1967-07-19,1.0,27.8,36.5,22.7
TH000048431,"NAKHON RATCHASIMA, TH",14.967,102.083,188.0,1967-07-20,15.0,27.2,35.9,23.7
TH000048431,"NAKHON RATCHASIMA, TH",14.967,102.083,188.0,1967-07-21,0.0,27.9,34.4,22.1
TH000048431,"NAKHON RATCHASIMA, TH",14.967,102.083,188.0,1967-07-22,0.0,28.1,34.7,22.9
TH000048431,"NAKHON RATCHASIMA, TH",14.967,102.083,188.0,1967-07-23,0.0,28.1,33.4,22.9
TH000048431,"NAKHON RATCHASIMA, TH",14.967,102.083,188.0,1967-07-24,1.7,27.7,32.2,24.0
TH000048431,"NAKHON RATCHASIMA, TH",14.967,102.083,188.0,1967-07-25,5.5,26.6,32.9,23.5
TH000048431,"NAKHON RATCHASIMA, TH",14.967,102.083,188.0,1967-07-26,0.1,26.4,30.6,22.7
TH000048431,"NAKHON RATCHASIMA, TH",14.967,102.083,188.0,1967-07-27,0.3,27.2,31.8,23.1
TH000048431,"NAKHON RATCHASIMA, TH",14.967,102.083,188.0,1967-07-28,4.3,25.4,27.9,23.6
TH000048431,"NAKHON RATCHASIMA, TH",14.967,102.083,188.0,1967-07-29,0.0,28.2,33.1,23.1
TH000048431,"NAKHON RATCHASIMA, TH",14.967,102.083,188.0,1967-07-30,26.2,28.0,35.0,24.0
TH000048431,"NAKHON RATCHASIMA, TH",14.967,102.083,188.0,1967-07-31,0.7,28.4,33.9,23.1
TH000048431,"NAKHON RATCHASIMA, TH",14.967,102.083,188.0,1967-08-01,0.0,28.2,33.6,23.9
TH000048431,"NAKHON RATCHASIMA, TH",14.967,102.083,188.0,1967-08-02,1.0,27.9,34.4,24.3
TH000048431,"NAKHON RATCHASIMA, TH",14.967,102.083,188.0,1967-08-03,0.0,28.6,33.5,23.3
TH000048431,"NAKHON RATCHASIMA, TH",14.967,102.083,188.0,1967-08-04,0.0,28.8,33.2,24.4
TH000048431,"NAKHON RATCHASIMA, TH",14.967,102.083,188.0,1967-08-05,0.0,28.3,33.6,24.5
TH000048431,"NAKHON RATCHASIMA, TH",14.967,102.083,188.0,1967-08-06,0.8,27.6,33.1,23.9
TH000048431,"NAKHON RATCHASIMA, TH",14.967,102.083,188.0,1967-08-07,0.0,28.4,31.7,23.1
TH000048431,"NAKHON RATCHASIMA, TH",14.967,102.083,188.0,1967-08-08,35.8,27.4,32.5,23.3
TH000048431,"NAKHON RATCHASIMA, TH",14.967,102.083,188.0,1967-08-09,5.3,26.8,32.8,22.5
TH000048431,"NAKHON RATCHASIMA, TH",14.967,102.083,188.0,1967-08-10,0.0,27.6,33.4,22.8
TH000048431,"NAKHON RATCHASIMA, TH",14.967,102.083,188.0,1967-08-11,0.0,28.4,33.6,22.7
TH000048431,"NAKHON RATCHASIMA, TH",14.967,102.083,188.0,1967-08-12,0.0,28.6,32.8,23.3
TH000048431,"NAKHON RATCHASIMA, TH",14.967,102.083,188.0,1967-08-13,0.0,28.8,33.8,24.0
TH000048431,"NAKHON RATCHASIMA, TH",14.967,102.083,188.0,1967-08-14,0.0,28.7,34.4,24.0
TH000048431,"NAKHON RATCHASIMA, TH",14.967,102.083,188.0,1967-08-15,0.0,29.2,34.4,24.1
TH000048431,"NAKHON RATCHASIMA, TH",14.967,102.083,188.0,1967-08-16,0.1,28.2,34.5,24.1
TH000048431,"NAKHON RATCHASIMA, TH",14.967,102.083,188.0,1967-08-17,0.0,27.7,31.0,24.6
TH000048431,"NAKHON RATCHASIMA, TH",14.967,102.083,188.0,1967-08-18,0.0,28.0,33.7,23.8
TH000048431,"NAKHON RATCHASIMA, TH",14.967,102.083,188.0,1967-08-19,2.8,28.4,32.8,22.9
TH000048431,"NAKHON RATCHASIMA, TH",14.967,102.083,188.0,1967-08-20,4.2,28.8,34.4,23.6
TH000048431,"NAKHON RATCHASIMA, TH",14.967,102.083,188.0,1967-08-21,1.4,25.7,28.6,23.9
TH000048431,"NAKHON RATCHASIMA, TH",14.967,102.083,188.0,1967-08-22,0.0,27.2,32.0,22.5
TH000048431,"NAKHON RATCHASIMA, TH",14.967,102.083,188.0,1967-08-23,0.0,28.2,33.3,23.1
TH000048431,"NAKHON RATCHASIMA, TH",14.967,102.083,188.0,1967-08-24,0.0,29.1,35.1,23.5
TH000048431,"NAKHON RATCHASIMA, TH",14.967,102.083,188.0,1967-08-25,0.6,27.2,32.0,23.4
TH000048431,"NAKHON RATCHASIMA, TH",14.967,102.083,188.0,1967-08-26,33.1,26.2,33.5,21.8
TH000048431,"NAKHON RATCHASIMA, TH",14.967,102.083,188.0,1967-08-27,25.4,25.8,29.6,22.8
TH000048431,"NAKHON RATCHASIMA, TH",14.967,102.083,188.0,1967-08-28,0.0,28.1,33.1,23.7
TH000048431,"NAKHON RATCHASIMA, TH",14.967,102.083,188.0,1967-08-29,0.1,27.3,31.7,24.0
TH000048431,"NAKHON RATCHASIMA, TH",14.967,102.083,188.0,1967-08-30,0.0,27.8,32.9,23.9
TH000048431,"NAKHON RATCHASIMA, TH",14.967,102.083,188.0,1967-08-31,0.0,28.4,33.8,23.6
TH000048431,"NAKHON RATCHASIMA, TH",14.967,102.083,188.0,1967-09-01,0.4,27.4,31.4,23.7
TH000048431,"NAKHON RATCHASIMA, TH",14.967,102.083,188.0,1967-09-02,0.2,26.5,32.5,23.2
TH000048431,"NAKHON RATCHASIMA, TH",14.967,102.083,188.0,1967-09-03,0.0,28.2,35.2,22.5
TH000048431,"NAKHON RATCHASIMA, TH",14.967,102.083,188.0,1967-09-04,0.0,29.4,35.6,23.2
TH000048431,"NAKHON RATCHASIMA, TH",14.967,102.083,188.0,1967-09-05,10.9,27.6,35.8,23.5
TH000048431,"NAKHON RATCHASIMA, TH",14.967,102.083,188.0,1967-09-06,0.0,26.7,32.3,22.5
TH000048431,"NAKHON RATCHASIMA, TH",14.967,102.083,188.0,1967-09-07,6.5,26.7,34.0,23.4
TH000048431,"NAKHON RATCHASIMA, TH",14.967,102.083,188.0,1967-09-08,6.0,27.2,33.3,23.1
TH000048431,"NAKHON RATCHASIMA, TH",14.967,102.083,188.0,1967-09-09,6.5,26.6,33.4,23.1
TH000048431,"NAKHON RATCHASIMA, TH",14.967,102.083,188.0,1967-09-10,1.3,26.1,31.1,22.8
TH000048431,"NAKHON RATCHASIMA, TH",14.967,102.083,188.0,1967-09-11,9.6,25.9,33.0,23.2
TH000048431,"NAKHON RATCHASIMA, TH",14.967,102.083,188.0,1967-09-12,5.2,26.3,31.9,22.4
TH000048431,"NAKHON RATCHASIMA, TH",14.967,102.083,188.0,1967-09-13,0.1,26.8,32.4,22.9
TH000048431,"NAKHON RATCHASIMA, TH",14.967,102.083,188.0,1967-09-14,4.6,26.8,32.9,23.4
TH000048431,"NAKHON RATCHASIMA, TH",14.967,102.083,188.0,1967-09-15,45.3,25.8,29.1,22.6
TH000048431,"NAKHON RATCHASIMA, TH",14.967,102.083,188.0,1967-09-16,4.4,25.8,28.8,21.1
TH000048431,"NAKHON RATCHASIMA, TH",14.967,102.083,188.0,1967-09-17,21.9,26.1,31.2,24.0
TH000048431,"NAKHON RATCHASIMA, TH",14.967,102.083,188.0,1967-09-18,0.0,27.5,31.6,23.9
TH000048431,"NAKHON RATCHASIMA, TH",14.967,102.083,188.0,1967-09-19,0.0,26.6,32.2,23.6
TH000048431,"NAKHON RATCHASIMA, TH",14.967,102.083,188.0,1967-09-20,15.6,25.8,33.0,23.4
TH000048431,"NAKHON RATCHASIMA, TH",14.967,102.083,188.0,1967-09-21,0.0,27.0,29.9,22.2
TH000048431,"NAKHON RATCHASIMA, TH",14.967,102.083,188.0,1967-09-22,1.6,27.4,32.4,23.8
TH000048431,"NAKHON RATCHASIMA, TH",14.967,102.083,188.0,1967-09-23,18.7,26.3,32.6,23.9
TH000048431,"NAKHON RATCHASIMA, TH",14.967,102.083,188.0,1967-09-24,1.1,25.3,28.3,22.0
TH000048431,"NAKHON RATCHASIMA, TH",14.967,102.083,188.0,1967-09-25,18.1,25.4,29.6,23.1
TH000048431,"NAKHON RATCHASIMA, TH",14.967,102.083,188.0,1967-09-26,1.8,26.4,32.0,23.0
TH000048431,"NAKHON RATCHASIMA, TH",14.967,102.083,188.0,1967-09-27,0.2,26.2,30.1,22.5
TH000048431,"NAKHON RATCHASIMA, TH",14.967,102.083,188.0,1967-09-28,0.0,27.4,33.9,23.1
TH000048431,"NAKHON RATCHASIMA, TH",14.967,102.083,188.0,1967-09-29,0.0,27.1,31.8,23.0
TH000048431,"NAKHON RATCHASIMA, TH",14.967,102.083,188.0,1967-09-30,2.2,27.3,32.7,23.9
TH000048431,"NAKHON RATCHASIMA, TH",14.967,102.083,188.0,1967-10-01,12.7,24.9,28.5,23.3
TH000048431,"NAKHON RATCHASIMA, TH",14.967,102.083,188.0,1967-10-02,0.6,25.0,28.2,22.4
TH000048431,"NAKHON RATCHASIMA, TH",14.967,102.083,188.0,1967-10-03,0.3,25.8,30.4,21.7
TH000048431,"NAKHON RATCHASIMA, TH",14.967,102.083,188.0,1967-10-04,0.0,24.5,29.5,22.5
TH000048431,"NAKHON RATCHASIMA, TH",14.967,102.083,188.0,1967-10-05,0.2,24.3,28.2,22.6
TH000048431,"NAKHON RATCHASIMA, TH",14.967,102.083,188.0,1967-10-06,0.7,25.4,29.3,22.3
TH000048431,"NAKHON RATCHASIMA, TH",14.967,102.083,188.0,1967-10-07,0.0,25.8,29.6,22.7
TH000048431,"NAKHON RATCHASIMA, TH",14.967,102.083,188.0,1967-10-08,0.0,25.9,31.0,21.2
TH000048431,"NAKHON RATCHASIMA, TH",14.967,102.083,188.0,1967-10-09,18.2,24.2,29.0,21.0
TH000048431,"NAKHON RATCHASIMA, TH",14.967,102.083,188.0,1967-10-10,13.7,23.1,25.7,19.9
TH000048431,"NAKHON RATCHASIMA, TH",14.967,102.083,188.0,1967-10-11,14.8,25.0,28.9,22.1
TH000048431,"NAKHON RATCHASIMA, TH",14.967,102.083,188.0,1967-10-12,0.0,26.6,31.2,22.8
TH000048431,"NAKHON RATCHASIMA, TH",14.967,102.083,188.0,1967-10-13,0.0,26.7,32.5,23.4
TH000048431,"NAKHON RATCHASIMA, TH",14.967,102.083,188.0,1967-10-14,0.0,27.2,31.5,23.5
TH000048431,"NAKHON RATCHASIMA, TH",14.967,102.083,188.0,1967-10-15,0.0,26.9,31.5,23.8
TH000048431,"NAKHON RATCHASIMA, TH",14.967,102.083,188.0,1967-10-16,0.0,27.0,31.6,24.1
TH000048431,"NAKHON RATCHASIMA, TH",14.967,102.083,188.0,1967-10-17,0.0,26.7,31.9,22.6
TH000048431,"NAKHON RATCHASIMA, TH",14.967,102.083,188.0,1967-10-18,0.0,24.2,29.3,22.3
TH000048431,"NAKHON RATCHASIMA, TH",14.967,102.083,188.0,1967-10-19,0.0,22.4,28.2,18.2
TH000048431,"NAKHON RATCHASIMA, TH",14.967,102.083,188.0,1967-10-20,0.0,22.7,26.1,16.9
TH000048431,"NAKHON RATCHASIMA, TH",14.967,102.083,188.0,1967-10-21,0.0,24.3,28.7,17.9
TH000048431,"NAKHON RATCHASIMA, TH",14.967,102.083,188.0,1967-10-22,0.0,25.2,30.4,19.7
TH000048431,"NAKHON RATCHASIMA, TH",14.967,102.083,188.0,1967-10-23,0.0,26.4,32.2,20.5
TH000048431,"NAKHON RATCHASIMA, TH",14.967,102.083,188.0,1967-10-24,0.0,26.6,31.9,20.8
TH000048431,"NAKHON RATCHASIMA, TH",14.967,102.083,188.0,1967-10-25,0.0,26.1,31.2,21.6
TH000048431,"NAKHON RATCHASIMA, TH",14.967,102.083,188.0,1967-10-26,0.0,25.8,30.5,21.1
TH000048431,"NAKHON RATCHASIMA, TH",14.967,102.083,188.0,1967-10-27,0.0,25.4,29.9,20.7
TH000048431,"NAKHON RATCHASIMA, TH",14.967,102.083,188.0,1967-10-28,0.0,25.6,30.5,18.4
TH000048431,"NAKHON RATCHASIMA, TH",14.967,102.083,188.0,1967-10-29,0.0,25.6,31.3,18.6
TH000048431,"NAKHON RATCHASIMA, TH",14.967,102.083,188.0,1967-10-30,0.0,26.9,32.5,17.8
TH000048431,"NAKHON RATCHASIMA, TH",14.967,102.083,188.0,1967-10-31,0.0,26.8,33.1,19.7
TH000048431,"NAKHON RATCHASIMA, TH",14.967,102.083,188.0,1967-11-01,0.0,27.7,32.8,18.7
TH000048431,"NAKHON RATCHASIMA, TH",14.967,102.083,188.0,1967-11-02,0.0,26.4,31.5,21.9
TH000048431,"NAKHON RATCHASIMA, TH",14.967,102.083,188.0,1967-11-03,0.0,25.7,31.4,20.1
TH000048431,"NAKHON RATCHASIMA, TH",14.967,102.083,188.0,1967-11-04,0.0,27.1,31.3,18.0
TH000048431,"NAKHON RATCHASIMA, TH",14.967,102.083,188.0,1967-11-05,0.0,26.8,31.9,23.2
TH000048431,"NAKHON RATCHASIMA, TH",14.967,102.083,188.0,1967-11-06,0.0,26.4,31.7,19.5
TH000048431,"NAKHON RATCHASIMA, TH",14.967,102.083,188.0,1967-11-07,0.0,27.8,33.2,18.6
TH000048431,"NAKHON RATCHASIMA, TH",14.967,102.083,188.0,1967-11-08,0.0,28.8,35.0,21.0
TH000048431,"NAKHON RATCHASIMA, TH",14.967,102.083,188.0,1967-11-09,0.0,27.1,33.4,22.2
TH000048431,"NAKHON RATCHASIMA, TH",14.967,102.083,188.0,1967-11-10,5.4,27.5,33.0,18.6
TH000048431,"NAKHON RATCHASIMA, TH",14.967,102.083,188.0,1967-11-11,52.2,25.3,29.5,22.3
TH000048431,"NAKHON RATCHASIMA, TH",14.967,102.083,188.0,1967-11-12,7.3,24.7,26.7,22.3
TH000048431,"NAKHON RATCHASIMA, TH",14.967,102.083,188.0,1967-11-13,0.1,24.3,27.6,20.5
TH000048431,"NAKHON RATCHASIMA, TH",14.967,102.083,188.0,1967-11-14,0.0,24.8,29.6,20.9
TH000048431,"NAKHON RATCHASIMA, TH",14.967,102.083,188.0,1967-11-15,0.0,24.5,29.1,20.3
TH000048431,"NAKHON RATCHASIMA, TH",14.967,102.083,188.0,1967-11-16,0.0,24.8,29.4,20.4
TH000048431,"NAKHON RATCHASIMA, TH",14.967,102.083,188.0,1967-11-17,0.0,24.9,29.7,19.4
TH000048431,"NAKHON RATCHASIMA, TH",14.967,102.083,188.0,1967-11-18,0.0,24.7,30.1,18.2
TH000048431,"NAKHON RATCHASIMA, TH",14.967,102.083,188.0,1967-11-19,0.0,25.0,30.0,18.3
TH000048431,"NAKHON RATCHASIMA, TH",14.967,102.083,188.0,1967-11-20,0.0,24.6,29.7,18.5
TH000048431,"NAKHON RATCHASIMA, TH",14.967,102.083,188.0,1967-11-21,0.0,24.2,29.1,18.5
TH000048431,"NAKHON RATCHASIMA, TH",14.967,102.083,188.0,1967-11-22,0.0,24.7,29.5,17.5
TH000048431,"NAKHON RATCHASIMA, TH",14.967,102.083,188.0,1967-11-23,0.0,25.7,29.9,19.4
TH000048431,"NAKHON RATCHASIMA, TH",14.967,102.083,188.0,1967-11-24,0.0,26.7,31.7,19.9
TH000048431,"NAKHON RATCHASIMA, TH",14.967,102.083,188.0,1967-11-25,0.0,25.7,30.2,20.6
TH000048431,"NAKHON RATCHASIMA, TH",14.967,102.083,188.0,1967-11-26,0.0,25.0,29.5,19.8
TH000048431,"NAKHON RATCHASIMA, TH",14.967,102.083,188.0,1967-11-27,0.0,25.2,28.3,18.9
TH000048431,"NAKHON RATCHASIMA, TH",14.967,102.083,188.0,1967-11-28,0.0,26.1,29.3,22.2
TH000048431,"NAKHON RATCHASIMA, TH",14.967,102.083,188.0,1967-11-29,0.0,26.6,31.7,22.8
TH000048431,"NAKHON RATCHASIMA, TH",14.967,102.083,188.0,1967-11-30,0.0,25.4,30.1,23.0
TH000048431,"NAKHON RATCHASIMA, TH",14.967,102.083,188.0,1967-12-01,0.0,23.6,28.5,19.1
TH000048431,"NAKHON RATCHASIMA, TH",14.967,102.083,188.0,1967-12-02,0.0,23.5,28.4,19.1
TH000048431,"NAKHON RATCHASIMA, TH",14.967,102.083,188.0,1967-12-03,0.0,23.0,28.6,17.8
TH000048431,"NAKHON RATCHASIMA, TH",14.967,102.083,188.0,1967-12-04,0.0,23.6,29.6,17.0
TH000048431,"NAKHON RATCHASIMA, TH",14.967,102.083,188.0,1967-12-05,0.0,25.1,31.2,17.6
TH000048431,"NAKHON RATCHASIMA, TH",14.967,102.083,188.0,1967-12-06,0.0,25.3,31.3,17.8
TH000048431,"NAKHON RATCHASIMA, TH",14.967,102.083,188.0,1967-12-07,0.0,23.8,29.1,17.6
TH000048431,"NAKHON RATCHASIMA, TH",14.967,102.083,188.0,1967-12-08,0.0,23.3,29.0,18.6
TH000048431,"NAKHON RATCHASIMA, TH",14.967,102.083,188.0,1967-12-09,0.0,23.4,28.9,17.1
TH000048431,"NAKHON RATCHASIMA, TH",14.967,102.083,188.0,1967-12-10,0.0,23.0,29.2,19.6
TH000048431,"NAKHON RATCHASIMA, TH",14.967,102.083,188.0,1967-12-11,0.0,20.3,26.2,16.2
TH000048431,"NAKHON RATCHASIMA, TH",14.967,102.083,188.0,1967-12-12,0.0,19.8,26.3,14.1
TH000048431,"NAKHON RATCHASIMA, TH",14.967,102.083,188.0,1967-12-13,0.0,18.8,25.7,14.7
TH000048431,"NAKHON RATCHASIMA, TH",14.967,102.083,188.0,1967-12-14,0.0,17.9,23.8,13.0
TH000048431,"NAKHON RATCHASIMA, TH",14.967,102.083,188.0,1967-12-15,0.0,18.7,25.3,12.1
TH000048431,"NAKHON RATCHASIMA, TH",14.967,102.083,188.0,1967-12-16,0.0,19.8,27.0,9.8
TH000048431,"NAKHON RATCHASIMA, TH",14.967,102.083,188.0,1967-12-17,0.0,21.1,28.1,11.1
TH000048431,"NAKHON RATCHASIMA, TH",14.967,102.083,188.0,1967-12-18,0.0,20.6,27.1,13.2
TH000048431,"NAKHON RATCHASIMA, TH",14.967,102.083,188.0,1967-12-19,0.0,22.1,29.0,11.9
TH000048431,"NAKHON RATCHASIMA, TH",14.967,102.083,188.0,1967-12-20,0.0,23.6,30.9,13.5
TH000048431,"NAKHON RATCHASIMA, TH",14.967,102.083,188.0,1967-12-21,0.0,23.8,30.9,14.5
TH000048431,"NAKHON RATCHASIMA, TH",14.967,102.083,188.0,1967-12-22,0.0,23.1,30.4,14.5
TH000048431,"NAKHON RATCHASIMA, TH",14.967,102.083,188.0,1967-12-23,0.0,22.9,30.3,14.2
TH000048431,"NAKHON RATCHASIMA, TH",14.967,102.083,188.0,1967-12-24,0.0,22.5,29.7,13.7
TH000048431,"NAKHON RATCHASIMA, TH",14.967,102.083,188.0,1967-12-25,0.0,22.6,30.2,14.3
TH000048431,"NAKHON RATCHASIMA, TH",14.967,102.083,188.0,1967-12-26,0.0,23.9,31.7,13.9
TH000048431,"NAKHON RATCHASIMA, TH",14.967,102.083,188.0,1967-12-27,0.0,24.3,31.7,13.8
TH000048431,"NAKHON RATCHASIMA, TH",14.967,102.083,188.0,1967-12-28,0.0,24.1,31.6,14.8
TH000048431,"NAKHON RATCHASIMA, TH",14.967,102.083,188.0,1967-12-29,0.0,22.1,29.6,14.9
TH000048431,"NAKHON RATCHASIMA, TH",14.967,102.083,188.0,1967-12-30,0.0,20.1,26.7,14.0
TH000048431,"NAKHON RATCHASIMA, TH",14.967,102.083,188.0,1967-12-31,0.0,20.8,27.8,11.5
TH000048431,"NAKHON RATCHASIMA, TH",14.967,102.083,188.0,1968-01-01,0.0,20.3,26.9,13.9
TH000048431,"NAKHON RATCHASIMA, TH",14.967,102.083,188.0,1968-01-02,0.0,20.8,28.3,12.1
TH000048431,"NAKHON RATCHASIMA, TH",14.967,102.083,188.0,1968-01-03,0.0,19.9,26.2,14.1
TH000048431,"NAKHON RATCHASIMA, TH",14.967,102.083,188.0,1968-01-04,0.0,19.4,26.0,12.9
TH000048431,"NAKHON RATCHASIMA, TH",14.967,102.083,188.0,1968-01-05,0.0,19.7,27.3,9.9
TH000048431,"NAKHON RATCHASIMA, TH",14.967,102.083,188.0,1968-01-06,0.0,22.3,30.6,10.2
TH000048431,"NAKHON RATCHASIMA, TH",14.967,102.083,188.0,1968-01-07,0.0,24.0,32.0,12.0
TH000048431,"NAKHON RATCHASIMA, TH",14.967,102.083,188.0,1968-01-08,0.0,23.6,30.0,13.9
TH000048431,"NAKHON RATCHASIMA, TH",14.967,102.083,188.0,1968-01-09,0.0,23.5,29.0,18.7
TH000048431,"NAKHON RATCHASIMA, TH",14.967,102.083,188.0,1968-01-10,0.0,23.7,30.9,16.2
TH000048431,"NAKHON RATCHASIMA, TH",14.967,102.083,188.0,1968-01-11,0.0,23.8,30.8,17.0
TH000048431,"NAKHON RATCHASIMA, TH",14.967,102.083,188.0,1968-01-12,0.0,22.9,29.7,16.0
TH000048431,"NAKHON RATCHASIMA, TH",14.967,102.083,188.0,1968-01-13,0.0,24.0,31.4,13.8
TH000048431,"NAKHON RATCHASIMA, TH",14.967,102.083,188.0,1968-01-14,0.0,23.2,29.7,14.6
TH000048431,"NAKHON RATCHASIMA, TH",14.967,102.083,188.0,1968-01-15,0.0,22.5,29.7,15.3
TH000048431,"NAKHON RATCHASIMA, TH",14.967,102.083,188.0,1968-01-16,0.0,22.3,28.4,14.7
TH000048431,"NAKHON RATCHASIMA, TH",14.967,102.083,188.0,1968-01-17,0.0,23.9,29.6,14.7
TH000048431,"NAKHON RATCHASIMA, TH",14.967,102.083,188.0,1968-01-18,0.0,26.3,34.0,17.6
TH000048431,"NAKHON RATCHASIMA, TH",14.967,102.083,188.0,1968-01-19,0.0,26.3,34.2,17.0
TH000048431,"NAKHON RATCHASIMA, TH",14.967,102.083,188.0,1968-01-20,0.0,26.8,33.6,16.7
TH000048431,"NAKHON RATCHASIMA, TH",14.967,102.083,188.0,1968-01-21,0.0,27.6,34.0,17.9
TH000048431,"NAKHON RATCHASIMA, TH",14.967,102.083,188.0,1968-01-22,0.0,27.6,34.4,19.3
TH000048431,"NAKHON RATCHASIMA, TH",14.967,102.083,188.0,1968-01-23,0.0,26.7,32.1,21.2
TH000048431,"NAKHON RATCHASIMA, TH",14.967,102.083,188.0,1968-01-24,0.0,27.7,35.1,19.0
TH000048431,"NAKHON RATCHASIMA, TH",14.967,102.083,188.0,1968-01-25,1.0,27.4,34.8,20.8
TH000048431,"NAKHON RATCHASIMA, TH",14.967,102.083,188.0,1968-01-26,0.0,26.3,31.7,22.2
TH000048431,"NAKHON RATCHASIMA, TH",14.967,102.083,188.0,1968-01-27,0.0,25.8,31.2,22.3
TH000048431,"NAKHON RATCHASIMA, TH",14.967,102.083,188.0,1968-01-28,0.0,26.9,33.9,20.9
TH000048431,"NAKHON RATCHASIMA, TH",14.967,102.083,188.0,1968-01-29,0.0,27.4,34.6,19.0
TH000048431,"NAKHON RATCHASIMA, TH",14.967,102.083,188.0,1968-01-30,0.0,27.9,35.0,18.4
TH000048431,"NAKHON RATCHASIMA, TH",14.967,102.083,188.0,1968-01-31,0.0,28.6,36.7,19.6
TH000048431,"NAKHON RATCHASIMA, TH",14.967,102.083,188.0,1968-02-01,0.0,28.4,36.7,19.1
TH000048431,"NAKHON RATCHASIMA, TH",14.967,102.083,188.0,1968-02-02,0.0,28.6,36.9,18.7
TH000048431,"NAKHON RATCHASIMA, TH",14.967,102.083,188.0,1968-02-03,0.0,28.8,37.1,17.9
TH000048431,"NAKHON RATCHASIMA, TH",14.967,102.083,188.0,1968-02-04,0.0,28.4,36.3,18.5
TH000048431,"NAKHON RATCHASIMA, TH",14.967,102.083,188.0,1968-02-05,0.0,27.9,36.3,20.1
TH000048431,"NAKHON RATCHASIMA, TH",14.967,102.083,188.0,1968-02-06,0.0,27.9,36.0,19.2
TH000048431,"NAKHON RATCHASIMA, TH",14.967,102.083,188.0,1968-02-07,0.0,28.0,36.2,19.0
TH000048431,"NAKHON RATCHASIMA, TH",14.967,102.083,188.0,1968-02-08,0.0,25.8,33.3,19.8
TH000048431,"NAKHON RATCHASIMA, TH",14.967,102.083,188.0,1968-02-09,0.0,24.6,31.8,18.5
TH000048431,"NAKHON RATCHASIMA, TH",14.967,102.083,188.0,1968-02-10,0.0,23.1,29.5,18.9
TH000048431,"NAKHON RATCHASIMA, TH",14.967,102.083,188.0,1968-02-11,0.0,22.1,28.4,15.4
TH000048431,"NAKHON RATCHASIMA, TH",14.967,102.083,188.0,1968-02-12,0.0,20.7,23.4,16.3
TH000048431,"NAKHON RATCHASIMA, TH",14.967,102.083,188.0,1968-02-13,0.0,25.3,32.4,15.8
TH000048431,"NAKHON RATCHASIMA, TH",14.967,102.083,188.0,1968-02-14,0.0,24.3,30.0,18.3
TH000048431,"NAKHON RATCHASIMA, TH",14.967,102.083,188.0,1968-02-15,0.0,26.8,34.3,18.0
TH000048431,"NAKHON RATCHASIMA, TH",14.967,102.083,188.0,1968-02-16,0.0,28.0,35.0,20.1
TH000048431,"NAKHON RATCHASIMA, TH",14.967,102.083,188.0,1968-02-17,0.0,27.6,34.2,20.3
TH000048431,"NAKHON RATCHASIMA, TH",14.967,102.083,188.0,1968-02-18,0.0,27.4,34.5,19.7
TH000048431,"NAKHON RATCHASIMA, TH",14.967,102.083,188.0,1968-02-19,0.0,25.2,31.0,21.0
TH000048431,"NAKHON RATCHASIMA, TH",14.967,102.083,188.0,1968-02-20,0.0,25.0,31.7,19.9
TH000048431,"NAKHON RATCHASIMA, TH",14.967,102.083,188.0,1968-02-21,0.0,25.9,32.8,19.3
TH000048431,"NAKHON RATCHASIMA, TH",14.967,102.083,188.0,1968-02-22,0.3,26.7,34.2,20.8
TH000048431,"NAKHON RATCHASIMA, TH",14.967,102.083,188.0,1968-02-23,45.6,25.8,34.0,20.4
TH000048431,"NAKHON RATCHASIMA, TH",14.967,102.083,188.0,1968-02-24,0.0,20.9,22.8,18.6
TH000048431,"NAKHON RATCHASIMA, TH",14.967,102.083,188.0,1968-02-25,0.0,22.8,27.9,19.0
TH000048431,"NAKHON RATCHASIMA, TH",14.967,102.083,188.0,1968-02-26,0.0,22.5,28.0,18.8
TH000048431,"NAKHON RATCHASIMA, TH",14.967,102.083,188.0,1968-02-27,0.0,24.0,29.7,17.8
TH000048431,"NAKHON RATCHASIMA, TH",14.967,102.083,188.0,1968-02-28,0.0,27.1,33.7,18.8
TH000048431,"NAKHON RATCHASIMA, TH",14.967,102.083,188.0,1968-02-29,0.0,27.8,34.0,21.1
TH000048431,"NAKHON RATCHASIMA, TH",14.967,102.083,188.0,1968-03-01,0.0,28.5,34.6,22.1
TH000048431,"NAKHON RATCHASIMA, TH",14.967,102.083,188.0,1968-03-02,0.0,22.1,24.5,19.2
TH000048431,"NAKHON RATCHASIMA, TH",14.967,102.083,188.0,1968-03-03,0.0,23.7,29.3,18.1
TH000048431,"NAKHON RATCHASIMA, TH",14.967,102.083,188.0,1968-03-04,0.0,27.3,33.6,17.7
TH000048431,"NAKHON RATCHASIMA, TH",14.967,102.083,188.0,1968-03-05,0.0,29.3,36.8,19.7
TH000048431,"NAKHON RATCHASIMA, TH",14.967,102.083,188.0,1968-03-06,0.0,28.9,36.4,22.0
TH000048431,"NAKHON RATCHASIMA, TH",14.967,102.083,188.0,1968-03-07,0.0,29.3,36.3,22.7
TH000048431,"NAKHON RATCHASIMA, TH",14.967,102.083,188.0,1968-03-08,0.0,30.1,35.6,21.2
TH000048431,"NAKHON RATCHASIMA, TH",14.967,102.083,188.0,1968-03-09,0.0,27.3,32.6,22.8
TH000048431,"NAKHON RATCHASIMA, TH",14.967,102.083,188.0,1968-03-10,0.0,27.8,33.8,20.7
TH000048431,"NAKHON RATCHASIMA, TH",14.967,102.083,188.0,1968-03-11,0.0,29.9,36.4,20.4
TH000048431,"NAKHON RATCHASIMA, TH",14.967,102.083,188.0,1968-03-12,9.3,28.5,37.2,21.5
TH000048431,"NAKHON RATCHASIMA, TH",14.967,102.083,188.0,1968-03-13,0.0,25.9,30.6,21.2
TH000048431,"NAKHON RATCHASIMA, TH",14.967,102.083,188.0,1968-03-14,0.0,28.2,34.2,20.5
TH000048431,"NAKHON RATCHASIMA, TH",14.967,102.083,188.0,1968-03-15,0.0,30.7,37.6,21.5
TH000048431,"NAKHON RATCHASIMA, TH",14.967,102.083,188.0,1968-03-16,0.0,30.2,37.5,23.0
TH000048431,"NAKHON RATCHASIMA, TH",14.967,102.083,188.0,1968-03-17,0.2,28.8,37.2,23.7
TH000048431,"NAKHON RATCHASIMA, TH",14.967,102.083,188.0,1968-03-18,0.0,28.6,37.3,22.3
TH000048431,"NAKHON RATCHASIMA, TH",14.967,102.083,188.0,1968-03-19,19.6,27.0,36.4,22.7
TH000048431,"NAKHON RATCHASIMA, TH",14.967,102.083,188.0,1968-03-20,0.0,28.7,35.7,21.5
TH000048431,"NAKHON RATCHASIMA, TH",14.967,102.083,188.0,1968-03-21,0.1,28.8,37.9,22.4
TH000048431,"NAKHON RATCHASIMA, TH",14.967,102.083,188.0,1968-03-22,0.0,30.8,38.4,22.2
TH000048431,"NAKHON RATCHASIMA, TH",14.967,102.083,188.0,1968-03-23,1.3,27.8,38.0,23.8
TH000048431,"NAKHON RATCHASIMA, TH",14.967,102.083,188.0,1968-03-24,3.9,29.1,38.2,22.9
TH000048431,"NAKHON RATCHASIMA, TH",14.967,102.083,188.0,1968-03-25,0.1,29.6,36.9,23.3
TH000048431,"NAKHON RATCHASIMA, TH",14.967,102.083,188.0,1968-03-26,0.0,30.5,36.7,23.6
TH000048431,"NAKHON RATCHASIMA, TH",14.967,102.083,188.0,1968-03-27,0.0,31.5,38.6,23.7
TH000048431,"NAKHON RATCHASIMA, TH",14.967,102.083,188.0,1968-03-28,0.0,30.9,37.8,23.0
TH000048431,"NAKHON RATCHASIMA, TH",14.967,102.083,188.0,1968-03-29,0.0,31.4,38.9,22.2
TH000048431,"NAKHON RATCHASIMA, TH",14.967,102.083,188.0,1968-03-30,0.0,32.1,39.8,22.1
TH000048431,"NAKHON RATCHASIMA, TH",14.967,102.083,188.0,1968-03-31,0.0,31.5,39.4,23.4
TH000048431,"NAKHON RATCHASIMA, TH",14.967,102.083,188.0,1968-04-01,0.0,32.3,39.5,22.6
TH000048431,"NAKHON RATCHASIMA, TH",14.967,102.083,188.0,1968-04-02,0.0,31.6,39.9,25.3
TH000048431,"NAKHON RATCHASIMA, TH",14.967,102.083,188.0,1968-04-03,0.0,31.8,39.7,21.6
TH000048431,"NAKHON RATCHASIMA, TH",14.967,102.083,188.0,1968-04-04,0.0,29.1,37.6,23.6
TH000048431,"NAKHON RATCHASIMA, TH",14.967,102.083,188.0,1968-04-05,9.9,25.0,31.6,21.2
TH000048431,"NAKHON RATCHASIMA, TH",14.967,102.083,188.0,1968-04-06,1.7,24.6,28.3,21.5
TH000048431,"NAKHON RATCHASIMA, TH",14.967,102.083,188.0,1968-04-07,0.0,27.4,33.2,22.0
TH000048431,"NAKHON RATCHASIMA, TH",14.967,102.083,188.0,1968-04-08,0.0,28.9,36.2,23.1
TH000048431,"NAKHON RATCHASIMA, TH",14.967,102.083,188.0,1968-04-09,0.0,29.3,37.8,23.2
TH000048431,"NAKHON RATCHASIMA, TH",14.967,102.083,188.0,1968-04-10,0.0,30.6,38.5,23.6
TH000048431,"NAKHON RATCHASIMA, TH",14.967,102.083,188.0,1968-04-11,0.0,31.1,39.4,23.5
TH000048431,"NAKHON RATCHASIMA, TH",14.967,102.083,188.0,1968-04-12,4.6,26.6,35.5,22.6
TH000048431,"NAKHON RATCHASIMA, TH",14.967,102.083,188.0,1968-04-13,0.0,27.1,32.5,21.6
TH000048431,"NAKHON RATCHASIMA, TH",14.967,102.083,188.0,1968-04-14,0.0,28.3,34.8,22.6
TH000048431,"NAKHON RATCHASIMA, TH",14.967,102.083,188.0,1968-04-15,0.0,29.6,37.2,22.6
TH000048431,"NAKHON RATCHASIMA, TH",14.967,102.083,188.0,1968-04-16,0.0,29.7,37.5,23.3
TH000048431,"NAKHON RATCHASIMA, TH",14.967,102.083,188.0,1968-04-17,0.0,29.3,36.6,23.8
TH000048431,"NAKHON RATCHASIMA, TH",14.967,102.083,188.0,1968-04-18,0.7,28.4,38.0,23.3
TH000048431,"NAKHON RATCHASIMA, TH",14.967,102.083,188.0,1968-04-19,2.6,25.0,26.9,22.3
TH000048431,"NAKHON RATCHASIMA, TH",14.967,102.083,188.0,1968-04-20,0.0,28.8,35.4,20.4
TH000048431,"NAKHON RATCHASIMA, TH",14.967,102.083,188.0,1968-04-21,0.0,28.4,35.9,24.0
TH000048431,"NAKHON RATCHASIMA, TH",14.967,102.083,188.0,1968-04-22,44.4,28.3,37.1,21.7
TH000048431,"NAKHON RATCHASIMA, TH",14.967,102.083,188.0,1968-04-23,8.5,26.8,34.7,23.1
TH000048431,"NAKHON RATCHASIMA, TH",14.967,102.083,188.0,1968-04-24,0.0,28.6,33.7,23.9
TH000048431,"NAKHON RATCHASIMA, TH",14.967,102.083,188.0,1968-04-25,0.0,25.3,30.7,23.7
TH000048431,"NAKHON RATCHASIMA, TH",14.967,102.083,188.0,1968-04-26,0.0,26.6,30.5,22.4
TH000048431,"NAKHON RATCHASIMA, TH",14.967,102.083,188.0,1968-04-27,0.0,27.2,31.9,21.7
TH000048431,"NAKHON RATCHASIMA, TH",14.967,102.083,188.0,1968-04-28,0.0,27.8,33.4,22.6
TH000048431,"NAKHON RATCHASIMA, TH",14.967,102.083,188.0,1968-04-29,0.1,27.1,35.0,23.4
TH000048431,"NAKHON RATCHASIMA, TH",14.967,102.083,188.0,1968-04-30,13.2,25.7,32.2,23.4
TH000048431,"NAKHON RATCHASIMA, TH",14.967,102.083,188.0,1968-05-01,40.4,25.4,30.5,22.8
TH000048431,"NAKHON RATCHASIMA, TH",14.967,102.083,188.0,1968-05-02,0.0,27.8,32.8,23.2
TH000048431,"NAKHON RATCHASIMA, TH",14.967,102.083,188.0,1968-05-03,7.2,26.1,30.8,24.1
TH000048431,"NAKHON RATCHASIMA, TH",14.967,102.083,188.0,1968-05-04,1.6,26.9,31.5,23.5
TH000048431,"NAKHON RATCHASIMA, TH",14.967,102.083,188.0,1968-05-05,58.1,26.9,34.2,23.8
TH000048431,"NAKHON RATCHASIMA, TH",14.967,102.083,188.0,1968-05-06,4.1,26.9,32.2,23.6
TH000048431,"NAKHON RATCHASIMA, TH",14.967,102.083,188.0,1968-05-07,0.4,28.1,32.4,23.9
TH000048431,"NAKHON RATCHASIMA, TH",14.967,102.083,188.0,1968-05-08,1.3,27.0,32.8,24.2
TH000048431,"NAKHON RATCHASIMA, TH",14.967,102.083,188.0,1968-05-09,10.8,27.3,34.4,24.2
TH000048431,"NAKHON RATCHASIMA, TH",14.967,102.083,188.0,1968-05-10,23.9,25.6,32.3,22.9
TH000048431,"NAKHON RATCHASIMA, TH",14.967,102.083,188.0,1968-05-11,1.8,27.1,33.1,23.0
TH000048431,"NAKHON RATCHASIMA, TH",14.967,102.083,188.0,1968-05-12,0.0,27.5,34.7,23.9
TH000048431,"NAKHON RATCHASIMA, TH",14.967,102.083,188.0,1968-05-13,0.2,27.7,35.3,23.4
TH000048431,"NAKHON RATCHASIMA, TH",14.967,102.083,188.0,1968-05-14,0.0,27.8,34.7,23.7
TH000048431,"NAKHON RATCHASIMA, TH",14.967,102.083,188.0,1968-05-15,0.0,27.7,34.1,23.0
TH000048431,"NAKHON RATCHASIMA, TH",14.967,102.083,188.0,1968-05-16,0.0,29.3,35.5,23.3
TH000048431,"NAKHON RATCHASIMA, TH",14.967,102.083,188.0,1968-05-17,0.0,29.4,36.4,24.3
TH000048431,"NAKHON RATCHASIMA, TH",14.967,102.083,188.0,1968-05-18,0.0,29.8,36.8,23.3
TH000048431,"NAKHON RATCHASIMA, TH",14.967,102.083,188.0,1968-05-19,0.9,28.9,36.6,24.2
TH000048431,"NAKHON RATCHASIMA, TH",14.967,102.083,188.0,1968-05-20,0.0,30.5,36.5,23.2
TH000048431,"NAKHON RATCHASIMA, TH",14.967,102.083,188.0,1968-05-21,0.0,30.7,36.0,24.1
TH000048431,"NAKHON RATCHASIMA, TH",14.967,102.083,188.0,1968-05-22,9.0,28.1,36.2,24.3
TH000048431,"NAKHON RATCHASIMA, TH",14.967,102.083,188.0,1968-05-23,0.2,28.9,35.9,23.6
TH000048431,"NAKHON RATCHASIMA, TH",14.967,102.083,188.0,1968-05-24,7.1,29.1,36.3,24.2
TH000048431,"NAKHON RATCHASIMA, TH",14.967,102.083,188.0,1968-05-25,0.0,30.0,36.4,23.5
TH000048431,"NAKHON RATCHASIMA, TH",14.967,102.083,188.0,1968-05-26,0.0,31.2,37.3,24.8
TH000048431,"NAKHON RATCHASIMA, TH",14.967,102.083,188.0,1968-05-27,0.1,29.7,37.9,25.3
TH000048431,"NAKHON RATCHASIMA, TH",14.967,102.083,188.0,1968-05-28,4.2,30.0,38.5,24.8
TH000048431,"NAKHON RATCHASIMA, TH",14.967,102.083,188.0,1968-05-29,0.3,26.3,31.0,25.1
TH000048431,"NAKHON RATCHASIMA, TH",14.967,102.083,188.0,1968-05-30,0.0,29.3,35.2,23.4
TH000048431,"NAKHON RATCHASIMA, TH",14.967,102.083,188.0,1968-05-31,4.3,27.3,35.5,24.3
TH000048431,"NAKHON RATCHASIMA, TH",14.967,102.083,188.0,1968-06-01,0.0,26.8,34.6,24.0
TH000048431,"NAKHON RATCHASIMA, TH",14.967,102.083,188.0,1968-06-02,8.1,25.6,31.8,24.1
TH000048431,"NAKHON RATCHASIMA, TH",14.967,102.083,188.0,1968-06-03,7.7,26.1,32.4,22.1
TH000048431,"NAKHON RATCHASIMA, TH",14.967,102.083,188.0,1968-06-04,0.1,27.9,32.4,23.0
TH000048431,"NAKHON RATCHASIMA, TH",14.967,102.083,188.0,1968-06-05,0.0,28.6,33.5,23.9
TH000048431,"NAKHON RATCHASIMA, TH",14.967,102.083,188.0,1968-06-06,0.0,29.7,34.7,24.5
TH000048431,"NAKHON RATCHASIMA, TH",14.967,102.083,188.0,1968-06-07,0.0,29.5,35.5,24.8
TH000048431,"NAKHON RATCHASIMA, TH",14.967,102.083,188.0,1968-06-08,0.2,29.3,36.7,25.3
TH000048431,"NAKHON RATCHASIMA, TH",14.967,102.083,188.0,1968-06-09,4.8,28.1,36.5,24.4
TH000048431,"NAKHON RATCHASIMA, TH",14.967,102.083,188.0,1968-06-10,1.7,27.9,34.4,23.9
TH000048431,"NAKHON RATCHASIMA, TH",14.967,102.083,188.0,1968-06-11,0.0,28.2,34.0,24.5
TH000048431,"NAKHON RATCHASIMA, TH",14.967,102.083,188.0,1968-06-12,0.4,28.3,35.0,24.9
TH000048431,"NAKHON RATCHASIMA, TH",14.967,102.083,188.0,1968-06-13,0.0,29.3,35.4,23.2
TH000048431,"NAKHON RATCHASIMA, TH",14.967,102.083,188.0,1968-06-14,25.4,28.9,37.8,23.9
TH000048431,"NAKHON RATCHASIMA, TH",14.967,102.083,188.0,1968-06-15,0.0,29.8,35.9,22.7
TH000048431,"NAKHON RATCHASIMA, TH",14.967,102.083,188.0,1968-06-16,0.0,29.2,35.6,25.0
TH000048431,"NAKHON RATCHASIMA, TH",14.967,102.083,188.0,1968-06-17,0.0,29.0,34.2,25.2
TH000048431,"NAKHON RATCHASIMA, TH",14.967,102.083,188.0,1968-06-18,3.1,29.2,34.0,24.6
TH000048431,"NAKHON RATCHASIMA, TH",14.967,102.083,188.0,1968-06-19,0.0,29.6,36.3,24.0
TH000048431,"NAKHON RATCHASIMA, TH",14.967,102.083,188.0,1968-06-20,0.9,28.8,37.0,23.4
TH000048431,"NAKHON RATCHASIMA, TH",14.967,102.083,188.0,1968-06-21,0.0,29.7,35.6,23.4
TH000048431,"NAKHON RATCHASIMA, TH",14.967,102.083,188.0,1968-06-22,0.0,30.2,36.2,23.6
TH000048431,"NAKHON RATCHASIMA, TH",14.967,102.083,188.0,1968-06-23,4.1,29.8,36.1,25.9
TH000048431,"NAKHON RATCHASIMA, TH",14.967,102.083,188.0,1968-06-24,1.1,30.1,37.1,24.4
TH000048431,"NAKHON RATCHASIMA, TH",14.967,102.083,188.0,1968-06-25,0.0,28.9,35.2,24.7
TH000048431,"NAKHON RATCHASIMA, TH",14.967,102.083,188.0,1968-06-26,10.5,28.4,34.5,24.8
TH000048431,"NAKHON RATCHASIMA, TH",14.967,102.083,188.0,1968-06-27,18.1,27.3,32.1,22.8
TH000048431,"NAKHON RATCHASIMA, TH",14.967,102.083,188.0,1968-06-28,8.1,27.4,33.2,23.5
TH000048431,"NAKHON RATCHASIMA, TH",14.967,102.083,188.0,1968-06-29,7.0,27.4,31.9,24.2
TH000048431,"NAKHON RATCHASIMA, TH",14.967,102.083,188.0,1968-06-30,45.5,26.5,32.0,23.9
TH000048431,"NAKHON RATCHASIMA, TH",14.967,102.083,188.0,1968-07-01,0.0,28.2,33.3,23.8
TH000048431,"NAKHON RATCHASIMA, TH",14.967,102.083,188.0,1968-07-02,0.0,28.4,33.3,24.3
TH000048431,"NAKHON RATCHASIMA, TH",14.967,102.083,188.0,1968-07-03,0.0,27.8,33.2,23.5
TH000048431,"NAKHON RATCHASIMA, TH",14.967,102.083,188.0,1968-07-04,0.0,28.7,34.1,24.7
TH000048431,"NAKHON RATCHASIMA, TH",14.967,102.083,188.0,1968-07-05,4.6,27.7,32.0,24.6
TH000048431,"NAKHON RATCHASIMA, TH",14.967,102.083,188.0,1968-07-06,0.0,27.7,32.2,23.7
TH000048431,"NAKHON RATCHASIMA, TH",14.967,102.083,188.0,1968-07-07,0.0,28.7,34.1,23.7
TH000048431,"NAKHON RATCHASIMA, TH",14.967,102.083,188.0,1968-07-08,0.0,29.3,35.4,24.0
TH000048431,"NAKHON RATCHASIMA, TH",14.967,102.083,188.0,1968-07-09,0.0,29.0,34.6,23.5
TH000048431,"NAKHON RATCHASIMA, TH",14.967,102.083,188.0,1968-07-10,0.0,29.1,34.7,23.8
TH000048431,"NAKHON RATCHASIMA, TH",14.967,102.083,188.0,1968-07-11,1.1,29.7,37.3,23.1
TH000048431,"NAKHON RATCHASIMA, TH",14.967,102.083,188.0,1968-07-12,21.2,28.8,35.7,24.3
TH000048431,"NAKHON RATCHASIMA, TH",14.967,102.083,188.0,1968-07-13,0.1,28.5,34.8,25.0
TH000048431,"NAKHON RATCHASIMA, TH",14.967,102.083,188.0,1968-07-14,22.5,28.1,34.8,24.5
TH000048431,"NAKHON RATCHASIMA, TH",14.967,102.083,188.0,1968-07-15,25.1,26.9,33.4,23.7
TH000048431,"NAKHON RATCHASIMA, TH",14.967,102.083,188.0,1968-07-16,1.7,26.5,32.7,23.5
TH000048431,"NAKHON RATCHASIMA, TH",14.967,102.083,188.0,1968-07-17,0.8,28.5,33.4,23.7
TH000048431,"NAKHON RATCHASIMA, TH",14.967,102.083,188.0,1968-07-18,0.0,26.8,34.5,24.0
TH000048431,"NAKHON RATCHASIMA, TH",14.967,102.083,188.0,1968-07-19,6.9,27.9,34.0,22.9
TH000048431,"NAKHON RATCHASIMA, TH",14.967,102.083,188.0,1968-07-20,0.0,29.0,34.6,23.2
TH000048431,"NAKHON RATCHASIMA, TH",14.967,102.083,188.0,1968-07-21,0.0,28.4,32.2,24.6
TH000048431,"NAKHON RATCHASIMA, TH",14.967,102.083,188.0,1968-07-22,33.6,26.2,33.3,23.1
TH000048431,"NAKHON RATCHASIMA, TH",14.967,102.083,188.0,1968-07-23,12.5,27.1,32.5,22.0
TH000048431,"NAKHON RATCHASIMA, TH",14.967,102.083,188.0,1968-07-24,12.6,27.3,32.0,23.4
TH000048431,"NAKHON RATCHASIMA, TH",14.967,102.083,188.0,1968-07-25,0.0,28.4,32.2,23.5
TH000048431,"NAKHON RATCHASIMA, TH",14.967,102.083,188.0,1968-07-26,0.1,27.9,31.7,24.6
TH000048431,"NAKHON RATCHASIMA, TH",14.967,102.083,188.0,1968-07-27,0.0,28.2,32.8,23.9
TH000048431,"NAKHON RATCHASIMA, TH",14.967,102.083,188.0,1968-07-28,0.0,28.3,33.0,24.8
TH000048431,"NAKHON RATCHASIMA, TH",14.967,102.083,188.0,1968-07-29,0.0,28.4,34.0,23.9
TH000048431,"NAKHON RATCHASIMA, TH",14.967,102.083,188.0,1968-07-30,0.0,28.9,34.2,23.2
TH000048431,"NAKHON RATCHASIMA, TH",14.967,102.083,188.0,1968-07-31,0.0,29.1,35.3,24.0
TH000048431,"NAKHON RATCHASIMA, TH",14.967,102.083,188.0,1968-08-01,0.0,29.2,34.3,23.7
TH000048431,"NAKHON RATCHASIMA, TH",14.967,102.083,188.0,1968-08-02,0.0,28.6,33.4,24.2
TH000048431,"NAKHON RATCHASIMA, TH",14.967,102.083,188.0,1968-08-03,42.2,26.4,32.6,23.9
TH000048431,"NAKHON RATCHASIMA, TH",14.967,102.083,188.0,1968-08-04,4.6,27.1,32.3,22.0
TH000048431,"NAKHON RATCHASIMA, TH",14.967,102.083,188.0,1968-08-05,42.4,26.2,32.0,22.8
TH000048431,"NAKHON RATCHASIMA, TH",14.967,102.083,188.0,1968-08-06,0.0,27.9,32.1,22.7
TH000048431,"NAKHON RATCHASIMA, TH",14.967,102.083,188.0,1968-08-07,0.0,28.4,33.3,23.5
TH000048431,"NAKHON RATCHASIMA, TH",14.967,102.083,188.0,1968-08-08,0.0,28.4,33.3,24.0
TH000048431,"NAKHON RATCHASIMA, TH",14.967,102.083,188.0,1968-08-09,0.0,27.7,32.9,23.9
TH000048431,"NAKHON RATCHASIMA, TH",14.967,102.083,188.0,1968-08-10,0.0,28.3,32.6,23.7
TH000048431,"NAKHON RATCHASIMA, TH",14.967,102.083,188.0,1968-08-11,0.1,28.8,32.3,24.6
TH000048431,"NAKHON RATCHASIMA, TH",14.967,102.083,188.0,1968-08-12,9.7,26.6,29.9,23.4
TH000048431,"NAKHON RATCHASIMA, TH",14.967,102.083,188.0,1968-08-13,1.3,26.6,30.7,23.1
TH000048431,"NAKHON RATCHASIMA, TH",14.967,102.083,188.0,1968-08-14,0.1,27.7,30.5,23.4
TH000048431,"NAKHON RATCHASIMA, TH",14.967,102.083,188.0,1968-08-15,0.4,28.3,33.2,23.4
TH000048431,"NAKHON RATCHASIMA, TH",14.967,102.083,188.0,1968-08-16,0.0,28.2,32.7,23.5
TH000048431,"NAKHON RATCHASIMA, TH",14.967,102.083,188.0,1968-08-17,0.0,28.1,32.2,24.5
TH000048431,"NAKHON RATCHASIMA, TH",14.967,102.083,188.0,1968-08-18,0.0,28.4,33.4,24.5
TH000048431,"NAKHON RATCHASIMA, TH",14.967,102.083,188.0,1968-08-19,0.0,28.4,33.0,23.8
TH000048431,"NAKHON RATCHASIMA, TH",14.967,102.083,188.0,1968-08-20,0.0,28.8,34.5,22.3
TH000048431,"NAKHON RATCHASIMA, TH",14.967,102.083,188.0,1968-08-21,0.0,28.8,33.3,22.8
TH000048431,"NAKHON RATCHASIMA, TH",14.967,102.083,188.0,1968-08-22,0.0,29.1,34.4,23.2
TH000048431,"NAKHON RATCHASIMA, TH",14.967,102.083,188.0,1968-08-23,0.0,29.5,34.6,24.0
TH000048431,"NAKHON RATCHASIMA, TH",14.967,102.083,188.0,1968-08-24,0.0,30.1,35.2,23.5
TH000048431,"NAKHON RATCHASIMA, TH",14.967,102.083,188.0,1968-08-25,0.0,29.7,35.5,23.7
TH000048431,"NAKHON RATCHASIMA, TH",14.967,102.083,188.0,1968-08-26,0.0,30.3,36.7,23.8
TH000048431,"NAKHON RATCHASIMA, TH",14.967,102.083,188.0,1968-08-27,70.2,28.3,35.4,23.5
TH000048431,"NAKHON RATCHASIMA, TH",14.967,102.083,188.0,1968-08-28,0.0,28.6,35.8,22.7
TH000048431,"NAKHON RATCHASIMA, TH",14.967,102.083,188.0,1968-08-29,2.0,29.0,35.1,23.2
TH000048431,"NAKHON RATCHASIMA, TH",14.967,102.083,188.0,1968-08-30,0.6,28.6,35.2,22.9
TH000048431,"NAKHON RATCHASIMA, TH",14.967,102.083,188.0,1968-08-31,0.8,29.1,35.3,22.6
TH000048431,"NAKHON RATCHASIMA, TH",14.967,102.083,188.0,1968-09-01,0.1,27.6,33.0,23.7
TH000048431,"NAKHON RATCHASIMA, TH",14.967,102.083,188.0,1968-09-02,0.1,28.2,34.7,24.3
TH000048431,"NAKHON RATCHASIMA, TH",14.967,102.083,188.0,1968-09-03,0.9,28.4,34.6,24.4
TH000048431,"NAKHON RATCHASIMA, TH",14.967,102.083,188.0,1968-09-04,6.9,27.4,34.7,24.5
TH000048431,"NAKHON RATCHASIMA, TH",14.967,102.083,188.0,1968-09-05,7.1,27.1,30.7,23.5
TH000048431,"NAKHON RATCHASIMA, TH",14.967,102.083,188.0,1968-09-06,13.5,25.6,27.5,22.9
TH000048431,"NAKHON RATCHASIMA, TH",14.967,102.083,188.0,1968-09-07,0.3,27.0,30.4,23.2
TH000048431,"NAKHON RATCHASIMA, TH",14.967,102.083,188.0,1968-09-08,0.1,27.8,33.6,24.3
TH000048431,"NAKHON RATCHASIMA, TH",14.967,102.083,188.0,1968-09-09,0.0,28.5,34.0,23.4
TH000048431,"NAKHON RATCHASIMA, TH",14.967,102.083,188.0,1968-09-10,0.0,28.9,35.0,22.8
TH000048431,"NAKHON RATCHASIMA, TH",14.967,102.083,188.0,1968-09-11,14.0,27.1,35.0,23.3
TH000048431,"NAKHON RATCHASIMA, TH",14.967,102.083,188.0,1968-09-12,143.7,26.4,32.8,23.6
TH000048431,"NAKHON RATCHASIMA, TH",14.967,102.083,188.0,1968-09-13,0.1,26.1,29.3,22.1
TH000048431,"NAKHON RATCHASIMA, TH",14.967,102.083,188.0,1968-09-14,0.6,27.1,32.0,23.6
TH000048431,"NAKHON RATCHASIMA, TH",14.967,102.083,188.0,1968-09-15,0.0,28.1,33.6,23.4
TH000048431,"NAKHON RATCHASIMA, TH",14.967,102.083,188.0,1968-09-16,11.2,28.1,33.6,24.1
TH000048431,"NAKHON RATCHASIMA, TH",14.967,102.083,188.0,1968-09-17,0.1,26.4,32.0,23.4
TH000048431,"NAKHON RATCHASIMA, TH",14.967,102.083,188.0,1968-09-18,1.6,26.4,32.1,22.9
TH000048431,"NAKHON RATCHASIMA, TH",14.967,102.083,188.0,1968-09-19,3.7,27.2,33.3,22.8
TH000048431,"NAKHON RATCHASIMA, TH",14.967,102.083,188.0,1968-09-20,0.0,26.9,34.6,22.9
TH000048431,"NAKHON RATCHASIMA, TH",14.967,102.083,188.0,1968-09-21,0.0,27.8,32.6,23.1
TH000048431,"NAKHON RATCHASIMA, TH",14.967,102.083,188.0,1968-09-22,0.0,27.8,32.0,24.5
TH000048431,"NAKHON RATCHASIMA, TH",14.967,102.083,188.0,1968-09-23,0.0,27.9,32.2,24.0
TH000048431,"NAKHON RATCHASIMA, TH",14.967,102.083,188.0,1968-09-24,0.8,26.9,32.6,23.2
TH000048431,"NAKHON RATCHASIMA, TH",14.967,102.083,188.0,1968-09-25,8.1,26.8,31.4,23.4
TH000048431,"NAKHON RATCHASIMA, TH",14.967,102.083,188.0,1968-09-26,21.0,26.9,31.6,23.7
TH000048431,"NAKHON RATCHASIMA, TH",14.967,102.083,188.0,1968-09-27,0.1,27.0,31.6,21.4
TH000048431,"NAKHON RATCHASIMA, TH",14.967,102.083,188.0,1968-09-28,8.7,25.9,30.0,24.0
TH000048431,"NAKHON RATCHASIMA, TH",14.967,102.083,188.0,1968-09-29,0.0,27.4,31.7,22.9
TH000048431,"NAKHON RATCHASIMA, TH",14.967,102.083,188.0,1968-09-30,0.0,27.6,31.7,23.4
TH000048431,"NAKHON RATCHASIMA, TH",14.967,102.083,188.0,1968-10-01,0.5,26.4,29.6,24.0
TH000048431,"NAKHON RATCHASIMA, TH",14.967,102.083,188.0,1968-10-02,0.0,27.6,32.0,22.5
TH000048431,"NAKHON RATCHASIMA, TH",14.967,102.083,188.0,1968-10-03,0.0,27.3,31.7,22.3
TH000048431,"NAKHON RATCHASIMA, TH",14.967,102.083,188.0,1968-10-04,1.5,25.8,31.7,22.3
TH000048431,"NAKHON RATCHASIMA, TH",14.967,102.083,188.0,1968-10-05,10.2,26.2,32.6,23.0
TH000048431,"NAKHON RATCHASIMA, TH",14.967,102.083,188.0,1968-10-06,0.0,26.7,31.4,22.4
TH000048431,"NAKHON RATCHASIMA, TH",14.967,102.083,188.0,1968-10-07,0.0,27.7,34.9,23.5
TH000048431,"NAKHON RATCHASIMA, TH",14.967,102.083,188.0,1968-10-08,0.0,26.8,33.2,22.5
TH000048431,"NAKHON RATCHASIMA, TH",14.967,102.083,188.0,1968-10-09,0.6,26.4,33.5,23.1
TH000048431,"NAKHON RATCHASIMA, TH",14.967,102.083,188.0,1968-10-10,0.0,26.2,31.5,23.1
TH000048431,"NAKHON RATCHASIMA, TH",14.967,102.083,188.0,1968-10-11,0.0,27.3,32.3,23.4
TH000048431,"NAKHON RATCHASIMA, TH",14.967,102.083,188.0,1968-10-12,0.0,27.3,31.5,23.0
TH000048431,"NAKHON RATCHASIMA, TH",14.967,102.083,188.0,1968-10-13,0.0,27.2,32.0,22.5
TH000048431,"NAKHON RATCHASIMA, TH",14.967,102.083,188.0,1968-10-14,9.1,26.9,31.8,23.2
TH000048431,"NAKHON RATCHASIMA, TH",14.967,102.083,188.0,1968-10-15,2.9,25.7,30.4,22.0
TH000048431,"NAKHON RATCHASIMA, TH",14.967,102.083,188.0,1968-10-16,4.9,25.4,29.8,22.7
TH000048431,"NAKHON RATCHASIMA, TH",14.967,102.083,188.0,1968-10-17,0.0,26.5,30.8,21.9
TH000048431,"NAKHON RATCHASIMA, TH",14.967,102.083,188.0,1968-10-18,0.0,26.9,31.8,23.5
TH000048431,"NAKHON RATCHASIMA, TH",14.967,102.083,188.0,1968-10-19,0.0,25.9,30.5,22.7
TH000048431,"NAKHON RATCHASIMA, TH",14.967,102.083,188.0,1968-10-20,0.0,26.1,30.0,21.2
TH000048431,"NAKHON RATCHASIMA, TH",14.967,102.083,188.0,1968-10-21,6.4,24.8,28.3,23.0
TH000048431,"NAKHON RATCHASIMA, TH",14.967,102.083,188.0,1968-10-22,0.2,24.6,27.7,21.2
TH000048431,"NAKHON RATCHASIMA, TH",14.967,102.083,188.0,1968-10-23,0.0,25.9,31.3,21.8
TH000048431,"NAKHON RATCHASIMA, TH",14.967,102.083,188.0,1968-10-24,0.0,25.0,30.3,20.0
TH000048431,"NAKHON RATCHASIMA, TH",14.967,102.083,188.0,1968-10-25,0.0,24.6,30.0,18.6
TH000048431,"NAKHON RATCHASIMA, TH",14.967,102.083,188.0,1968-10-26,0.0,25.3,30.8,18.9
TH000048431,"NAKHON RATCHASIMA, TH",14.967,102.083,188.0,1968-10-27,0.0,25.4,31.0,20.4
TH000048431,"NAKHON RATCHASIMA, TH",14.967,102.083,188.0,1968-10-28,0.0,25.5,31.0,19.9
TH000048431,"NAKHON RATCHASIMA, TH",14.967,102.083,188.0,1968-10-29,0.0,26.0,31.3,19.6
TH000048431,"NAKHON RATCHASIMA, TH",14.967,102.083,188.0,1968-10-30,0.0,25.9,31.7,19.7
TH000048431,"NAKHON RATCHASIMA, TH",14.967,102.083,188.0,1968-10-31,0.0,26.4,32.6,19.9
TH000048431,"NAKHON RATCHASIMA, TH",14.967,102.083,188.0,1968-11-01,0.0,27.2,32.8,19.7
TH000048431,"NAKHON RATCHASIMA, TH",14.967,102.083,188.0,1968-11-02,0.0,27.6,32.2,20.7
TH000048431,"NAKHON RATCHASIMA, TH",14.967,102.083,188.0,1968-11-03,0.0,27.3,33.5,20.7
TH000048431,"NAKHON RATCHASIMA, TH",14.967,102.083,188.0,1968-11-04,0.0,27.4,33.9,20.8
TH000048431,"NAKHON RATCHASIMA, TH",14.967,102.083,188.0,1968-11-05,0.0,27.6,32.7,21.0
TH000048431,"NAKHON RATCHASIMA, TH",14.967,102.083,188.0,1968-11-06,0.0,27.1,32.9,21.2
TH000048431,"NAKHON RATCHASIMA, TH",14.967,102.083,188.0,1968-11-07,0.0,28.3,34.6,20.9
TH000048431,"NAKHON RATCHASIMA, TH",14.967,102.083,188.0,1968-11-08,0.0,28.3,35.3,21.2
TH000048431,"NAKHON RATCHASIMA, TH",14.967,102.083,188.0,1968-11-09,0.0,27.4,32.9,21.6
TH000048431,"NAKHON RATCHASIMA, TH",14.967,102.083,188.0,1968-11-10,0.0,26.2,31.3,20.5
TH000048431,"NAKHON RATCHASIMA, TH",14.967,102.083,188.0,1968-11-11,0.0,27.1,32.5,20.5
TH000048431,"NAKHON RATCHASIMA, TH",14.967,102.083,188.0,1968-11-12,0.0,26.3,33.6,20.1
TH000048431,"NAKHON RATCHASIMA, TH",14.967,102.083,188.0,1968-11-13,0.0,27.2,33.1,21.0
TH000048431,"NAKHON RATCHASIMA, TH",14.967,102.083,188.0,1968-11-14,0.0,26.6,32.9,21.5
TH000048431,"NAKHON RATCHASIMA, TH",14.967,102.083,188.0,1968-11-15,0.0,25.9,31.2,21.0
TH000048431,"NAKHON RATCHASIMA, TH",14.967,102.083,188.0,1968-11-16,0.0,25.6,32.1,19.8
TH000048431,"NAKHON RATCHASIMA, TH",14.967,102.083,188.0,1968-11-17,0.0,25.9,32.5,19.2
TH000048431,"NAKHON RATCHASIMA, TH",14.967,102.083,188.0,1968-11-18,0.0,26.4,32.7,19.0
TH000048431,"NAKHON RATCHASIMA, TH",14.967,102.083,188.0,1968-11-19,0.0,26.6,33.1,21.5
TH000048431,"NAKHON RATCHASIMA, TH",14.967,102.083,188.0,1968-11-20,0.0,25.8,32.4,20.0
TH000048431,"NAKHON RATCHASIMA, TH",14.967,102.083,188.0,1968-11-21,0.0,25.2,31.8,18.3
TH000048431,"NAKHON RATCHASIMA, TH",14.967,102.083,188.0,1968-11-22,0.0,24.8,31.6,18.8
TH000048431,"NAKHON RATCHASIMA, TH",14.967,102.083,188.0,1968-11-23,0.0,25.4,31.3,17.3
TH000048431,"NAKHON RATCHASIMA, TH",14.967,102.083,188.0,1968-11-24,0.0,26.2,31.7,18.2
TH000048431,"NAKHON RATCHASIMA, TH",14.967,102.083,188.0,1968-11-25,0.0,26.6,31.9,22.7
TH000048431,"NAKHON RATCHASIMA, TH",14.967,102.083,188.0,1968-11-26,0.0,26.6,33.0,21.6
TH000048431,"NAKHON RATCHASIMA, TH",14.967,102.083,188.0,1968-11-27,0.0,25.3,32.2,20.0
TH000048431,"NAKHON RATCHASIMA, TH",14.967,102.083,188.0,1968-11-28,0.0,25.2,29.5,19.3
TH000048431,"NAKHON RATCHASIMA, TH",14.967,102.083,188.0,1968-11-29,0.0,25.2,31.4,20.0
TH000048431,"NAKHON RATCHASIMA, TH",14.967,102.083,188.0,1968-11-30,0.0,25.2,32.1,18.1
TH000048431,"NAKHON RATCHASIMA, TH",14.967,102.083,188.0,1968-12-01,0.0,24.8,32.0,18.2
TH000048431,"NAKHON RATCHASIMA, TH",14.967,102.083,188.0,1968-12-02,0.0,26.3,33.6,16.1
TH000048431,"NAKHON RATCHASIMA, TH",14.967,102.083,188.0,1968-12-03,0.0,26.9,33.8,16.3
TH000048431,"NAKHON RATCHASIMA, TH",14.967,102.083,188.0,1968-12-04,0.0,27.1,33.7,18.9
TH000048431,"NAKHON RATCHASIMA, TH",14.967,102.083,188.0,1968-12-05,0.0,26.9,33.9,19.5
TH000048431,"NAKHON RATCHASIMA, TH",14.967,102.083,188.0,1968-12-06,0.0,25.2,31.5,19.9
TH000048431,"NAKHON RATCHASIMA, TH",14.967,102.083,188.0,1968-12-07,0.0,26.4,33.2,18.5
TH000048431,"NAKHON RATCHASIMA, TH",14.967,102.083,188.0,1968-12-08,0.0,26.9,34.2,17.3
TH000048431,"NAKHON RATCHASIMA, TH",14.967,102.083,188.0,1968-12-09,0.0,26.7,34.2,16.9
TH000048431,"NAKHON RATCHASIMA, TH",14.967,102.083,188.0,1968-12-10,0.0,26.6,32.7,19.0
TH000048431,"NAKHON RATCHASIMA, TH",14.967,102.083,188.0,1968-12-11,0.0,27.3,33.9,18.5
TH000048431,"NAKHON RATCHASIMA, TH",14.967,102.083,188.0,1968-12-12,0.0,27.2,34.2,18.3
TH000048431,"NAKHON RATCHASIMA, TH",14.967,102.083,188.0,1968-12-13,0.0,27.3,34.1,18.3
TH000048431,"NAKHON RATCHASIMA, TH",14.967,102.083,188.0,1968-12-14,0.0,26.1,33.2,21.4
TH000048431,"NAKHON RATCHASIMA, TH",14.967,102.083,188.0,1968-12-15,0.0,25.2,32.2,17.0
TH000048431,"NAKHON RATCHASIMA, TH",14.967,102.083,188.0,1968-12-16,0.0,25.3,32.4,18.6
TH000048431,"NAKHON RATCHASIMA, TH",14.967,102.083,188.0,1968-12-17,0.0,26.9,33.5,18.7
TH000048431,"NAKHON RATCHASIMA, TH",14.967,102.083,188.0,1968-12-18,0.0,27.4,34.5,19.6
TH000048431,"NAKHON RATCHASIMA, TH",14.967,102.083,188.0,1968-12-19,0.0,26.8,34.6,18.7
TH000048431,"NAKHON RATCHASIMA, TH",14.967,102.083,188.0,1968-12-20,0.0,27.1,34.5,18.5
TH000048431,"NAKHON RATCHASIMA, TH",14.967,102.083,188.0,1968-12-21,0.0,27.2,34.6,17.6
TH000048431,"NAKHON RATCHASIMA, TH",14.967,102.083,188.0,1968-12-22,0.0,24.6,31.8,19.4
TH000048431,"NAKHON RATCHASIMA, TH",14.967,102.083,188.0,1968-12-23,0.0,23.2,29.6,16.0
TH000048431,"NAKHON RATCHASIMA, TH",14.967,102.083,188.0,1968-12-24,0.0,24.2,31.5,15.1
TH000048431,"NAKHON RATCHASIMA, TH",14.967,102.083,188.0,1968-12-25,0.0,24.8,33.3,15.6
TH000048431,"NAKHON RATCHASIMA, TH",14.967,102.083,188.0,1968-12-26,0.0,25.7,33.5,15.3
TH000048431,"NAKHON RATCHASIMA, TH",14.967,102.083,188.0,1968-12-27,0.0,26.3,33.8,17.3
TH000048431,"NAKHON RATCHASIMA, TH",14.967,102.083,188.0,1968-12-28,0.0,27.7,34.2,17.7
TH000048431,"NAKHON RATCHASIMA, TH",14.967,102.083,188.0,1968-12-29,0.0,26.9,34.7,19.0
TH000048431,"NAKHON RATCHASIMA, TH",14.967,102.083,188.0,1968-12-30,0.0,27.9,35.0,18.6
TH000048431,"NAKHON RATCHASIMA, TH",14.967,102.083,188.0,1968-12-31,0.0,28.2,35.0,19.2
TH000048431,"NAKHON RATCHASIMA, TH",14.967,102.083,188.0,1969-01-01,0.0,27.2,34.2,19.4
TH000048431,"NAKHON RATCHASIMA, TH",14.967,102.083,188.0,1969-01-02,0.0,25.9,32.4,18.2
TH000048431,"NAKHON RATCHASIMA, TH",14.967,102.083,188.0,1969-01-03,0.0,26.3,33.0,17.4
TH000048431,"NAKHON RATCHASIMA, TH",14.967,102.083,188.0,1969-01-04,0.0,26.7,34.2,18.0
TH000048431,"NAKHON RATCHASIMA, TH",14.967,102.083,188.0,1969-01-05,0.0,27.9,34.1,19.1
TH000048431,"NAKHON RATCHASIMA, TH",14.967,102.083,188.0,1969-01-06,6.2,24.1,26.9,22.5
TH000048431,"NAKHON RATCHASIMA, TH",14.967,102.083,188.0,1969-01-07,0.0,21.1,27.5,17.8
TH000048431,"NAKHON RATCHASIMA, TH",14.967,102.083,188.0,1969-01-08,0.0,23.2,29.5,16.4
TH000048431,"NAKHON RATCHASIMA, TH",14.967,102.083,188.0,1969-01-09,0.0,24.6,31.0,17.5
TH000048431,"NAKHON RATCHASIMA, TH",14.967,102.083,188.0,1969-01-10,0.0,27.1,34.8,18.0
TH000048431,"NAKHON RATCHASIMA, TH",14.967,102.083,188.0,1969-01-11,0.0,28.4,35.4,18.7
TH000048431,"NAKHON RATCHASIMA, TH",14.967,102.083,188.0,1969-01-12,2.2,28.2,35.8,20.2
TH000048431,"NAKHON RATCHASIMA, TH",14.967,102.083,188.0,1969-01-13,2.6,26.6,31.6,22.5
TH000048431,"NAKHON RATCHASIMA, TH",14.967,102.083,188.0,1969-01-14,0.3,25.5,29.6,22.6
TH000048431,"NAKHON RATCHASIMA, TH",14.967,102.083,188.0,1969-01-15,4.4,26.8,33.3,21.7
TH000048431,"NAKHON RATCHASIMA, TH",14.967,102.083,188.0,1969-01-16,0.0,24.9,30.8,21.2
TH000048431,"NAKHON RATCHASIMA, TH",14.967,102.083,188.0,1969-01-17,0.0,26.8,32.7,21.5
TH000048431,"NAKHON RATCHASIMA, TH",14.967,102.083,188.0,1969-01-18,3.4,27.6,34.4,21.6
TH000048431,"NAKHON RATCHASIMA, TH",14.967,102.083,188.0,1969-01-19,0.4,26.5,34.9,22.4
TH000048431,"NAKHON RATCHASIMA, TH",14.967,102.083,188.0,1969-01-20,0.0,27.2,35.1,21.5
TH000048431,"NAKHON RATCHASIMA, TH",14.967,102.083,188.0,1969-01-21,0.0,27.7,34.5,21.7
TH000048431,"NAKHON RATCHASIMA, TH",14.967,102.083,188.0,1969-01-22,0.0,28.2,34.7,21.3
TH000048431,"NAKHON RATCHASIMA, TH",14.967,102.083,188.0,1969-01-23,0.0,27.9,34.7,23.6
TH000048431,"NAKHON RATCHASIMA, TH",14.967,102.083,188.0,1969-01-24,2.6,26.4,34.6,22.3
TH000048431,"NAKHON RATCHASIMA, TH",14.967,102.083,188.0,1969-01-25,0.0,25.2,30.2,21.3
TH000048431,"NAKHON RATCHASIMA, TH",14.967,102.083,188.0,1969-01-26,0.0,27.8,33.7,20.1
TH000048431,"NAKHON RATCHASIMA, TH",14.967,102.083,188.0,1969-01-27,0.0,28.5,36.0,21.0
TH000048431,"NAKHON RATCHASIMA, TH",14.967,102.083,188.0,1969-01-28,0.0,28.4,35.1,21.7
TH000048431,"NAKHON RATCHASIMA, TH",14.967,102.083,188.0,1969-01-29,0.0,29.2,35.8,21.9
TH000048431,"NAKHON RATCHASIMA, TH",14.967,102.083,188.0,1969-01-30,0.0,29.3,37.8,22.9
TH000048431,"NAKHON RATCHASIMA, TH",14.967,102.083,188.0,1969-01-31,0.0,29.1,36.3,20.2
TH000048431,"NAKHON RATCHASIMA, TH",14.967,102.083,188.0,1969-02-01,0.0,24.4,30.8,21.2
TH000048431,"NAKHON RATCHASIMA, TH",14.967,102.083,188.0,1969-02-02,0.0,22.9,27.9,20.2
TH000048431,"NAKHON RATCHASIMA, TH",14.967,102.083,188.0,1969-02-03,0.0,26.2,33.6,17.4
TH000048431,"NAKHON RATCHASIMA, TH",14.967,102.083,188.0,1969-02-04,0.0,24.5,31.3,19.7
TH000048431,"NAKHON RATCHASIMA, TH",14.967,102.083,188.0,1969-02-05,0.0,20.1,26.7,14.8
TH000048431,"NAKHON RATCHASIMA, TH",14.967,102.083,188.0,1969-02-06,0.0,18.9,26.1,13.0
TH000048431,"NAKHON RATCHASIMA, TH",14.967,102.083,188.0,1969-02-07,0.0,20.7,28.7,13.3
TH000048431,"NAKHON RATCHASIMA, TH",14.967,102.083,188.0,1969-02-08,0.0,21.2,28.6,14.7
TH000048431,"NAKHON RATCHASIMA, TH",14.967,102.083,188.0,1969-02-09,0.0,23.9,32.0,13.9
TH000048431,"NAKHON RATCHASIMA, TH",14.967,102.083,188.0,1969-02-10,0.0,26.6,34.7,16.1
TH000048431,"NAKHON RATCHASIMA, TH",14.967,102.083,188.0,1969-02-11,0.0,27.6,35.6,18.5
TH000048431,"NAKHON RATCHASIMA, TH",14.967,102.083,188.0,1969-02-12,0.0,28.5,37.2,21.0
TH000048431,"NAKHON RATCHASIMA, TH",14.967,102.083,188.0,1969-02-13,0.0,28.9,37.1,22.3
TH000048431,"NAKHON RATCHASIMA, TH",14.967,102.083,188.0,1969-02-14,0.0,29.6,37.4,23.6
TH000048431,"NAKHON RATCHASIMA, TH",14.967,102.083,188.0,1969-02-15,0.0,29.8,39.4,22.3
TH000048431,"NAKHON RATCHASIMA, TH",14.967,102.083,188.0,1969-02-16,0.0,29.9,39.3,22.3
TH000048431,"NAKHON RATCHASIMA, TH",14.967,102.083,188.0,1969-02-17,0.0,30.0,39.7,22.1
TH000048431,"NAKHON RATCHASIMA, TH",14.967,102.083,188.0,1969-02-18,0.0,30.0,39.0,22.5
TH000048431,"NAKHON RATCHASIMA, TH",14.967,102.083,188.0,1969-02-19,0.0,30.1,39.3,21.3
TH000048431,"NAKHON RATCHASIMA, TH",14.967,102.083,188.0,1969-02-20,0.0,30.4,40.5,19.7
TH000048431,"NAKHON RATCHASIMA, TH",14.967,102.083,188.0,1969-02-21,0.0,30.9,39.7,20.8
TH000048431,"NAKHON RATCHASIMA, TH",14.967,102.083,188.0,1969-02-22,0.0,30.3,38.9,22.5
TH000048431,"NAKHON RATCHASIMA, TH",14.967,102.083,188.0,1969-02-23,0.0,29.7,36.7,23.0
TH000048431,"NAKHON RATCHASIMA, TH",14.967,102.083,188.0,1969-02-24,0.0,29.9,39.0,23.3
TH000048431,"NAKHON RATCHASIMA, TH",14.967,102.083,188.0,1969-02-25,0.0,30.0,38.3,24.1
TH000048431,"NAKHON RATCHASIMA, TH",14.967,102.083,188.0,1969-02-26,0.0,30.3,38.6,24.1
TH000048431,"NAKHON RATCHASIMA, TH",14.967,102.083,188.0,1969-02-27,0.0,30.7,38.5,24.9
TH000048431,"NAKHON RATCHASIMA, TH",14.967,102.083,188.0,1969-02-28,0.0,29.8,36.9,24.9
TH000048431,"NAKHON RATCHASIMA, TH",14.967,102.083,188.0,1969-03-01,0.0,30.1,39.0,23.9
TH000048431,"NAKHON RATCHASIMA, TH",14.967,102.083,188.0,1969-03-02,0.0,31.5,40.3,23.5
TH000048431,"NAKHON RATCHASIMA, TH",14.967,102.083,188.0,1969-03-03,0.0,31.1,39.7,24.4
TH000048431,"NAKHON RATCHASIMA, TH",14.967,102.083,188.0,1969-03-04,0.0,29.7,39.1,24.0
TH000048431,"NAKHON RATCHASIMA, TH",14.967,102.083,188.0,1969-03-05,0.0,29.1,36.6,24.4
TH000048431,"NAKHON RATCHASIMA, TH",14.967,102.083,188.0,1969-03-06,0.0,28.9,36.5,24.3
TH000048431,"NAKHON RATCHASIMA, TH",14.967,102.083,188.0,1969-03-07,0.0,29.8,37.2,23.6
TH000048431,"NAKHON RATCHASIMA, TH",14.967,102.083,188.0,1969-03-08,0.0,30.9,39.3,23.4
TH000048431,"NAKHON RATCHASIMA, TH",14.967,102.083,188.0,1969-03-09,0.0,30.5,38.8,24.6
TH000048431,"NAKHON RATCHASIMA, TH",14.967,102.083,188.0,1969-03-10,0.0,30.3,38.5,25.3
TH000048431,"NAKHON RATCHASIMA, TH",14.967,102.083,188.0,1969-03-11,0.0,30.9,39.4,24.1
TH000048431,"NAKHON RATCHASIMA, TH",14.967,102.083,188.0,1969-03-12,0.0,25.6,32.9,23.5
TH000048431,"NAKHON RATCHASIMA, TH",14.967,102.083,188.0,1969-03-13,2.0,26.0,32.1,20.0
TH000048431,"NAKHON RATCHASIMA, TH",14.967,102.083,188.0,1969-03-14,0.0,27.6,33.7,22.4
TH000048431,"NAKHON RATCHASIMA, TH",14.967,102.083,188.0,1969-03-15,1.5,26.2,33.6,23.5
TH000048431,"NAKHON RATCHASIMA, TH",14.967,102.083,188.0,1969-03-16,0.0,28.7,34.7,22.1
TH000048431,"NAKHON RATCHASIMA, TH",14.967,102.083,188.0,1969-03-17,17.4,25.3,31.8,23.4
TH000048431,"NAKHON RATCHASIMA, TH",14.967,102.083,188.0,1969-03-18,0.0,24.3,27.2,21.6
TH000048431,"NAKHON RATCHASIMA, TH",14.967,102.083,188.0,1969-03-19,0.0,28.6,36.3,22.3
TH000048431,"NAKHON RATCHASIMA, TH",14.967,102.083,188.0,1969-03-20,0.0,30.3,38.8,23.3
TH000048431,"NAKHON RATCHASIMA, TH",14.967,102.083,188.0,1969-03-21,11.8,29.8,40.3,24.7
TH000048431,"NAKHON RATCHASIMA, TH",14.967,102.083,188.0,1969-03-22,10.6,28.2,38.6,24.3
TH000048431,"NAKHON RATCHASIMA, TH",14.967,102.083,188.0,1969-03-23,0.0,28.8,36.1,24.0
TH000048431,"NAKHON RATCHASIMA, TH",14.967,102.083,188.0,1969-03-24,0.0,28.0,36.7,23.9
TH000048431,"NAKHON RATCHASIMA, TH",14.967,102.083,188.0,1969-03-25,0.0,28.2,37.2,23.6
TH000048431,"NAKHON RATCHASIMA, TH",14.967,102.083,188.0,1969-03-26,0.0,29.1,38.2,23.5
TH000048431,"NAKHON RATCHASIMA, TH",14.967,102.083,188.0,1969-03-27,0.0,31.2,39.3,24.3
TH000048431,"NAKHON RATCHASIMA, TH",14.967,102.083,188.0,1969-03-28,0.0,31.2,39.5,25.1
TH000048431,"NAKHON RATCHASIMA, TH",14.967,102.083,188.0,1969-03-29,0.0,31.9,40.7,24.9
TH000048431,"NAKHON RATCHASIMA, TH",14.967,102.083,188.0,1969-03-30,0.0,31.3,39.8,25.9
TH000048431,"NAKHON RATCHASIMA, TH",14.967,102.083,188.0,1969-03-31,0.0,30.1,38.2,26.2
TH000048431,"NAKHON RATCHASIMA, TH",14.967,102.083,188.0,1969-04-01,0.0,27.7,36.8,25.2
TH000048431,"NAKHON RATCHASIMA, TH",14.967,102.083,188.0,1969-04-02,0.0,29.9,37.8,24.4
TH000048431,"NAKHON RATCHASIMA, TH",14.967,102.083,188.0,1969-04-03,0.0,31.7,40.1,25.4
TH000048431,"NAKHON RATCHASIMA, TH",14.967,102.083,188.0,1969-04-04,7.5,29.6,40.0,26.6
TH000048431,"NAKHON RATCHASIMA, TH",14.967,102.083,188.0,1969-04-05,0.0,20.3,23.7,19.7
TH000048431,"NAKHON RATCHASIMA, TH",14.967,102.083,188.0,1969-04-06,0.0,21.6,27.0,17.2
TH000048431,"NAKHON RATCHASIMA, TH",14.967,102.083,188.0,1969-04-07,0.0,26.4,34.0,19.3
TH000048431,"NAKHON RATCHASIMA, TH",14.967,102.083,188.0,1969-04-08,0.0,29.1,36.5,21.6
TH000048431,"NAKHON RATCHASIMA, TH",14.967,102.083,188.0,1969-04-09,0.0,29.6,36.9,23.1
TH000048431,"NAKHON RATCHASIMA, TH",14.967,102.083,188.0,1969-04-10,0.0,30.3,38.0,23.5
TH000048431,"NAKHON RATCHASIMA, TH",14.967,102.083,188.0,1969-04-11,0.0,30.1,38.0,25.2
TH000048431,"NAKHON RATCHASIMA, TH",14.967,102.083,188.0,1969-04-12,0.0,29.5,39.3,25.2
TH000048431,"NAKHON RATCHASIMA, TH",14.967,102.083,188.0,1969-04-13,0.0,30.9,38.8,25.9
TH000048431,"NAKHON RATCHASIMA, TH",14.967,102.083,188.0,1969-04-14,0.0,31.2,40.0,25.7
TH000048431,"NAKHON RATCHASIMA, TH",14.967,102.083,188.0,1969-04-15,0.0,31.2,39.5,24.5
TH000048431,"NAKHON RATCHASIMA, TH",14.967,102.083,188.0,1969-04-16,0.0,30.6,39.5,25.0
TH000048431,"NAKHON RATCHASIMA, TH",14.967,102.083,188.0,1969-04-17,0.0,32.1,40.0,23.2
TH000048431,"NAKHON RATCHASIMA, TH",14.967,102.083,188.0,1969-04-18,0.0,29.6,38.2,26.2
TH000048431,"NAKHON RATCHASIMA, TH",14.967,102.083,188.0,1969-04-19,0.0,29.6,37.6,24.9
TH000048431,"NAKHON RATCHASIMA, TH",14.967,102.083,188.0,1969-04-20,0.0,31.3,40.3,24.3
TH000048431,"NAKHON RATCHASIMA, TH",14.967,102.083,188.0,1969-04-21,0.0,32.8,41.6,25.4
TH000048431,"NAKHON RATCHASIMA, TH",14.967,102.083,188.0,1969-04-22,0.0,32.3,41.6,25.6
TH000048431,"NAKHON RATCHASIMA, TH",14.967,102.083,188.0,1969-04-23,0.0,30.9,41.4,26.9
TH000048431,"NAKHON RATCHASIMA, TH",14.967,102.083,188.0,1969-04-24,6.2,30.7,41.3,25.0
TH000048431,"NAKHON RATCHASIMA, TH",14.967,102.083,188.0,1969-04-25,9.2,29.9,40.3,25.6
TH000048431,"NAKHON RATCHASIMA, TH",14.967,102.083,188.0,1969-04-26,0.1,26.1,30.0,23.5
TH000048431,"NAKHON RATCHASIMA, TH",14.967,102.083,188.0,1969-04-27,0.0,30.1,37.9,23.4
TH000048431,"NAKHON RATCHASIMA, TH",14.967,102.083,188.0,1969-04-28,1.1,26.1,31.9,24.4
TH000048431,"NAKHON RATCHASIMA, TH",14.967,102.083,188.0,1969-04-29,0.0,29.2,37.3,23.0
TH000048431,"NAKHON RATCHASIMA, TH",14.967,102.083,188.0,1969-04-30,0.0,29.9,37.5,24.0
TH000048431,"NAKHON RATCHASIMA, TH",14.967,102.083,188.0,1969-05-01,9.3,28.8,37.5,24.7
TH000048431,"NAKHON RATCHASIMA, TH",14.967,102.083,188.0,1969-05-02,0.0,27.9,35.7,22.4
TH000048431,"NAKHON RATCHASIMA, TH",14.967,102.083,188.0,1969-05-03,0.0,29.6,36.7,24.2
TH000048431,"NAKHON RATCHASIMA, TH",14.967,102.083,188.0,1969-05-04,0.0,29.3,37.0,25.2
TH000048431,"NAKHON RATCHASIMA, TH",14.967,102.083,188.0,1969-05-05,0.0,31.9,38.8,24.5
TH000048431,"NAKHON RATCHASIMA, TH",14.967,102.083,188.0,1969-05-06,10.5,26.2,32.2,26.7
TH000048431,"NAKHON RATCHASIMA, TH",14.967,102.083,188.0,1969-05-07,0.0,28.6,34.8,23.9
TH000048431,"NAKHON RATCHASIMA, TH",14.967,102.083,188.0,1969-05-08,0.0,27.7,36.5,25.3
TH000048431,"NAKHON RATCHASIMA, TH",14.967,102.083,188.0,1969-05-09,2.1,28.4,36.4,23.8
TH000048431,"NAKHON RATCHASIMA, TH",14.967,102.083,188.0,1969-05-10,0.0,30.2,37.3,24.6
TH000048431,"NAKHON RATCHASIMA, TH",14.967,102.083,188.0,1969-05-11,3.1,28.9,39.8,25.4
TH000048431,"NAKHON RATCHASIMA, TH",14.967,102.083,188.0,1969-05-12,9.0,30.6,39.5,24.8
TH000048431,"NAKHON RATCHASIMA, TH",14.967,102.083,188.0,1969-05-13,4.5,30.8,38.1,25.5
TH000048431,"NAKHON RATCHASIMA, TH",14.967,102.083,188.0,1969-05-14,0.0,31.4,39.9,26.0
TH000048431,"NAKHON RATCHASIMA, TH",14.967,102.083,188.0,1969-05-15,26.2,28.7,39.2,23.4
TH000048431,"NAKHON RATCHASIMA, TH",14.967,102.083,188.0,1969-05-16,2.7,27.2,35.2,24.3
TH000048431,"NAKHON RATCHASIMA, TH",14.967,102.083,188.0,1969-05-17,1.3,26.9,34.2,24.5
TH000048431,"NAKHON RATCHASIMA, TH",14.967,102.083,188.0,1969-05-18,1.2,28.4,36.2,23.6
TH000048431,"NAKHON RATCHASIMA, TH",14.967,102.083,188.0,1969-05-19,0.0,29.4,35.7,25.8
TH000048431,"NAKHON RATCHASIMA, TH",14.967,102.083,188.0,1969-05-20,0.0,29.5,37.9,25.6
TH000048431,"NAKHON RATCHASIMA, TH",14.967,102.083,188.0,1969-05-21,0.0,29.2,36.5,25.7
TH000048431,"NAKHON RATCHASIMA, TH",14.967,102.083,188.0,1969-05-22,0.2,28.2,35.8,25.9
TH000048431,"NAKHON RATCHASIMA, TH",14.967,102.083,188.0,1969-05-23,0.7,29.1,36.8,26.2
TH000048431,"NAKHON RATCHASIMA, TH",14.967,102.083,188.0,1969-05-24,0.0,30.2,37.6,25.6
TH000048431,"NAKHON RATCHASIMA, TH",14.967,102.083,188.0,1969-05-25,0.0,29.8,37.5,25.8
TH000048431,"NAKHON RATCHASIMA, TH",14.967,102.083,188.0,1969-05-26,0.0,30.6,37.2,25.4
TH000048431,"NAKHON RATCHASIMA, TH",14.967,102.083,188.0,1969-05-27,0.3,28.8,35.1,26.5
TH000048431,"NAKHON RATCHASIMA, TH",14.967,102.083,188.0,1969-05-28,63.2,27.7,36.8,23.5
TH000048431,"NAKHON RATCHASIMA, TH",14.967,102.083,188.0,1969-05-29,11.5,26.1,28.2,24.1
TH000048431,"NAKHON RATCHASIMA, TH",14.967,102.083,188.0,1969-05-30,1.3,26.3,30.1,24.3
TH000048431,"NAKHON RATCHASIMA, TH",14.967,102.083,188.0,1969-05-31,0.1,26.9,32.1,24.5
TH000048431,"NAKHON RATCHASIMA, TH",14.967,102.083,188.0,1969-06-01,0.0,27.9,33.7,24.7
TH000048431,"NAKHON RATCHASIMA, TH",14.967,102.083,188.0,1969-06-02,0.0,28.8,34.8,25.2
TH000048431,"NAKHON RATCHASIMA, TH",14.967,102.083,188.0,1969-06-03,2.0,28.9,34.3,24.6
TH000048431,"NAKHON RATCHASIMA, TH",14.967,102.083,188.0,1969-06-04,0.1,29.5,35.8,24.9
TH000048431,"NAKHON RATCHASIMA, TH",14.967,102.083,188.0,1969-06-05,6.2,27.6,34.6,26.3
TH000048431,"NAKHON RATCHASIMA, TH",14.967,102.083,188.0,1969-06-06,5.9,26.9,33.0,24.7
TH000048431,"NAKHON RATCHASIMA, TH",14.967,102.083,188.0,1969-06-07,0.0,28.3,34.7,24.7
TH000048431,"NAKHON RATCHASIMA, TH",14.967,102.083,188.0,1969-06-08,3.9,27.7,35.1,25.2
TH000048431,"NAKHON RATCHASIMA, TH",14.967,102.083,188.0,1969-06-09,1.1,28.6,35.3,24.2
TH000048431,"NAKHON RATCHASIMA, TH",14.967,102.083,188.0,1969-06-10,5.1,28.0,35.5,24.7
TH000048431,"NAKHON RATCHASIMA, TH",14.967,102.083,188.0,1969-06-11,1.7,28.4,35.4,23.1
TH000048431,"NAKHON RATCHASIMA, TH",14.967,102.083,188.0,1969-06-12,0.5,28.1,34.0,24.5
TH000048431,"NAKHON RATCHASIMA, TH",14.967,102.083,188.0,1969-06-13,5.7,27.7,35.7,23.5
TH000048431,"NAKHON RATCHASIMA, TH",14.967,102.083,188.0,1969-06-14,5.5,28.3,34.8,24.9
TH000048431,"NAKHON RATCHASIMA, TH",14.967,102.083,188.0,1969-06-15,0.0,28.7,34.5,23.9
TH000048431,"NAKHON RATCHASIMA, TH",14.967,102.083,188.0,1969-06-16,0.0,29.1,35.3,25.4
TH000048431,"NAKHON RATCHASIMA, TH",14.967,102.083,188.0,1969-06-17,2.5,28.3,34.7,24.2
TH000048431,"NAKHON RATCHASIMA, TH",14.967,102.083,188.0,1969-06-18,2.7,27.8,33.5,25.1
TH000048431,"NAKHON RATCHASIMA, TH",14.967,102.083,188.0,1969-06-19,3.1,27.8,32.8,24.3
TH000048431,"NAKHON RATCHASIMA, TH",14.967,102.083,188.0,1969-06-20,1.9,29.6,35.4,24.2
TH000048431,"NAKHON RATCHASIMA, TH",14.967,102.083,188.0,1969-06-21,2.5,29.5,35.5,23.7
TH000048431,"NAKHON RATCHASIMA, TH",14.967,102.083,188.0,1969-06-22,46.7,27.8,35.8,24.9
TH000048431,"NAKHON RATCHASIMA, TH",14.967,102.083,188.0,1969-06-23,0.0,28.4,34.5,23.1
TH000048431,"NAKHON RATCHASIMA, TH",14.967,102.083,188.0,1969-06-24,3.9,27.5,33.5,25.1
TH000048431,"NAKHON RATCHASIMA, TH",14.967,102.083,188.0,1969-06-25,1.7,26.3,31.9,23.6
TH000048431,"NAKHON RATCHASIMA, TH",14.967,102.083,188.0,1969-06-26,0.0,28.3,34.8,24.2
TH000048431,"NAKHON RATCHASIMA, TH",14.967,102.083,188.0,1969-06-27,114.8,27.7,35.9,25.1
TH000048431,"NAKHON RATCHASIMA, TH",14.967,102.083,188.0,1969-06-28,6.4,26.9,32.5,22.6
TH000048431,"NAKHON RATCHASIMA, TH",14.967,102.083,188.0,1969-06-29,0.0,28.0,33.4,23.9
TH000048431,"NAKHON RATCHASIMA, TH",14.967,102.083,188.0,1969-06-30,0.0,28.1,34.9,24.3
TH000048431,"NAKHON RATCHASIMA, TH",14.967,102.083,188.0,1969-07-01,0.0,27.8,34.6,24.2
TH000048431,"NAKHON RATCHASIMA, TH",14.967,102.083,188.0,1969-07-02,12.3,26.4,31.8,25.4
TH000048431,"NAKHON RATCHASIMA, TH",14.967,102.083,188.0,1969-07-03,0.1,26.9,32.3,23.7
TH000048431,"NAKHON RATCHASIMA, TH",14.967,102.083,188.0,1969-07-04,0.0,27.6,32.5,23.0
TH000048431,"NAKHON RATCHASIMA, TH",14.967,102.083,188.0,1969-07-05,0.0,29.3,36.0,23.4
TH000048431,"NAKHON RATCHASIMA, TH",14.967,102.083,188.0,1969-07-06,0.0,28.8,36.0,24.4
TH000048431,"NAKHON RATCHASIMA, TH",14.967,102.083,188.0,1969-07-07,0.1,28.0,35.2,25.2
TH000048431,"NAKHON RATCHASIMA, TH",14.967,102.083,188.0,1969-07-08,0.0,27.2,31.4,24.9
TH000048431,"NAKHON RATCHASIMA, TH",14.967,102.083,188.0,1969-07-09,0.0,27.8,35.5,22.8
TH000048431,"NAKHON RATCHASIMA, TH",14.967,102.083,188.0,1969-07-10,0.0,28.7,35.7,23.0
TH000048431,"NAKHON RATCHASIMA, TH",14.967,102.083,188.0,1969-07-11,4.9,27.2,30.7,24.3
TH000048431,"NAKHON RATCHASIMA, TH",14.967,102.083,188.0,1969-07-12,11.1,25.3,28.8,23.9
TH000048431,"NAKHON RATCHASIMA, TH",14.967,102.083,188.0,1969-07-13,0.0,26.6,30.5,23.8
TH000048431,"NAKHON RATCHASIMA, TH",14.967,102.083,188.0,1969-07-14,0.0,27.2,33.6,24.0
TH000048431,"NAKHON RATCHASIMA, TH",14.967,102.083,188.0,1969-07-15,1.7,26.4,34.3,23.1
TH000048431,"NAKHON RATCHASIMA, TH",14.967,102.083,188.0,1969-07-16,0.8,28.2,34.7,22.6
TH000048431,"NAKHON RATCHASIMA, TH",14.967,102.083,188.0,1969-07-17,0.0,27.8,33.9,23.2
TH000048431,"NAKHON RATCHASIMA, TH",14.967,102.083,188.0,1969-07-18,26.9,26.3,33.5,24.9
TH000048431,"NAKHON RATCHASIMA, TH",14.967,102.083,188.0,1969-07-19,5.3,23.9,25.0,21.7
TH000048431,"NAKHON RATCHASIMA, TH",14.967,102.083,188.0,1969-07-20,0.0,26.4,30.1,22.2
TH000048431,"NAKHON RATCHASIMA, TH",14.967,102.083,188.0,1969-07-21,0.0,26.7,33.1,23.8
TH000048431,"NAKHON RATCHASIMA, TH",14.967,102.083,188.0,1969-07-22,0.3,27.3,32.8,23.1
TH000048431,"NAKHON RATCHASIMA, TH",14.967,102.083,188.0,1969-07-23,17.8,26.1,31.1,23.2
TH000048431,"NAKHON RATCHASIMA, TH",14.967,102.083,188.0,1969-07-24,0.1,27.0,31.4,23.9
TH000048431,"NAKHON RATCHASIMA, TH",14.967,102.083,188.0,1969-07-25,0.0,27.6,32.2,24.1
TH000048431,"NAKHON RATCHASIMA, TH",14.967,102.083,188.0,1969-07-26,0.0,28.2,32.0,24.0
TH000048431,"NAKHON RATCHASIMA, TH",14.967,102.083,188.0,1969-07-27,0.1,28.2,32.4,24.3
TH000048431,"NAKHON RATCHASIMA, TH",14.967,102.083,188.0,1969-07-28,0.6,26.9,30.7,24.4
TH000048431,"NAKHON RATCHASIMA, TH",14.967,102.083,188.0,1969-07-29,0.0,27.2,29.7,23.6
TH000048431,"NAKHON RATCHASIMA, TH",14.967,102.083,188.0,1969-07-30,1.0,27.2,31.3,23.7
TH000048431,"NAKHON RATCHASIMA, TH",14.967,102.083,188.0,1969-07-31,0.0,28.2,33.3,22.8
TH000048431,"NAKHON RATCHASIMA, TH",14.967,102.083,188.0,1969-08-01,0.0,28.1,33.2,23.1
TH000048431,"NAKHON RATCHASIMA, TH",14.967,102.083,188.0,1969-08-02,0.0,28.3,34.3,23.0
TH000048431,"NAKHON RATCHASIMA, TH",14.967,102.083,188.0,1969-08-03,0.3,28.0,33.6,23.5
TH000048431,"NAKHON RATCHASIMA, TH",14.967,102.083,188.0,1969-08-04,0.0,27.9,33.7,23.1
TH000048431,"NAKHON RATCHASIMA, TH",14.967,102.083,188.0,1969-08-05,0.0,27.2,32.8,22.8
TH000048431,"NAKHON RATCHASIMA, TH",14.967,102.083,188.0,1969-08-06,0.0,27.7,35.0,23.3
TH000048431,"NAKHON RATCHASIMA, TH",14.967,102.083,188.0,1969-08-07,0.1,26.4,32.3,23.6
TH000048431,"NAKHON RATCHASIMA, TH",14.967,102.083,188.0,1969-08-08,2.3,26.1,31.6,23.5
TH000048431,"NAKHON RATCHASIMA, TH",14.967,102.083,188.0,1969-08-09,0.0,27.7,33.4,23.5
TH000048431,"NAKHON RATCHASIMA, TH",14.967,102.083,188.0,1969-08-10,0.0,27.3,31.5,23.9
TH000048431,"NAKHON RATCHASIMA, TH",14.967,102.083,188.0,1969-08-11,1.4,26.7,33.5,23.2
TH000048431,"NAKHON RATCHASIMA, TH",14.967,102.083,188.0,1969-08-12,5.9,24.9,28.0,22.9
TH000048431,"NAKHON RATCHASIMA, TH",14.967,102.083,188.0,1969-08-13,0.0,26.1,31.9,22.4
TH000048431,"NAKHON RATCHASIMA, TH",14.967,102.083,188.0,1969-08-14,0.0,27.2,33.3,23.2
TH000048431,"NAKHON RATCHASIMA, TH",14.967,102.083,188.0,1969-08-15,0.0,28.0,35.0,22.4
TH000048431,"NAKHON RATCHASIMA, TH",14.967,102.083,188.0,1969-08-16,0.0,27.7,35.5,23.6
TH000048431,"NAKHON RATCHASIMA, TH",14.967,102.083,188.0,1969-08-17,32.7,25.6,33.9,23.5
TH000048431,"NAKHON RATCHASIMA, TH",14.967,102.083,188.0,1969-08-18,0.1,26.9,32.9,22.8
TH000048431,"NAKHON RATCHASIMA, TH",14.967,102.083,188.0,1969-08-19,0.0,27.8,34.1,23.1
TH000048431,"NAKHON RATCHASIMA, TH",14.967,102.083,188.0,1969-08-20,0.0,26.9,34.3,23.4
TH000048431,"NAKHON RATCHASIMA, TH",14.967,102.083,188.0,1969-08-21,5.0,26.9,34.5,23.7
TH000048431,"NAKHON RATCHASIMA, TH",14.967,102.083,188.0,1969-08-22,3.5,26.6,33.8,23.7
TH000048431,"NAKHON RATCHASIMA, TH",14.967,102.083,188.0,1969-08-23,0.0,26.8,32.0,23.1
TH000048431,"NAKHON RATCHASIMA, TH",14.967,102.083,188.0,1969-08-24,0.0,27.7,35.1,23.2
TH000048431,"NAKHON RATCHASIMA, TH",14.967,102.083,188.0,1969-08-25,0.0,27.6,36.0,23.9
TH000048431,"NAKHON RATCHASIMA, TH",14.967,102.083,188.0,1969-08-26,0.0,26.8,35.8,23.4
TH000048431,"NAKHON RATCHASIMA, TH",14.967,102.083,188.0,1969-08-27,0.9,26.9,34.5,22.4
TH000048431,"NAKHON RATCHASIMA, TH",14.967,102.083,188.0,1969-08-28,0.9,26.6,31.8,22.7
TH000048431,"NAKHON RATCHASIMA, TH",14.967,102.083,188.0,1969-08-29,6.0,26.2,32.9,23.3
TH000048431,"NAKHON RATCHASIMA, TH",14.967,102.083,188.0,1969-08-30,0.0,26.5,32.9,23.0
TH000048431,"NAKHON RATCHASIMA, TH",14.967,102.083,188.0,1969-08-31,0.0,27.9,34.6,22.8
TH000048431,"NAKHON RATCHASIMA, TH",14.967,102.083,188.0,1969-09-01,0.2,28.8,35.6,23.7
TH000048431,"NAKHON RATCHASIMA, TH",14.967,102.083,188.0,1969-09-02,11.5,27.8,34.8,24.4
TH000048431,"NAKHON RATCHASIMA, TH",14.967,102.083,188.0,1969-09-03,8.2,24.8,26.4,23.3
TH000048431,"NAKHON RATCHASIMA, TH",14.967,102.083,188.0,1969-09-04,13.3,24.9,30.6,22.6
TH000048431,"NAKHON RATCHASIMA, TH",14.967,102.083,188.0,1969-09-05,72.7,25.9,32.0,23.1
TH000048431,"NAKHON RATCHASIMA, TH",14.967,102.083,188.0,1969-09-06,9.1,24.5,28.3,22.1
TH000048431,"NAKHON RATCHASIMA, TH",14.967,102.083,188.0,1969-09-07,3.8,25.6,32.3,22.5
TH000048431,"NAKHON RATCHASIMA, TH",14.967,102.083,188.0,1969-09-08,0.0,27.8,32.6,22.7
TH000048431,"NAKHON RATCHASIMA, TH",14.967,102.083,188.0,1969-09-09,0.0,26.8,34.2,24.9
TH000048431,"NAKHON RATCHASIMA, TH",14.967,102.083,188.0,1969-09-10,0.0,27.2,33.8,24.1
TH000048431,"NAKHON RATCHASIMA, TH",14.967,102.083,188.0,1969-09-11,0.0,27.8,34.5,24.1
TH000048431,"NAKHON RATCHASIMA, TH",14.967,102.083,188.0,1969-09-12,0.0,27.7,34.1,23.2
TH000048431,"NAKHON RATCHASIMA, TH",14.967,102.083,188.0,1969-09-13,0.0,27.3,33.1,22.8
TH000048431,"NAKHON RATCHASIMA, TH",14.967,102.083,188.0,1969-09-14,37.3,26.4,33.1,23.9
TH000048431,"NAKHON RATCHASIMA, TH",14.967,102.083,188.0,1969-09-15,36.1,25.8,31.6,23.7
TH000048431,"NAKHON RATCHASIMA, TH",14.967,102.083,188.0,1969-09-16,2.2,24.3,28.0,22.6
TH000048431,"NAKHON RATCHASIMA, TH",14.967,102.083,188.0,1969-09-17,2.4,24.3,28.4,22.8
TH000048431,"NAKHON RATCHASIMA, TH",14.967,102.083,188.0,1969-09-18,11.9,25.6,31.3,22.4
TH000048431,"NAKHON RATCHASIMA, TH",14.967,102.083,188.0,1969-09-19,31.5,25.1,30.6,22.3
TH000048431,"NAKHON RATCHASIMA, TH",14.967,102.083,188.0,1969-09-20,24.9,25.0,29.0,22.6
TH000048431,"NAKHON RATCHASIMA, TH",14.967,102.083,188.0,1969-09-21,3.1,24.5,28.1,22.9
TH000048431,"NAKHON RATCHASIMA, TH",14.967,102.083,188.0,1969-09-22,0.0,25.9,30.5,22.6
TH000048431,"NAKHON RATCHASIMA, TH",14.967,102.083,188.0,1969-09-23,0.0,26.7,32.8,22.3
TH000048431,"NAKHON RATCHASIMA, TH",14.967,102.083,188.0,1969-09-24,0.0,27.4,34.8,22.2
TH000048431,"NAKHON RATCHASIMA, TH",14.967,102.083,188.0,1969-09-25,0.0,27.6,34.5,22.4
TH000048431,"NAKHON RATCHASIMA, TH",14.967,102.083,188.0,1969-09-26,6.9,27.5,34.6,23.2
TH000048431,"NAKHON RATCHASIMA, TH",14.967,102.083,188.0,1969-09-27,2.1,27.3,34.8,23.5
TH000048431,"NAKHON RATCHASIMA, TH",14.967,102.083,188.0,1969-09-28,9.0,27.1,32.8,23.5
TH000048431,"NAKHON RATCHASIMA, TH",14.967,102.083,188.0,1969-09-29,0.4,27.1,33.7,21.8
TH000048431,"NAKHON RATCHASIMA, TH",14.967,102.083,188.0,1969-09-30,14.2,25.5,32.2,23.0
TH000048431,"NAKHON RATCHASIMA, TH",14.967,102.083,188.0,1969-10-01,65.7,25.4,30.2,23.0
TH000048431,"NAKHON RATCHASIMA, TH",14.967,102.083,188.0,1969-10-02,39.9,24.1,26.3,22.7
TH000048431,"NAKHON RATCHASIMA, TH",14.967,102.083,188.0,1969-10-03,0.1,26.6,29.2,22.8
TH000048431,"NAKHON RATCHASIMA, TH",14.967,102.083,188.0,1969-10-04,0.0,27.2,30.7,22.1
TH000048431,"NAKHON RATCHASIMA, TH",14.967,102.083,188.0,1969-10-05,0.4,25.6,29.2,24.4
TH000048431,"NAKHON RATCHASIMA, TH",14.967,102.083,188.0,1969-10-06,0.0,25.7,28.7,22.1
TH000048431,"NAKHON RATCHASIMA, TH",14.967,102.083,188.0,1969-10-07,0.0,27.3,30.8,22.6
TH000048431,"NAKHON RATCHASIMA, TH",14.967,102.083,188.0,1969-10-08,0.0,27.0,30.4,23.9
TH000048431,"NAKHON RATCHASIMA, TH",14.967,102.083,188.0,1969-10-09,0.0,27.1,29.9,23.9
TH000048431,"NAKHON RATCHASIMA, TH",14.967,102.083,188.0,1969-10-10,0.0,27.0,29.9,24.5
TH000048431,"NAKHON RATCHASIMA, TH",14.967,102.083,188.0,1969-10-11,0.0,27.1,31.0,22.3
TH000048431,"NAKHON RATCHASIMA, TH",14.967,102.083,188.0,1969-10-12,9.0,27.2,31.3,21.5
TH000048431,"NAKHON RATCHASIMA, TH",14.967,102.083,188.0,1969-10-13,16.1,26.3,30.5,22.5
TH000048431,"NAKHON RATCHASIMA, TH",14.967,102.083,188.0,1969-10-14,0.0,27.8,31.8,23.3
TH000048431,"NAKHON RATCHASIMA, TH",14.967,102.083,188.0,1969-10-15,0.5,25.4,31.7,24.2
TH000048431,"NAKHON RATCHASIMA, TH",14.967,102.083,188.0,1969-10-16,0.0,28.1,34.7,22.5
TH000048431,"NAKHON RATCHASIMA, TH",14.967,102.083,188.0,1969-10-17,0.0,28.3,34.9,23.2
TH000048431,"NAKHON RATCHASIMA, TH",14.967,102.083,188.0,1969-10-18,0.0,28.3,35.3,23.1
TH000048431,"NAKHON RATCHASIMA, TH",14.967,102.083,188.0,1969-10-19,53.6,27.6,34.5,24.6
TH000048431,"NAKHON RATCHASIMA, TH",14.967,102.083,188.0,1969-10-20,0.1,28.1,34.6,22.1
TH000048431,"NAKHON RATCHASIMA, TH",14.967,102.083,188.0,1969-10-21,0.0,27.8,34.8,24.4
TH000048431,"NAKHON RATCHASIMA, TH",14.967,102.083,188.0,1969-10-22,8.6,25.4,32.5,24.0
TH000048431,"NAKHON RATCHASIMA, TH",14.967,102.083,188.0,1969-10-23,0.0,26.3,31.3,22.2
TH000048431,"NAKHON RATCHASIMA, TH",14.967,102.083,188.0,1969-10-24,3.1,27.3,34.6,23.2
TH000048431,"NAKHON RATCHASIMA, TH",14.967,102.083,188.0,1969-10-25,0.0,25.6,28.9,22.1
TH000048431,"NAKHON RATCHASIMA, TH",14.967,102.083,188.0,1969-10-26,0.0,26.9,32.8,21.8
TH000048431,"NAKHON RATCHASIMA, TH",14.967,102.083,188.0,1969-10-27,0.0,26.2,30.1,23.1
TH000048431,"NAKHON RATCHASIMA, TH",14.967,102.083,188.0,1969-10-28,1.4,25.8,30.5,23.2
TH000048431,"NAKHON RATCHASIMA, TH",14.967,102.083,188.0,1969-10-29,0.0,26.3,31.8,22.0
TH000048431,"NAKHON RATCHASIMA, TH",14.967,102.083,188.0,1969-10-30,0.5,26.5,31.0,21.9
TH000048431,"NAKHON RATCHASIMA, TH",14.967,102.083,188.0,1969-10-31,2.1,25.5,29.6,22.9
TH000048431,"NAKHON RATCHASIMA, TH",14.967,102.083,188.0,1969-11-01,20.0,24.2,27.1,23.3
TH000048431,"NAKHON RATCHASIMA, TH",14.967,102.083,188.0,1969-11-02,0.0,25.3,29.2,22.1
TH000048431,"NAKHON RATCHASIMA, TH",14.967,102.083,188.0,1969-11-03,0.9,24.5,28.4,22.9
TH000048431,"NAKHON RATCHASIMA, TH",14.967,102.083,188.0,1969-11-04,0.0,24.3,29.2,22.1
TH000048431,"NAKHON RATCHASIMA, TH",14.967,102.083,188.0,1969-11-05,0.0,24.3,29.3,20.9
TH000048431,"NAKHON RATCHASIMA, TH",14.967,102.083,188.0,1969-11-06,0.0,24.0,27.6,20.9
TH000048431,"NAKHON RATCHASIMA, TH",14.967,102.083,188.0,1969-11-07,0.0,24.5,29.0,19.6
TH000048431,"NAKHON RATCHASIMA, TH",14.967,102.083,188.0,1969-11-08,0.0,23.3,28.2,21.6
TH000048431,"NAKHON RATCHASIMA, TH",14.967,102.083,188.0,1969-11-09,0.0,23.4,28.4,19.1
TH000048431,"NAKHON RATCHASIMA, TH",14.967,102.083,188.0,1969-11-10,0.0,23.6,27.7,20.4
TH000048431,"NAKHON RATCHASIMA, TH",14.967,102.083,188.0,1969-11-11,0.0,22.7,28.6,18.8
TH000048431,"NAKHON RATCHASIMA, TH",14.967,102.083,188.0,1969-11-12,0.0,23.8,30.0,17.6
TH000048431,"NAKHON RATCHASIMA, TH",14.967,102.083,188.0,1969-11-13,0.0,25.1,32.0,18.0
TH000048431,"NAKHON RATCHASIMA, TH",14.967,102.083,188.0,1969-11-14,0.0,25.3,31.8,18.9
TH000048431,"NAKHON RATCHASIMA, TH",14.967,102.083,188.0,1969-11-15,0.0,26.5,31.9,19.2
TH000048431,"NAKHON RATCHASIMA, TH",14.967,102.083,188.0,1969-11-16,0.0,27.6,32.9,22.3
TH000048431,"NAKHON RATCHASIMA, TH",14.967,102.083,188.0,1969-11-17,0.0,26.8,33.0,22.6
TH000048431,"NAKHON RATCHASIMA, TH",14.967,102.083,188.0,1969-11-18,0.0,24.7,29.8,21.5
TH000048431,"NAKHON RATCHASIMA, TH",14.967,102.083,188.0,1969-11-19,0.0,23.9,29.6,19.6
TH000048431,"NAKHON RATCHASIMA, TH",14.967,102.083,188.0,1969-11-20,0.0,24.9,30.1,19.8
TH000048431,"NAKHON RATCHASIMA, TH",14.967,102.083,188.0,1969-11-21,0.0,24.4,30.9,19.2
TH000048431,"NAKHON RATCHASIMA, TH",14.967,102.083,188.0,1969-11-22,0.0,24.8,30.8,18.1
TH000048431,"NAKHON RATCHASIMA, TH",14.967,102.083,188.0,1969-11-23,0.0,23.9,29.8,17.3
TH000048431,"NAKHON RATCHASIMA, TH",14.967,102.083,188.0,1969-11-24,0.0,22.6,27.6,19.2
TH000048431,"NAKHON RATCHASIMA, TH",14.967,102.083,188.0,1969-11-25,0.0,20.9,24.3,18.2
TH000048431,"NAKHON RATCHASIMA, TH",14.967,102.083,188.0,1969-11-26,0.0,20.0,25.1,16.6
TH000048431,"NAKHON RATCHASIMA, TH",14.967,102.083,188.0,1969-11-27,0.0,19.8,25.9,14.3
TH000048431,"NAKHON RATCHASIMA, TH",14.967,102.083,188.0,1969-11-28,0.0,21.6,26.7,15.8
TH000048431,"NAKHON RATCHASIMA, TH",14.967,102.083,188.0,1969-11-29,0.0,19.9,24.8,17.7
TH000048431,"NAKHON RATCHASIMA, TH",14.967,102.083,188.0,1969-11-30,0.0,19.7,26.1,13.8
TH000048431,"NAKHON RATCHASIMA, TH",14.967,102.083,188.0,1969-12-01,0.0,20.9,27.4,12.9
TH000048431,"NAKHON RATCHASIMA, TH",14.967,102.083,188.0,1969-12-02,0.0,21.9,28.0,12.7
TH000048431,"NAKHON RATCHASIMA, TH",14.967,102.083,188.0,1969-12-03,0.0,19.3,25.2,17.2
TH000048431,"NAKHON RATCHASIMA, TH",14.967,102.083,188.0,1969-12-04,0.0,18.2,24.7,13.0
TH000048431,"NAKHON RATCHASIMA, TH",14.967,102.083,188.0,1969-12-05,0.0,19.3,26.8,11.2
TH000048431,"NAKHON RATCHASIMA, TH",14.967,102.083,188.0,1969-12-06,0.0,22.3,29.6,12.5
TH000048431,"NAKHON RATCHASIMA, TH",14.967,102.083,188.0,1969-12-07,0.0,24.8,32.0,15.6
TH000048431,"NAKHON RATCHASIMA, TH",14.967,102.083,188.0,1969-12-08,0.0,24.3,30.4,17.8
TH000048431,"NAKHON RATCHASIMA, TH",14.967,102.083,188.0,1969-12-09,0.0,20.1,26.4,19.0
TH000048431,"NAKHON RATCHASIMA, TH",14.967,102.083,188.0,1969-12-10,0.0,19.1,25.3,13.5
TH000048431,"NAKHON RATCHASIMA, TH",14.967,102.083,188.0,1969-12-11,0.0,19.6,26.0,12.2
TH000048431,"NAKHON RATCHASIMA, TH",14.967,102.083,188.0,1969-12-12,0.0,21.7,28.7,12.7
TH000048431,"NAKHON RATCHASIMA, TH",14.967,102.083,188.0,1969-12-13,0.0,19.6,26.0,16.5
TH000048431,"NAKHON RATCHASIMA, TH",14.967,102.083,188.0,1969-12-14,0.0,20.7,26.6,13.6
TH000048431,"NAKHON RATCHASIMA, TH",14.967,102.083,188.0,1969-12-15,0.0,23.2,28.4,15.6
TH000048431,"NAKHON RATCHASIMA, TH",14.967,102.083,188.0,1969-12-16,0.0,23.7,28.1,20.3
TH000048431,"NAKHON RATCHASIMA, TH",14.967,102.083,188.0,1969-12-17,0.0,23.6,29.5,20.0
TH000048431,"NAKHON RATCHASIMA, TH",14.967,102.083,188.0,1969-12-18,0.0,23.1,29.7,19.5
TH000048431,"NAKHON RATCHASIMA, TH",14.967,102.083,188.0,1969-12-19,0.0,20.8,27.7,17.0
TH000048431,"NAKHON RATCHASIMA, TH",14.967,102.083,188.0,1969-12-20,0.0,20.5,27.3,15.1
TH000048431,"NAKHON RATCHASIMA, TH",14.967,102.083,188.0,1969-12-21,0.0,20.9,28.5,15.5
TH000048431,"NAKHON RATCHASIMA, TH",14.967,102.083,188.0,1969-12-22,0.0,20.6,27.9,13.2
TH000048431,"NAKHON RATCHASIMA, TH",14.967,102.083,188.0,1969-12-23,0.0,21.0,28.3,11.8
TH000048431,"NAKHON RATCHASIMA, TH",14.967,102.083,188.0,1969-12-24,0.0,22.9,28.5,12.9
TH000048431,"NAKHON RATCHASIMA, TH",14.967,102.083,188.0,1969-12-25,0.0,24.9,31.2,20.4
TH000048431,"NAKHON RATCHASIMA, TH",14.967,102.083,188.0,1969-12-26,0.0,27.0,33.7,19.5
TH000048431,"NAKHON RATCHASIMA, TH",14.967,102.083,188.0,1969-12-27,0.0,25.2,30.8,20.2
TH000048431,"NAKHON RATCHASIMA, TH",14.967,102.083,188.0,1969-12-28,0.0,23.2,28.5,20.2
TH000048431,"NAKHON RATCHASIMA, TH",14.967,102.083,188.0,1969-12-29,0.0,22.7,29.2,17.2
TH000048431,"NAKHON RATCHASIMA, TH",14.967,102.083,188.0,1969-12-30,0.0,23.6,30.4,15.5
TH000048431,"NAKHON RATCHASIMA, TH",14.967,102.083,188.0,1969-12-31,0.0,22.2,30.0,15.2
TH000048431,"NAKHON RATCHASIMA, TH",14.967,102.083,188.0,1970-01-01,0.0,22.7,30.3,13.3
TH000048431,"NAKHON RATCHASIMA, TH",14.967,102.083,188.0,1970-01-02,0.0,23.1,30.7,13.5
TH000048431,"NAKHON RATCHASIMA, TH",14.967,102.083,188.0,1970-01-03,0.0,23.2,30.8,14.0
TH000048431,"NAKHON RATCHASIMA, TH",14.967,102.083,188.0,1970-01-04,0.0,23.9,27.0,17.0
TH000048431,"NAKHON RATCHASIMA, TH",14.967,102.083,188.0,1970-01-05,0.1,23.2,28.5,22.3
TH000048431,"NAKHON RATCHASIMA, TH",14.967,102.083,188.0,1970-01-06,0.0,24.1,30.1,19.5
TH000048431,"NAKHON RATCHASIMA, TH",14.967,102.083,188.0,1970-01-07,0.0,24.0,30.4,18.5
TH000048431,"NAKHON RATCHASIMA, TH",14.967,102.083,188.0,1970-01-08,0.0,23.9,30.5,17.7
TH000048431,"NAKHON RATCHASIMA, TH",14.967,102.083,188.0,1970-01-09,0.0,24.9,31.8,17.4
TH000048431,"NAKHON RATCHASIMA, TH",14.967,102.083,188.0,1970-01-10,0.0,24.5,31.4,18.2
TH000048431,"NAKHON RATCHASIMA, TH",14.967,102.083,188.0,1970-01-11,0.0,22.5,28.9,17.5
TH000048431,"NAKHON RATCHASIMA, TH",14.967,102.083,188.0,1970-01-12,0.0,24.5,31.1,17.1
TH000048431,"NAKHON RATCHASIMA, TH",14.967,102.083,188.0,1970-01-13,0.0,25.9,31.9,18.3
TH000048431,"NAKHON RATCHASIMA, TH",14.967,102.083,188.0,1970-01-14,0.0,27.9,34.3,19.1
TH000048431,"NAKHON RATCHASIMA, TH",14.967,102.083,188.0,1970-01-15,0.4,23.7,28.1,23.5
TH000048431,"NAKHON RATCHASIMA, TH",14.967,102.083,188.0,1970-01-16,1.0,20.8,25.8,18.0
TH000048431,"NAKHON RATCHASIMA, TH",14.967,102.083,188.0,1970-01-17,0.0,22.4,26.9,17.8
TH000048431,"NAKHON RATCHASIMA, TH",14.967,102.083,188.0,1970-01-18,0.0,23.7,29.9,18.0
TH000048431,"NAKHON RATCHASIMA, TH",14.967,102.083,188.0,1970-01-19,0.0,21.9,28.7,16.8
TH000048431,"NAKHON RATCHASIMA, TH",14.967,102.083,188.0,1970-01-20,0.0,21.6,27.8,15.6
TH000048431,"NAKHON RATCHASIMA, TH",14.967,102.083,188.0,1970-01-21,0.0,22.9,29.8,15.1
TH000048431,"NAKHON RATCHASIMA, TH",14.967,102.083,188.0,1970-01-22,0.0,25.4,32.4,15.1
TH000048431,"NAKHON RATCHASIMA, TH",14.967,102.083,188.0,1970-01-23,0.0,25.9,33.5,17.8
TH000048431,"NAKHON RATCHASIMA, TH",14.967,102.083,188.0,1970-01-24,0.0,26.1,34.2,17.4
TH000048431,"NAKHON RATCHASIMA, TH",14.967,102.083,188.0,1970-01-25,0.0,26.5,34.1,18.7
TH000048431,"NAKHON RATCHASIMA, TH",14.967,102.083,188.0,1970-01-26,0.0,27.5,33.9,19.1
TH000048431,"NAKHON RATCHASIMA, TH",14.967,102.083,188.0,1970-01-27,0.0,28.0,36.7,19.2
TH000048431,"NAKHON RATCHASIMA, TH",14.967,102.083,188.0,1970-01-28,0.0,27.6,36.6,19.8
TH000048431,"NAKHON RATCHASIMA, TH",14.967,102.083,188.0,1970-01-29,0.0,27.7,36.8,18.0
TH000048431,"NAKHON RATCHASIMA, TH",14.967,102.083,188.0,1970-01-30,0.0,23.3,30.7,17.7
TH000048431,"NAKHON RATCHASIMA, TH",14.967,102.083,188.0,1970-01-31,0.0,20.4,27.8,15.3
TH000048431,"NAKHON RATCHASIMA, TH",14.967,102.083,188.0,1970-02-01,0.0,22.3,30.1,14.4
TH000048431,"NAKHON RATCHASIMA, TH",14.967,102.083,188.0,1970-02-02,0.0,24.6,32.8,15.1
TH000048431,"NAKHON RATCHASIMA, TH",14.967,102.083,188.0,1970-02-03,0.0,25.6,33.7,15.1
TH000048431,"NAKHON RATCHASIMA, TH",14.967,102.083,188.0,1970-02-04,,25.4,34.2,15.3
TH000048431,"NAKHON RATCHASIMA, TH",14.967,102.083,188.0,1970-02-05,,23.2,30.9,16.2
TH000048431,"NAKHON RATCHASIMA, TH",14.967,102.083,188.0,1970-02-06,,23.1,30.5,15.0
TH000048431,"NAKHON RATCHASIMA, TH",14.967,102.083,188.0,1970-02-07,,25.0,32.6,15.5
TH000048431,"NAKHON RATCHASIMA, TH",14.967,102.083,188.0,1970-02-08,,26.4,33.6,16.3
TH000048431,"NAKHON RATCHASIMA, TH",14.967,102.083,188.0,1970-02-09,,27.5,34.5,19.2
TH000048431,"NAKHON RATCHASIMA, TH",14.967,102.083,188.0,1970-02-10,,26.9,33.3,23.3
TH000048431,"NAKHON RATCHASIMA, TH",14.967,102.083,188.0,1970-02-11,,23.5,26.3,21.5
TH000048431,"NAKHON RATCHASIMA, TH",14.967,102.083,188.0,1970-02-12,,20.1,23.7,18.9
TH000048431,"NAKHON RATCHASIMA, TH",14.967,102.083,188.0,1970-02-13,,24.7,30.3,17.4
TH000048431,"NAKHON RATCHASIMA, TH",14.967,102.083,188.0,1970-02-14,,26.9,33.2,22.6
TH000048431,"NAKHON RATCHASIMA, TH",14.967,102.083,188.0,1970-02-15,,27.2,33.7,23.3
TH000048431,"NAKHON RATCHASIMA, TH",14.967,102.083,188.0,1970-02-16,,26.2,32.5,22.4
TH000048431,"NAKHON RATCHASIMA, TH",14.967,102.083,188.0,1970-02-17,0.0,25.7,33.5,20.6
TH000048431,"NAKHON RATCHASIMA, TH",14.967,102.083,188.0,1970-02-18,0.0,27.1,35.2,20.1
TH000048431,"NAKHON RATCHASIMA, TH",14.967,102.083,188.0,1970-02-19,0.0,28.1,37.5,19.7
TH000048431,"NAKHON RATCHASIMA, TH",14.967,102.083,188.0,1970-02-20,0.0,28.4,37.7,19.5
TH000048431,"NAKHON RATCHASIMA, TH",14.967,102.083,188.0,1970-02-21,0.0,28.4,37.7,19.8
TH000048431,"NAKHON RATCHASIMA, TH",14.967,102.083,188.0,1970-02-22,0.0,28.7,37.8,17.6
TH000048431,"NAKHON RATCHASIMA, TH",14.967,102.083,188.0,1970-02-23,0.0,28.4,37.5,18.5
TH000048431,"NAKHON RATCHASIMA, TH",14.967,102.083,188.0,1970-02-24,0.0,29.3,38.3,19.4
TH000048431,"NAKHON RATCHASIMA, TH",14.967,102.083,188.0,1970-02-25,0.0,29.0,38.8,21.8
TH000048431,"NAKHON RATCHASIMA, TH",14.967,102.083,188.0,1970-02-26,0.0,31.1,39.5,19.6
TH000048431,"NAKHON RATCHASIMA, TH",14.967,102.083,188.0,1970-02-27,0.0,31.6,40.6,22.1
TH000048431,"NAKHON RATCHASIMA, TH",14.967,102.083,188.0,1970-02-28,0.0,31.1,39.8,22.0
TH000048431,"NAKHON RATCHASIMA, TH",14.967,102.083,188.0,1970-03-01,0.0,30.3,38.5,22.2
TH000048431,"NAKHON RATCHASIMA, TH",14.967,102.083,188.0,1970-03-02,0.0,30.9,40.2,21.8
TH000048431,"NAKHON RATCHASIMA, TH",14.967,102.083,188.0,1970-03-03,0.0,30.8,39.6,22.8
TH000048431,"NAKHON RATCHASIMA, TH",14.967,102.083,188.0,1970-03-04,0.0,31.5,40.0,23.7
TH000048431,"NAKHON RATCHASIMA, TH",14.967,102.083,188.0,1970-03-05,0.0,30.3,36.6,24.2
TH000048431,"NAKHON RATCHASIMA, TH",14.967,102.083,188.0,1970-03-06,0.0,28.7,34.8,24.7
TH000048431,"NAKHON RATCHASIMA, TH",14.967,102.083,188.0,1970-03-07,0.0,29.4,37.9,22.9
TH000048431,"NAKHON RATCHASIMA, TH",14.967,102.083,188.0,1970-03-08,0.0,29.7,39.1,23.1
TH000048431,"NAKHON RATCHASIMA, TH",14.967,102.083,188.0,1970-03-09,0.0,30.7,38.7,23.9
TH000048431,"NAKHON RATCHASIMA, TH",14.967,102.083,188.0,1970-03-10,0.0,31.2,39.6,22.8
TH000048431,"NAKHON RATCHASIMA, TH",14.967,102.083,188.0,1970-03-11,0.0,29.8,38.3,24.4
TH000048431,"NAKHON RATCHASIMA, TH",14.967,102.083,188.0,1970-03-12,0.0,31.7,40.5,20.9
TH000048431,"NAKHON RATCHASIMA, TH",14.967,102.083,188.0,1970-03-13,0.0,31.3,40.5,21.5
TH000048431,"NAKHON RATCHASIMA, TH",14.967,102.083,188.0,1970-03-14,0.0,31.2,40.3,21.1
TH000048431,"NAKHON RATCHASIMA, TH",14.967,102.083,188.0,1970-03-15,0.0,30.9,39.7,21.9
TH000048431,"NAKHON RATCHASIMA, TH",14.967,102.083,188.0,1970-03-16,0.0,31.2,39.5,20.4
TH000048431,"NAKHON RATCHASIMA, TH",14.967,102.083,188.0,1970-03-17,0.0,31.8,40.5,21.6
TH000048431,"NAKHON RATCHASIMA, TH",14.967,102.083,188.0,1970-03-18,0.0,31.8,39.8,22.4
TH000048431,"NAKHON RATCHASIMA, TH",14.967,102.083,188.0,1970-03-19,0.5,29.6,37.4,25.5
TH000048431,"NAKHON RATCHASIMA, TH",14.967,102.083,188.0,1970-03-20,0.0,30.0,36.4,24.8
TH000048431,"NAKHON RATCHASIMA, TH",14.967,102.083,188.0,1970-03-21,3.3,29.2,37.9,24.2
TH000048431,"NAKHON RATCHASIMA, TH",14.967,102.083,188.0,1970-03-22,32.5,27.7,35.6,22.8
TH000048431,"NAKHON RATCHASIMA, TH",14.967,102.083,188.0,1970-03-23,0.0,25.4,28.1,22.9
TH000048431,"NAKHON RATCHASIMA, TH",14.967,102.083,188.0,1970-03-24,0.0,27.6,33.0,21.8
TH000048431,"NAKHON RATCHASIMA, TH",14.967,102.083,188.0,1970-03-25,0.0,28.4,33.7,22.9
TH000048431,"NAKHON RATCHASIMA, TH",14.967,102.083,188.0,1970-03-26,0.0,27.4,31.7,24.3
TH000048431,"NAKHON RATCHASIMA, TH",14.967,102.083,188.0,1970-03-27,0.0,29.1,36.5,21.8
TH000048431,"NAKHON RATCHASIMA, TH",14.967,102.083,188.0,1970-03-28,0.0,30.7,37.5,22.8
TH000048431,"NAKHON RATCHASIMA, TH",14.967,102.083,188.0,1970-03-29,0.0,31.2,38.3,24.7
TH000048431,"NAKHON RATCHASIMA, TH",14.967,102.083,188.0,1970-03-30,14.3,31.0,38.6,25.3
TH000048431,"NAKHON RATCHASIMA, TH",14.967,102.083,188.0,1970-03-31,0.0,28.5,37.2,23.4
TH000048431,"NAKHON RATCHASIMA, TH",14.967,102.083,188.0,1970-04-01,0.0,27.9,35.1,24.2
TH000048431,"NAKHON RATCHASIMA, TH",14.967,102.083,188.0,1970-04-02,0.0,28.8,36.5,24.9
TH000048431,"NAKHON RATCHASIMA, TH",14.967,102.083,188.0,1970-04-03,8.5,27.3,34.7,23.4
TH000048431,"NAKHON RATCHASIMA, TH",14.967,102.083,188.0,1970-04-04,0.5,26.9,30.9,22.6
TH000048431,"NAKHON RATCHASIMA, TH",14.967,102.083,188.0,1970-04-05,0.0,28.1,33.0,23.2
TH000048431,"NAKHON RATCHASIMA, TH",14.967,102.083,188.0,1970-04-06,1.2,27.2,34.7,23.5
TH000048431,"NAKHON RATCHASIMA, TH",14.967,102.083,188.0,1970-04-07,0.2,27.2,34.2,23.5
TH000048431,"NAKHON RATCHASIMA, TH",14.967,102.083,188.0,1970-04-08,2.5,28.3,35.4,23.0
TH000048431,"NAKHON RATCHASIMA, TH",14.967,102.083,188.0,1970-04-09,0.7,28.4,35.7,23.8
TH000048431,"NAKHON RATCHASIMA, TH",14.967,102.083,188.0,1970-04-10,0.0,30.1,37.4,23.5
TH000048431,"NAKHON RATCHASIMA, TH",14.967,102.083,188.0,1970-04-11,0.1,30.3,37.8,24.5
TH000048431,"NAKHON RATCHASIMA, TH",14.967,102.083,188.0,1970-04-12,15.5,29.0,38.1,25.1
TH000048431,"NAKHON RATCHASIMA, TH",14.967,102.083,188.0,1970-04-13,2.5,22.7,26.9,19.0
TH000048431,"NAKHON RATCHASIMA, TH",14.967,102.083,188.0,1970-04-14,0.0,25.3,30.3,19.1
TH000048431,"NAKHON RATCHASIMA, TH",14.967,102.083,188.0,1970-04-15,0.0,27.6,32.8,19.7
TH000048431,"NAKHON RATCHASIMA, TH",14.967,102.083,188.0,1970-04-16,0.0,30.2,36.9,20.7
TH000048431,"NAKHON RATCHASIMA, TH",14.967,102.083,188.0,1970-04-17,0.0,31.2,38.3,23.5
TH000048431,"NAKHON RATCHASIMA, TH",14.967,102.083,188.0,1970-04-18,0.0,31.6,38.9,23.6
TH000048431,"NAKHON RATCHASIMA, TH",14.967,102.083,188.0,1970-04-19,0.0,32.2,40.2,24.8
TH000048431,"NAKHON RATCHASIMA, TH",14.967,102.083,188.0,1970-04-20,0.0,32.7,40.1,26.1
TH000048431,"NAKHON RATCHASIMA, TH",14.967,102.083,188.0,1970-04-21,0.0,30.1,35.7,20.7
TH000048431,"NAKHON RATCHASIMA, TH",14.967,102.083,188.0,1970-04-22,14.4,29.1,38.1,21.0
TH000048431,"NAKHON RATCHASIMA, TH",14.967,102.083,188.0,1970-04-23,0.0,28.5,33.6,22.2
TH000048431,"NAKHON RATCHASIMA, TH",14.967,102.083,188.0,1970-04-24,0.0,29.5,36.0,23.7
TH000048431,"NAKHON RATCHASIMA, TH",14.967,102.083,188.0,1970-04-25,0.0,28.3,34.3,23.1
TH000048431,"NAKHON RATCHASIMA, TH",14.967,102.083,188.0,1970-04-26,0.0,27.1,32.1,24.1
TH000048431,"NAKHON RATCHASIMA, TH",14.967,102.083,188.0,1970-04-27,0.0,28.8,34.8,23.0
TH000048431,"NAKHON RATCHASIMA, TH",14.967,102.083,188.0,1970-04-28,0.0,27.1,34.5,24.3
TH000048431,"NAKHON RATCHASIMA, TH",14.967,102.083,188.0,1970-04-29,0.0,30.1,37.4,23.0
TH000048431,"NAKHON RATCHASIMA, TH",14.967,102.083,188.0,1970-04-30,0.0,30.6,38.7,25.1
TH000048431,"NAKHON RATCHASIMA, TH",14.967,102.083,188.0,1970-05-01,6.7,30.1,38.6,24.8
TH000048431,"NAKHON RATCHASIMA, TH",14.967,102.083,188.0,1970-05-02,0.0,30.4,38.1,24.9
TH000048431,"NAKHON RATCHASIMA, TH",14.967,102.083,188.0,1970-05-03,0.0,30.3,37.5,25.7
TH000048431,"NAKHON RATCHASIMA, TH",14.967,102.083,188.0,1970-05-04,1.1,29.2,37.4,24.5
TH000048431,"NAKHON RATCHASIMA, TH",14.967,102.083,188.0,1970-05-05,3.6,28.7,36.0,24.5
TH000048431,"NAKHON RATCHASIMA, TH",14.967,102.083,188.0,1970-05-06,1.0,30.4,35.5,23.9
TH000048431,"NAKHON RATCHASIMA, TH",14.967,102.083,188.0,1970-05-07,0.0,30.2,36.9,24.4
TH000048431,"NAKHON RATCHASIMA, TH",14.967,102.083,188.0,1970-05-08,5.7,29.9,38.9,24.7
TH000048431,"NAKHON RATCHASIMA, TH",14.967,102.083,188.0,1970-05-09,0.0,31.4,38.4,25.0
TH000048431,"NAKHON RATCHASIMA, TH",14.967,102.083,188.0,1970-05-10,0.0,30.7,38.5,24.8
TH000048431,"NAKHON RATCHASIMA, TH",14.967,102.083,188.0,1970-05-11,0.0,31.2,38.8,26.6
TH000048431,"NAKHON RATCHASIMA, TH",14.967,102.083,188.0,1970-05-12,0.0,32.4,41.4,27.2
TH000048431,"NAKHON RATCHASIMA, TH",14.967,102.083,188.0,1970-05-13,0.0,30.7,38.0,26.3
TH000048431,"NAKHON RATCHASIMA, TH",14.967,102.083,188.0,1970-05-14,27.2,28.5,37.6,25.1
TH000048431,"NAKHON RATCHASIMA, TH",14.967,102.083,188.0,1970-05-15,57.7,25.9,32.2,23.9
TH000048431,"NAKHON RATCHASIMA, TH",14.967,102.083,188.0,1970-05-16,8.0,27.1,30.0,22.5
TH000048431,"NAKHON RATCHASIMA, TH",14.967,102.083,188.0,1970-05-17,0.0,29.1,34.1,24.0
TH000048431,"NAKHON RATCHASIMA, TH",14.967,102.083,188.0,1970-05-18,1.5,28.4,33.3,25.1
TH000048431,"NAKHON RATCHASIMA, TH",14.967,102.083,188.0,1970-05-19,1.5,27.8,33.3,24.4
TH000048431,"NAKHON RATCHASIMA, TH",14.967,102.083,188.0,1970-05-20,5.0,26.8,33.1,24.0
TH000048431,"NAKHON RATCHASIMA, TH",14.967,102.083,188.0,1970-05-21,0.0,28.7,34.0,23.9
TH000048431,"NAKHON RATCHASIMA, TH",14.967,102.083,188.0,1970-05-22,1.7,28.0,35.3,25.0
TH000048431,"NAKHON RATCHASIMA, TH",14.967,102.083,188.0,1970-05-23,1.2,26.1,29.7,24.5
TH000048431,"NAKHON RATCHASIMA, TH",14.967,102.083,188.0,1970-05-24,0.0,28.8,34.3,23.0
TH000048431,"NAKHON RATCHASIMA, TH",14.967,102.083,188.0,1970-05-25,6.5,28.9,35.9,23.9
TH000048431,"NAKHON RATCHASIMA, TH",14.967,102.083,188.0,1970-05-26,0.0,30.1,35.6,23.5
TH000048431,"NAKHON RATCHASIMA, TH",14.967,102.083,188.0,1970-05-27,0.0,30.1,37.0,24.3
TH000048431,"NAKHON RATCHASIMA, TH",14.967,102.083,188.0,1970-05-28,41.5,28.3,37.0,24.5
TH000048431,"NAKHON RATCHASIMA, TH",14.967,102.083,188.0,1970-05-29,11.0,27.8,35.1,23.6
TH000048431,"NAKHON RATCHASIMA, TH",14.967,102.083,188.0,1970-05-30,6.0,28.7,34.5,23.8
TH000048431,"NAKHON RATCHASIMA, TH",14.967,102.083,188.0,1970-05-31,0.2,28.7,35.9,23.8
TH000048431,"NAKHON RATCHASIMA, TH",14.967,102.083,188.0,1970-06-01,0.0,28.1,32.6,24.3
TH000048431,"NAKHON RATCHASIMA, TH",14.967,102.083,188.0,1970-06-02,0.0,28.9,35.5,24.4
TH000048431,"NAKHON RATCHASIMA, TH",14.967,102.083,188.0,1970-06-03,31.8,27.8,35.1,25.5
TH000048431,"NAKHON RATCHASIMA, TH",14.967,102.083,188.0,1970-06-04,4.5,28.2,34.7,24.6
TH000048431,"NAKHON RATCHASIMA, TH",14.967,102.083,188.0,1970-06-05,1.8,28.3,34.0,24.3
TH000048431,"NAKHON RATCHASIMA, TH",14.967,102.083,188.0,1970-06-06,17.2,28.8,35.1,24.1
TH000048431,"NAKHON RATCHASIMA, TH",14.967,102.083,188.0,1970-06-07,7.8,28.1,34.1,24.3
TH000048431,"NAKHON RATCHASIMA, TH",14.967,102.083,188.0,1970-06-08,0.2,27.4,34.3,24.4
TH000048431,"NAKHON RATCHASIMA, TH",14.967,102.083,188.0,1970-06-09,0.7,28.3,33.7,23.8
TH000048431,"NAKHON RATCHASIMA, TH",14.967,102.083,188.0,1970-06-10,0.0,29.6,34.6,23.5
TH000048431,"NAKHON RATCHASIMA, TH",14.967,102.083,188.0,1970-06-11,0.0,29.8,35.1,24.7
TH000048431,"NAKHON RATCHASIMA, TH",14.967,102.083,188.0,1970-06-12,25.9,28.8,33.9,25.3
TH000048431,"NAKHON RATCHASIMA, TH",14.967,102.083,188.0,1970-06-13,0.0,27.5,31.7,23.5
TH000048431,"NAKHON RATCHASIMA, TH",14.967,102.083,188.0,1970-06-14,1.7,26.5,31.0,23.9
TH000048431,"NAKHON RATCHASIMA, TH",14.967,102.083,188.0,1970-06-15,0.0,27.9,32.6,22.9
TH000048431,"NAKHON RATCHASIMA, TH",14.967,102.083,188.0,1970-06-16,0.0,29.9,35.2,23.9
TH000048431,"NAKHON RATCHASIMA, TH",14.967,102.083,188.0,1970-06-17,0.0,29.6,35.3,25.7
TH000048431,"NAKHON RATCHASIMA, TH",14.967,102.083,188.0,1970-06-18,0.0,28.4,33.8,24.3
TH000048431,"NAKHON RATCHASIMA, TH",14.967,102.083,188.0,1970-06-19,1.8,28.9,33.3,24.5
TH000048431,"NAKHON RATCHASIMA, TH",14.967,102.083,188.0,1970-06-20,27.3,27.9,34.0,24.2
TH000048431,"NAKHON RATCHASIMA, TH",14.967,102.083,188.0,1970-06-21,0.2,28.2,33.5,23.0
TH000048431,"NAKHON RATCHASIMA, TH",14.967,102.083,188.0,1970-06-22,0.0,28.4,34.5,24.7
TH000048431,"NAKHON RATCHASIMA, TH",14.967,102.083,188.0,1970-06-23,1.1,26.3,32.3,24.1
TH000048431,"NAKHON RATCHASIMA, TH",14.967,102.083,188.0,1970-06-24,0.0,28.7,33.5,23.2
TH000048431,"NAKHON RATCHASIMA, TH",14.967,102.083,188.0,1970-06-25,0.0,29.4,34.9,24.6
TH000048431,"NAKHON RATCHASIMA, TH",14.967,102.083,188.0,1970-06-26,0.8,28.2,34.2,24.8
TH000048431,"NAKHON RATCHASIMA, TH",14.967,102.083,188.0,1970-06-27,0.1,28.1,32.1,23.1
TH000048431,"NAKHON RATCHASIMA, TH",14.967,102.083,188.0,1970-06-28,0.0,27.9,34.3,24.6
TH000048431,"NAKHON RATCHASIMA, TH",14.967,102.083,188.0,1970-06-29,0.5,27.8,33.9,23.3
TH000048431,"NAKHON RATCHASIMA, TH",14.967,102.083,188.0,1970-06-30,0.0,27.3,33.2,23.2
TH000048431,"NAKHON RATCHASIMA, TH",14.967,102.083,188.0,1970-07-01,0.0,28.9,35.2,23.2
TH000048431,"NAKHON RATCHASIMA, TH",14.967,102.083,188.0,1970-07-02,0.5,29.7,37.0,24.2
TH000048431,"NAKHON RATCHASIMA, TH",14.967,102.083,188.0,1970-07-03,1.0,29.6,36.4,23.5
TH000048431,"NAKHON RATCHASIMA, TH",14.967,102.083,188.0,1970-07-04,13.3,27.8,34.5,24.0
TH000048431,"NAKHON RATCHASIMA, TH",14.967,102.083,188.0,1970-07-05,11.9,28.0,33.4,23.9
TH000048431,"NAKHON RATCHASIMA, TH",14.967,102.083,188.0,1970-07-06,1.8,28.6,32.7,23.9
TH000048431,"NAKHON RATCHASIMA, TH",14.967,102.083,188.0,1970-07-07,0.0,29.3,33.9,24.1
TH000048431,"NAKHON RATCHASIMA, TH",14.967,102.083,188.0,1970-07-08,3.2,28.1,33.1,24.9
TH000048431,"NAKHON RATCHASIMA, TH",14.967,102.083,188.0,1970-07-09,20.1,27.7,32.6,22.5
TH000048431,"NAKHON RATCHASIMA, TH",14.967,102.083,188.0,1970-07-10,0.0,27.4,33.1,21.6
TH000048431,"NAKHON RATCHASIMA, TH",14.967,102.083,188.0,1970-07-11,9.0,27.8,33.8,24.0
TH000048431,"NAKHON RATCHASIMA, TH",14.967,102.083,188.0,1970-07-12,0.7,27.4,34.1,23.9
TH000048431,"NAKHON RATCHASIMA, TH",14.967,102.083,188.0,1970-07-13,0.0,28.8,34.6,22.8
TH000048431,"NAKHON RATCHASIMA, TH",14.967,102.083,188.0,1970-07-14,0.0,28.0,31.1,23.9
TH000048431,"NAKHON RATCHASIMA, TH",14.967,102.083,188.0,1970-07-15,0.0,28.1,32.6,24.2
TH000048431,"NAKHON RATCHASIMA, TH",14.967,102.083,188.0,1970-07-16,0.1,28.0,32.8,23.5
TH000048431,"NAKHON RATCHASIMA, TH",14.967,102.083,188.0,1970-07-17,12.7,26.8,30.9,24.0
TH000048431,"NAKHON RATCHASIMA, TH",14.967,102.083,188.0,1970-07-18,0.3,27.3,31.0,23.2
TH000048431,"NAKHON RATCHASIMA, TH",14.967,102.083,188.0,1970-07-19,6.2,28.0,34.0,24.4
TH000048431,"NAKHON RATCHASIMA, TH",14.967,102.083,188.0,1970-07-20,0.0,29.1,34.2,24.2
TH000048431,"NAKHON RATCHASIMA, TH",14.967,102.083,188.0,1970-07-21,0.0,27.6,33.7,23.8
TH000048431,"NAKHON RATCHASIMA, TH",14.967,102.083,188.0,1970-07-22,0.0,27.7,33.2,23.1
TH000048431,"NAKHON RATCHASIMA, TH",14.967,102.083,188.0,1970-07-23,0.0,28.6,34.9,23.2
TH000048431,"NAKHON RATCHASIMA, TH",14.967,102.083,188.0,1970-07-24,0.0,28.8,35.7,23.3
TH000048431,"NAKHON RATCHASIMA, TH",14.967,102.083,188.0,1970-07-25,0.1,28.7,35.8,23.6
TH000048431,"NAKHON RATCHASIMA, TH",14.967,102.083,188.0,1970-07-26,0.3,28.1,34.6,23.9
TH000048431,"NAKHON RATCHASIMA, TH",14.967,102.083,188.0,1970-07-27,0.0,28.2,34.7,23.8
TH000048431,"NAKHON RATCHASIMA, TH",14.967,102.083,188.0,1970-07-28,0.0,29.3,36.1,23.0
TH000048431,"NAKHON RATCHASIMA, TH",14.967,102.083,188.0,1970-07-29,5.4,29.3,37.4,23.9
TH000048431,"NAKHON RATCHASIMA, TH",14.967,102.083,188.0,1970-07-30,0.6,27.3,35.8,23.5
TH000048431,"NAKHON RATCHASIMA, TH",14.967,102.083,188.0,1970-07-31,5.5,26.8,33.7,24.0
TH000048431,"NAKHON RATCHASIMA, TH",14.967,102.083,188.0,1970-08-01,3.7,27.2,33.8,23.6
TH000048431,"NAKHON RATCHASIMA, TH",14.967,102.083,188.0,1970-08-02,11.3,26.3,32.1,23.7
TH000048431,"NAKHON RATCHASIMA, TH",14.967,102.083,188.0,1970-08-03,8.8,26.8,31.5,23.9
TH000048431,"NAKHON RATCHASIMA, TH",14.967,102.083,188.0,1970-08-04,0.0,28.1,33.3,23.1
TH000048431,"NAKHON RATCHASIMA, TH",14.967,102.083,188.0,1970-08-05,0.0,28.2,32.1,24.5
TH000048431,"NAKHON RATCHASIMA, TH",14.967,102.083,188.0,1970-08-06,5.9,26.3,32.4,23.9
TH000048431,"NAKHON RATCHASIMA, TH",14.967,102.083,188.0,1970-08-07,11.8,25.9,32.8,22.9
TH000048431,"NAKHON RATCHASIMA, TH",14.967,102.083,188.0,1970-08-08,0.0,27.1,31.0,22.4
TH000048431,"NAKHON RATCHASIMA, TH",14.967,102.083,188.0,1970-08-09,0.0,28.8,34.6,24.0
TH000048431,"NAKHON RATCHASIMA, TH",14.967,102.083,188.0,1970-08-10,0.0,28.1,33.8,23.9
TH000048431,"NAKHON RATCHASIMA, TH",14.967,102.083,188.0,1970-08-11,0.0,28.1,33.7,23.0
TH000048431,"NAKHON RATCHASIMA, TH",14.967,102.083,188.0,1970-08-12,0.0,29.0,35.5,23.4
TH000048431,"NAKHON RATCHASIMA, TH",14.967,102.083,188.0,1970-08-13,3.8,27.4,36.4,23.5
TH000048431,"NAKHON RATCHASIMA, TH",14.967,102.083,188.0,1970-08-14,9.3,27.1,35.4,22.8
TH000048431,"NAKHON RATCHASIMA, TH",14.967,102.083,188.0,1970-08-15,36.1,26.7,32.6,23.3
TH000048431,"NAKHON RATCHASIMA, TH",14.967,102.083,188.0,1970-08-16,5.2,26.7,31.6,22.7
TH000048431,"NAKHON RATCHASIMA, TH",14.967,102.083,188.0,1970-08-17,10.2,27.5,31.5,23.2
TH000048431,"NAKHON RATCHASIMA, TH",14.967,102.083,188.0,1970-08-18,16.3,25.2,27.5,23.1
TH000048431,"NAKHON RATCHASIMA, TH",14.967,102.083,188.0,1970-08-19,0.0,26.4,30.6,22.9
TH000048431,"NAKHON RATCHASIMA, TH",14.967,102.083,188.0,1970-08-20,0.1,26.9,31.5,22.9
TH000048431,"NAKHON RATCHASIMA, TH",14.967,102.083,188.0,1970-08-21,2.0,26.9,32.4,23.8
TH000048431,"NAKHON RATCHASIMA, TH",14.967,102.083,188.0,1970-08-22,0.0,28.1,33.3,23.7
TH000048431,"NAKHON RATCHASIMA, TH",14.967,102.083,188.0,1970-08-23,17.5,26.3,31.6,23.0
TH000048431,"NAKHON RATCHASIMA, TH",14.967,102.083,188.0,1970-08-24,3.9,26.4,31.0,22.8
TH000048431,"NAKHON RATCHASIMA, TH",14.967,102.083,188.0,1970-08-25,11.5,26.1,30.6,22.4
TH000048431,"NAKHON RATCHASIMA, TH",14.967,102.083,188.0,1970-08-26,0.3,25.3,26.8,22.3
TH000048431,"NAKHON RATCHASIMA, TH",14.967,102.083,188.0,1970-08-27,0.0,27.4,32.3,23.2
TH000048431,"NAKHON RATCHASIMA, TH",14.967,102.083,188.0,1970-08-28,0.0,27.4,31.8,23.4
TH000048431,"NAKHON RATCHASIMA, TH",14.967,102.083,188.0,1970-08-29,0.0,28.3,33.1,22.5
TH000048431,"NAKHON RATCHASIMA, TH",14.967,102.083,188.0,1970-08-30,0.0,28.7,34.4,23.7
TH000048431,"NAKHON RATCHASIMA, TH",14.967,102.083,188.0,1970-08-31,0.0,28.6,34.2,22.9
TH000048431,"NAKHON RATCHASIMA, TH",14.967,102.083,188.0,1970-09-01,3.2,28.4,33.2,23.8
TH000048431,"NAKHON RATCHASIMA, TH",14.967,102.083,188.0,1970-09-02,0.0,27.2,32.5,23.9
TH000048431,"NAKHON RATCHASIMA, TH",14.967,102.083,188.0,1970-09-03,0.0,28.4,34.5,24.5
TH000048431,"NAKHON RATCHASIMA, TH",14.967,102.083,188.0,1970-09-04,12.6,27.9,34.7,23.0
TH000048431,"NAKHON RATCHASIMA, TH",14.967,102.083,188.0,1970-09-05,0.1,27.3,34.0,23.1
TH000048431,"NAKHON RATCHASIMA, TH",14.967,102.083,188.0,1970-09-06,6.4,27.4,33.0,22.4
TH000048431,"NAKHON RATCHASIMA, TH",14.967,102.083,188.0,1970-09-07,0.0,28.2,33.2,24.3
TH000048431,"NAKHON RATCHASIMA, TH",14.967,102.083,188.0,1970-09-08,4.6,28.2,35.2,24.4
TH000048431,"NAKHON RATCHASIMA, TH",14.967,102.083,188.0,1970-09-09,0.6,28.5,33.5,24.0
TH000048431,"NAKHON RATCHASIMA, TH",14.967,102.083,188.0,1970-09-10,8.6,26.4,31.1,24.7
TH000048431,"NAKHON RATCHASIMA, TH",14.967,102.083,188.0,1970-09-11,12.1,25.0,31.5,22.7
TH000048431,"NAKHON RATCHASIMA, TH",14.967,102.083,188.0,1970-09-12,2.5,26.9,32.4,21.8
TH000048431,"NAKHON RATCHASIMA, TH",14.967,102.083,188.0,1970-09-13,0.0,27.9,33.2,23.0
TH000048431,"NAKHON RATCHASIMA, TH",14.967,102.083,188.0,1970-09-14,0.0,28.7,35.2,23.7
TH000048431,"NAKHON RATCHASIMA, TH",14.967,102.083,188.0,1970-09-15,2.1,28.6,35.5,23.5
TH000048431,"NAKHON RATCHASIMA, TH",14.967,102.083,188.0,1970-09-16,12.5,26.5,33.8,23.7
TH000048431,"NAKHON RATCHASIMA, TH",14.967,102.083,188.0,1970-09-17,0.0,27.7,32.6,22.3
TH000048431,"NAKHON RATCHASIMA, TH",14.967,102.083,188.0,1970-09-18,1.5,27.3,33.9,24.0
TH000048431,"NAKHON RATCHASIMA, TH",14.967,102.083,188.0,1970-09-19,46.6,25.8,33.3,22.8
TH000048431,"NAKHON RATCHASIMA, TH",14.967,102.083,188.0,1970-09-20,15.9,25.9,31.9,22.9
TH000048431,"NAKHON RATCHASIMA, TH",14.967,102.083,188.0,1970-09-21,4.9,25.2,32.8,23.2
TH000048431,"NAKHON RATCHASIMA, TH",14.967,102.083,188.0,1970-09-22,0.0,26.4,31.9,22.3
TH000048431,"NAKHON RATCHASIMA, TH",14.967,102.083,188.0,1970-09-23,0.0,27.4,33.8,22.7
TH000048431,"NAKHON RATCHASIMA, TH",14.967,102.083,188.0,1970-09-24,0.0,26.8,34.3,22.9
TH000048431,"NAKHON RATCHASIMA, TH",14.967,102.083,188.0,1970-09-25,0.0,27.1,32.5,22.3
TH000048431,"NAKHON RATCHASIMA, TH",14.967,102.083,188.0,1970-09-26,1.2,27.1,32.5,22.9
TH000048431,"NAKHON RATCHASIMA, TH",14.967,102.083,188.0,1970-09-27,0.0,27.1,30.6,23.9
TH000048431,"NAKHON RATCHASIMA, TH",14.967,102.083,188.0,1970-09-28,0.8,26.8,32.8,23.4
TH000048431,"NAKHON RATCHASIMA, TH",14.967,102.083,188.0,1970-09-29,94.8,25.4,32.5,22.7
TH000048431,"NAKHON RATCHASIMA, TH",14.967,102.083,188.0,1970-09-30,0.0,23.4,25.2,21.3
TH000048431,"NAKHON RATCHASIMA, TH",14.967,102.083,188.0,1970-10-01,1.3,23.2,28.3,20.8
TH000048431,"NAKHON RATCHASIMA, TH",14.967,102.083,188.0,1970-10-02,0.0,24.5,28.8,20.0
TH000048431,"NAKHON RATCHASIMA, TH",14.967,102.083,188.0,1970-10-03,0.0,24.3,29.2,21.6
TH000048431,"NAKHON RATCHASIMA, TH",14.967,102.083,188.0,1970-10-04,0.0,25.0,29.5,20.2
TH000048431,"NAKHON RATCHASIMA, TH",14.967,102.083,188.0,1970-10-05,0.0,26.2,31.7,20.8
TH000048431,"NAKHON RATCHASIMA, TH",14.967,102.083,188.0,1970-10-06,0.0,27.3,33.4,20.9
TH000048431,"NAKHON RATCHASIMA, TH",14.967,102.083,188.0,1970-10-07,0.0,27.7,34.5,23.3
TH000048431,"NAKHON RATCHASIMA, TH",14.967,102.083,188.0,1970-10-08,0.0,27.9,34.2,23.4
TH000048431,"NAKHON RATCHASIMA, TH",14.967,102.083,188.0,1970-10-09,0.0,27.9,32.7,23.6
TH000048431,"NAKHON RATCHASIMA, TH",14.967,102.083,188.0,1970-10-10,0.0,27.7,32.7,24.3
TH000048431,"NAKHON RATCHASIMA, TH",14.967,102.083,188.0,1970-10-11,0.5,26.3,32.0,23.4
TH000048431,"NAKHON RATCHASIMA, TH",14.967,102.083,188.0,1970-10-12,5.1,27.1,31.9,23.1
TH000048431,"NAKHON RATCHASIMA, TH",14.967,102.083,188.0,1970-10-13,0.6,25.8,31.1,23.4
TH000048431,"NAKHON RATCHASIMA, TH",14.967,102.083,188.0,1970-10-14,0.0,26.8,31.8,23.1
TH000048431,"NAKHON RATCHASIMA, TH",14.967,102.083,188.0,1970-10-15,0.0,27.9,33.1,22.5
TH000048431,"NAKHON RATCHASIMA, TH",14.967,102.083,188.0,1970-10-16,0.0,26.3,30.7,23.5
TH000048431,"NAKHON RATCHASIMA, TH",14.967,102.083,188.0,1970-10-17,6.9,27.0,33.9,22.9
TH000048431,"NAKHON RATCHASIMA, TH",14.967,102.083,188.0,1970-10-18,8.3,27.2,33.0,22.9
TH000048431,"NAKHON RATCHASIMA, TH",14.967,102.083,188.0,1970-10-19,0.0,25.8,31.4,23.9
TH000048431,"NAKHON RATCHASIMA, TH",14.967,102.083,188.0,1970-10-20,0.0,26.1,30.8,20.5
TH000048431,"NAKHON RATCHASIMA, TH",14.967,102.083,188.0,1970-10-21,0.0,26.4,30.9,23.0
TH000048431,"NAKHON RATCHASIMA, TH",14.967,102.083,188.0,1970-10-22,0.0,27.2,32.3,23.5
TH000048431,"NAKHON RATCHASIMA, TH",14.967,102.083,188.0,1970-10-23,0.0,26.1,32.6,23.4
TH000048431,"NAKHON RATCHASIMA, TH",14.967,102.083,188.0,1970-10-24,0.0,27.3,34.3,22.0
TH000048431,"NAKHON RATCHASIMA, TH",14.967,102.083,188.0,1970-10-25,39.4,28.1,35.0,22.6
TH000048431,"NAKHON RATCHASIMA, TH",14.967,102.083,188.0,1970-10-26,12.2,23.8,28.9,22.1
TH000048431,"NAKHON RATCHASIMA, TH",14.967,102.083,188.0,1970-10-27,7.1,24.5,28.8,22.5
TH000048431,"NAKHON RATCHASIMA, TH",14.967,102.083,188.0,1970-10-28,0.0,24.0,28.4,20.6
TH000048431,"NAKHON RATCHASIMA, TH",14.967,102.083,188.0,1970-10-29,5.2,22.1,26.3,20.6
TH000048431,"NAKHON RATCHASIMA, TH",14.967,102.083,188.0,1970-10-30,2.5,19.8,21.1,17.5
TH000048431,"NAKHON RATCHASIMA, TH",14.967,102.083,188.0,1970-10-31,0.1,21.8,24.8,19.0
TH000048431,"NAKHON RATCHASIMA, TH",14.967,102.083,188.0,1970-11-01,0.0,22.3,27.8,19.9
TH000048431,"NAKHON RATCHASIMA, TH",14.967,102.083,188.0,1970-11-02,0.0,22.3,27.6,18.7
TH000048431,"NAKHON RATCHASIMA, TH",14.967,102.083,188.0,1970-11-03,0.0,22.4,28.0,18.0
TH000048431,"NAKHON RATCHASIMA, TH",14.967,102.083,188.0,1970-11-04,0.0,23.1,28.8,16.6
TH000048431,"NAKHON RATCHASIMA, TH",14.967,102.083,188.0,1970-11-05,0.0,23.0,28.6,15.9
TH000048431,"NAKHON RATCHASIMA, TH",14.967,102.083,188.0,1970-11-06,0.0,22.2,28.3,15.2
TH000048431,"NAKHON RATCHASIMA, TH",14.967,102.083,188.0,1970-11-07,0.0,23.8,29.0,13.4
TH000048431,"NAKHON RATCHASIMA, TH",14.967,102.083,188.0,1970-11-08,0.0,23.7,28.1,20.6
TH000048431,"NAKHON RATCHASIMA, TH",14.967,102.083,188.0,1970-11-09,0.0,24.6,29.4,19.7
TH000048431,"NAKHON RATCHASIMA, TH",14.967,102.083,188.0,1970-11-10,0.0,24.7,29.4,19.7
TH000048431,"NAKHON RATCHASIMA, TH",14.967,102.083,188.0,1970-11-11,0.0,24.5,28.8,19.8
TH000048431,"NAKHON RATCHASIMA, TH",14.967,102.083,188.0,1970-11-12,0.0,25.6,30.8,21.3
TH000048431,"NAKHON RATCHASIMA, TH",14.967,102.083,188.0,1970-11-13,0.0,26.4,33.1,20.2
TH000048431,"NAKHON RATCHASIMA, TH",14.967,102.083,188.0,1970-11-14,0.0,26.8,33.2,20.0
TH000048431,"NAKHON RATCHASIMA, TH",14.967,102.083,188.0,1970-11-15,0.0,25.7,31.8,20.3
TH000048431,"NAKHON RATCHASIMA, TH",14.967,102.083,188.0,1970-11-16,0.0,22.7,28.1,18.5
TH000048431,"NAKHON RATCHASIMA, TH",14.967,102.083,188.0,1970-11-17,0.0,22.9,28.1,16.9
TH000048431,"NAKHON RATCHASIMA, TH",14.967,102.083,188.0,1970-11-18,0.0,23.6,28.3,20.0
TH000048431,"NAKHON RATCHASIMA, TH",14.967,102.083,188.0,1970-11-19,0.0,24.9,30.4,19.9
TH000048431,"NAKHON RATCHASIMA, TH",14.967,102.083,188.0,1970-11-20,0.0,25.1,30.9,20.0
TH000048431,"NAKHON RATCHASIMA, TH",14.967,102.083,188.0,1970-11-21,0.0,24.9,30.8,19.9
TH000048431,"NAKHON RATCHASIMA, TH",14.967,102.083,188.0,1970-11-22,0.0,24.9,29.0,18.8
TH000048431,"NAKHON RATCHASIMA, TH",14.967,102.083,188.0,1970-11-23,0.0,23.6,29.0,21.3
TH000048431,"NAKHON RATCHASIMA, TH",14.967,102.083,188.0,1970-11-24,0.0,25.2,30.6,18.1
TH000048431,"NAKHON RATCHASIMA, TH",14.967,102.083,188.0,1970-11-25,0.0,25.5,31.5,20.2
TH000048431,"NAKHON RATCHASIMA, TH",14.967,102.083,188.0,1970-11-26,0.0,26.7,32.8,19.8
TH000048431,"NAKHON RATCHASIMA, TH",14.967,102.083,188.0,1970-11-27,0.0,26.8,31.7,21.7
TH000048431,"NAKHON RATCHASIMA, TH",14.967,102.083,188.0,1970-11-28,0.1,26.1,29.7,22.5
TH000048431,"NAKHON RATCHASIMA, TH",14.967,102.083,188.0,1970-11-29,0.4,23.3,26.6,22.5
TH000048431,"NAKHON RATCHASIMA, TH",14.967,102.083,188.0,1970-11-30,2.2,22.9,27.9,19.2
TH000048431,"NAKHON RATCHASIMA, TH",14.967,102.083,188.0,1970-12-01,4.3,22.8,27.5,18.6
TH000048431,"NAKHON RATCHASIMA, TH",14.967,102.083,188.0,1970-12-02,0.9,24.1,29.1,21.0
TH000048431,"NAKHON RATCHASIMA, TH",14.967,102.083,188.0,1970-12-03,20.6,25.3,30.5,22.5
TH000048431,"NAKHON RATCHASIMA, TH",14.967,102.083,188.0,1970-12-04,4.7,24.4,28.5,21.0
TH000048431,"NAKHON RATCHASIMA, TH",14.967,102.083,188.0,1970-12-05,2.1,21.8,23.4,20.4
TH000048431,"NAKHON RATCHASIMA, TH",14.967,102.083,188.0,1970-12-06,0.0,24.7,29.4,20.3
TH000048431,"NAKHON RATCHASIMA, TH",14.967,102.083,188.0,1970-12-07,0.0,24.9,31.0,22.0
TH000048431,"NAKHON RATCHASIMA, TH",14.967,102.083,188.0,1970-12-08,0.0,25.2,30.3,20.7
TH000048431,"NAKHON RATCHASIMA, TH",14.967,102.083,188.0,1970-12-09,0.0,24.7,29.5,21.2
TH000048431,"NAKHON RATCHASIMA, TH",14.967,102.083,188.0,1970-12-10,0.0,24.5,29.4,20.9
TH000048431,"NAKHON RATCHASIMA, TH",14.967,102.083,188.0,1970-12-11,0.0,25.4,32.2,21.3
TH000048431,"NAKHON RATCHASIMA, TH",14.967,102.083,188.0,1970-12-12,0.0,27.1,33.5,20.1
TH000048431,"NAKHON RATCHASIMA, TH",14.967,102.083,188.0,1970-12-13,0.7,25.6,31.5,23.3
TH000048431,"NAKHON RATCHASIMA, TH",14.967,102.083,188.0,1970-12-14,0.2,23.3,27.8,21.4
TH000048431,"NAKHON RATCHASIMA, TH",14.967,102.083,188.0,1970-12-15,0.0,23.4,30.1,19.3
TH000048431,"NAKHON RATCHASIMA, TH",14.967,102.083,188.0,1970-12-16,0.0,24.3,31.4,17.5
TH000048431,"NAKHON RATCHASIMA, TH",14.967,102.083,188.0,1970-12-17,0.0,24.8,32.5,15.8
TH000048431,"NAKHON RATCHASIMA, TH",14.967,102.083,188.0,1970-12-18,0.0,23.8,32.1,14.9
TH000048431,"NAKHON RATCHASIMA, TH",14.967,102.083,188.0,1970-12-19,0.0,24.6,31.6,15.6
TH000048431,"NAKHON RATCHASIMA, TH",14.967,102.083,188.0,1970-12-20,0.0,22.3,30.5,16.2
TH000048431,"NAKHON RATCHASIMA, TH",14.967,102.083,188.0,1970-12-21,0.0,25.3,31.7,13.3
TH000048431,"NAKHON RATCHASIMA, TH",14.967,102.083,188.0,1970-12-22,0.0,25.9,32.4,22.3
TH000048431,"NAKHON RATCHASIMA, TH",14.967,102.083,188.0,1970-12-23,0.0,26.4,32.6,20.3
TH000048431,"NAKHON RATCHASIMA, TH",14.967,102.083,188.0,1970-12-24,0.2,26.2,31.0,22.3
TH000048431,"NAKHON RATCHASIMA, TH",14.967,102.083,188.0,1970-12-25,0.1,26.8,33.4,20.8
TH000048431,"NAKHON RATCHASIMA, TH",14.967,102.083,188.0,1970-12-26,0.0,23.5,30.5,19.0
TH000048431,"NAKHON RATCHASIMA, TH",14.967,102.083,188.0,1970-12-27,0.0,23.2,30.6,17.7
TH000048431,"NAKHON RATCHASIMA, TH",14.967,102.083,188.0,1970-12-28,0.0,23.4,29.9,17.3
TH000048431,"NAKHON RATCHASIMA, TH",14.967,102.083,188.0,1970-12-29,0.0,23.3,30.3,17.7
TH000048431,"NAKHON RATCHASIMA, TH",14.967,102.083,188.0,1970-12-30,0.0,22.5,29.9,15.3
TH000048431,"NAKHON RATCHASIMA, TH",14.967,102.083,188.0,1970-12-31,0.0,23.2,28.4,16.0
TH000048431,"NAKHON RATCHASIMA, TH",14.967,102.083,188.0,1971-01-01,0.0,20.9,27.8,15.5
TH000048431,"NAKHON RATCHASIMA, TH",14.967,102.083,188.0,1971-01-02,0.0,20.1,27.1,15.0
TH000048431,"NAKHON RATCHASIMA, TH",14.967,102.083,188.0,1971-01-03,0.0,18.8,25.7,13.8
TH000048431,"NAKHON RATCHASIMA, TH",14.967,102.083,188.0,1971-01-04,0.0,18.2,24.4,11.9
TH000048431,"NAKHON RATCHASIMA, TH",14.967,102.083,188.0,1971-01-05,0.0,19.1,25.2,11.2
TH000048431,"NAKHON RATCHASIMA, TH",14.967,102.083,188.0,1971-01-06,0.0,18.6,26.3,10.3
TH000048431,"NAKHON RATCHASIMA, TH",14.967,102.083,188.0,1971-01-07,0.0,21.5,28.4,10.9
TH000048431,"NAKHON RATCHASIMA, TH",14.967,102.083,188.0,1971-01-08,0.0,19.3,25.3,14.5
TH000048431,"NAKHON RATCHASIMA, TH",14.967,102.083,188.0,1971-01-09,0.0,19.7,24.9,11.2
TH000048431,"NAKHON RATCHASIMA, TH",14.967,102.083,188.0,1971-01-10,0.0,19.4,26.9,10.8
TH000048431,"NAKHON RATCHASIMA, TH",14.967,102.083,188.0,1971-01-11,0.0,19.2,28.4,10.4
TH000048431,"NAKHON RATCHASIMA, TH",14.967,102.083,188.0,1971-01-12,0.0,21.3,28.7,11.9
TH000048431,"NAKHON RATCHASIMA, TH",14.967,102.083,188.0,1971-01-13,0.0,23.8,31.6,13.4
TH000048431,"NAKHON RATCHASIMA, TH",14.967,102.083,188.0,1971-01-14,0.0,25.1,32.5,14.8
TH000048431,"NAKHON RATCHASIMA, TH",14.967,102.083,188.0,1971-01-15,0.0,24.4,33.1,15.1
TH000048431,"NAKHON RATCHASIMA, TH",14.967,102.083,188.0,1971-01-16,0.0,25.5,33.5,15.9
TH000048431,"NAKHON RATCHASIMA, TH",14.967,102.083,188.0,1971-01-17,0.0,24.9,33.6,16.3
TH000048431,"NAKHON RATCHASIMA, TH",14.967,102.083,188.0,1971-01-18,0.0,24.0,32.9,16.8
TH000048431,"NAKHON RATCHASIMA, TH",14.967,102.083,188.0,1971-01-19,0.0,25.9,33.6,16.8
TH000048431,"NAKHON RATCHASIMA, TH",14.967,102.083,188.0,1971-01-20,0.0,24.9,35.0,16.3
TH000048431,"NAKHON RATCHASIMA, TH",14.967,102.083,188.0,1971-01-21,0.0,26.4,33.6,16.7
TH000048431,"NAKHON RATCHASIMA, TH",14.967,102.083,188.0,1971-01-22,0.0,25.0,31.7,17.2
TH000048431,"NAKHON RATCHASIMA, TH",14.967,102.083,188.0,1971-01-23,0.0,24.3,32.1,16.5
TH000048431,"NAKHON RATCHASIMA, TH",14.967,102.083,188.0,1971-01-24,0.0,25.4,33.4,16.3
TH000048431,"NAKHON RATCHASIMA, TH",14.967,102.083,188.0,1971-01-25,0.0,25.8,33.8,17.6
TH000048431,"NAKHON RATCHASIMA, TH",14.967,102.083,188.0,1971-01-26,0.0,23.3,30.5,18.3
TH000048431,"NAKHON RATCHASIMA, TH",14.967,102.083,188.0,1971-01-27,0.0,24.6,32.4,18.1
TH000048431,"NAKHON RATCHASIMA, TH",14.967,102.083,188.0,1971-01-28,0.0,26.8,35.4,18.5
TH000048431,"NAKHON RATCHASIMA, TH",14.967,102.083,188.0,1971-01-29,1.7,27.1,35.3,19.2
TH000048431,"NAKHON RATCHASIMA, TH",14.967,102.083,188.0,1971-01-30,0.0,21.7,28.0,18.9
TH000048431,"NAKHON RATCHASIMA, TH",14.967,102.083,188.0,1971-01-31,0.0,21.5,27.7,16.1
TH000048431,"NAKHON RATCHASIMA, TH",14.967,102.083,188.0,1971-02-01,0.0,,31.0,16.2
TH000048431,"NAKHON RATCHASIMA, TH",14.967,102.083,188.0,1971-02-02,0.0,25.7,34.6,16.3
TH000048431,"NAKHON RATCHASIMA, TH",14.967,102.083,188.0,1971-02-03,0.0,21.7,28.2,17.5
TH000048431,"NAKHON RATCHASIMA, TH",14.967,102.083,188.0,1971-02-04,0.0,21.4,27.7,15.5
TH000048431,"NAKHON RATCHASIMA, TH",14.967,102.083,188.0,1971-02-05,0.0,23.1,29.0,16.1
TH000048431,"NAKHON RATCHASIMA, TH",14.967,102.083,188.0,1971-02-06,0.0,23.1,30.9,13.9
TH000048431,"NAKHON RATCHASIMA, TH",14.967,102.083,188.0,1971-02-07,0.0,21.3,28.3,13.9
TH000048431,"NAKHON RATCHASIMA, TH",14.967,102.083,188.0,1971-02-08,0.0,21.9,28.9,14.8
TH000048431,"NAKHON RATCHASIMA, TH",14.967,102.083,188.0,1971-02-09,0.0,22.6,29.5,15.9
TH000048431,"NAKHON RATCHASIMA, TH",14.967,102.083,188.0,1971-02-10,0.0,24.2,32.0,14.9
TH000048431,"NAKHON RATCHASIMA, TH",14.967,102.083,188.0,1971-02-11,0.0,25.7,34.0,15.0
TH000048431,"NAKHON RATCHASIMA, TH",14.967,102.083,188.0,1971-02-12,0.0,25.3,34.9,15.8
TH000048431,"NAKHON RATCHASIMA, TH",14.967,102.083,188.0,1971-02-13,0.0,27.8,35.0,16.4
TH000048431,"NAKHON RATCHASIMA, TH",14.967,102.083,188.0,1971-02-14,0.0,27.1,35.3,18.6
TH000048431,"NAKHON RATCHASIMA, TH",14.967,102.083,188.0,1971-02-15,0.0,25.0,32.8,19.1
TH000048431,"NAKHON RATCHASIMA, TH",14.967,102.083,188.0,1971-02-16,0.0,23.1,30.2,17.6
TH000048431,"NAKHON RATCHASIMA, TH",14.967,102.083,188.0,1971-02-17,0.0,24.4,31.3,16.5
TH000048431,"NAKHON RATCHASIMA, TH",14.967,102.083,188.0,1971-02-18,0.0,25.4,33.5,16.7
TH000048431,"NAKHON RATCHASIMA, TH",14.967,102.083,188.0,1971-02-19,0.0,27.9,36.0,17.5
TH000048431,"NAKHON RATCHASIMA, TH",14.967,102.083,188.0,1971-02-20,0.0,28.6,36.4,20.2
TH000048431,"NAKHON RATCHASIMA, TH",14.967,102.083,188.0,1971-02-21,0.0,29.6,34.9,24.0
TH000048431,"NAKHON RATCHASIMA, TH",14.967,102.083,188.0,1971-02-22,0.0,,34.3,21.8
TH000048431,"NAKHON RATCHASIMA, TH",14.967,102.083,188.0,1971-02-23,4.0,,37.2,22.9
TH000048431,"NAKHON RATCHASIMA, TH",14.967,102.083,188.0,1971-02-24,0.0,26.7,33.6,22.0
TH000048431,"NAKHON RATCHASIMA, TH",14.967,102.083,188.0,1971-02-25,3.4,26.6,35.3,22.1
TH000048431,"NAKHON RATCHASIMA, TH",14.967,102.083,188.0,1971-02-26,2.4,,34.0,22.1
TH000048431,"NAKHON RATCHASIMA, TH",14.967,102.083,188.0,1971-02-27,0.0,27.1,34.6,22.0
TH000048431,"NAKHON RATCHASIMA, TH",14.967,102.083,188.0,1971-02-28,0.0,28.4,35.8,21.5
TH000048431,"NAKHON RATCHASIMA, TH",14.967,102.083,188.0,1971-03-01,0.0,33.3,37.7,22.5
TH000048431,"NAKHON RATCHASIMA, TH",14.967,102.083,188.0,1971-03-02,0.0,30.1,37.8,21.9
TH000048431,"NAKHON RATCHASIMA, TH",14.967,102.083,188.0,1971-03-03,0.0,30.1,38.3,22.1
TH000048431,"NAKHON RATCHASIMA, TH",14.967,102.083,188.0,1971-03-04,0.0,28.9,36.9,22.6
TH000048431,"NAKHON RATCHASIMA, TH",14.967,102.083,188.0,1971-03-05,0.0,,37.5,21.7
TH000048431,"NAKHON RATCHASIMA, TH",14.967,102.083,188.0,1971-03-06,0.0,27.9,37.6,22.8
TH000048431,"NAKHON RATCHASIMA, TH",14.967,102.083,188.0,1971-03-07,23.1,29.7,36.4,22.4
TH000048431,"NAKHON RATCHASIMA, TH",14.967,102.083,188.0,1971-03-08,0.0,28.0,33.7,22.4
TH000048431,"NAKHON RATCHASIMA, TH",14.967,102.083,188.0,1971-03-09,0.0,27.7,32.7,21.2
TH000048431,"NAKHON RATCHASIMA, TH",14.967,102.083,188.0,1971-03-10,0.0,28.6,33.5,20.2
TH000048431,"NAKHON RATCHASIMA, TH",14.967,102.083,188.0,1971-03-11,0.0,28.8,33.5,21.8
TH000048431,"NAKHON RATCHASIMA, TH",14.967,102.083,188.0,1971-03-12,0.0,,33.1,20.8
TH000048431,"NAKHON RATCHASIMA, TH",14.967,102.083,188.0,1971-03-13,0.0,25.4,31.9,19.0
TH000048431,"NAKHON RATCHASIMA, TH",14.967,102.083,188.0,1971-03-14,0.0,23.6,29.5,18.8
TH000048431,"NAKHON RATCHASIMA, TH",14.967,102.083,188.0,1971-03-15,0.0,23.4,29.5,16.8
TH000048431,"NAKHON RATCHASIMA, TH",14.967,102.083,188.0,1971-03-16,0.0,25.1,31.5,17.7
TH000048431,"NAKHON RATCHASIMA, TH",14.967,102.083,188.0,1971-03-17,0.0,26.7,33.8,18.0
TH000048431,"NAKHON RATCHASIMA, TH",14.967,102.083,188.0,1971-03-18,0.0,29.2,35.5,18.8
TH000048431,"NAKHON RATCHASIMA, TH",14.967,102.083,188.0,1971-03-19,0.2,,29.3,23.0
TH000048431,"NAKHON RATCHASIMA, TH",14.967,102.083,188.0,1971-03-20,0.0,,33.6,21.5
TH000048431,"NAKHON RATCHASIMA, TH",14.967,102.083,188.0,1971-03-21,0.0,28.8,37.3,21.1
TH000048431,"NAKHON RATCHASIMA, TH",14.967,102.083,188.0,1971-03-22,0.3,29.0,38.3,22.7
TH000048431,"NAKHON RATCHASIMA, TH",14.967,102.083,188.0,1971-03-23,26.6,24.7,27.8,22.6
TH000048431,"NAKHON RATCHASIMA, TH",14.967,102.083,188.0,1971-03-24,0.0,26.1,32.6,21.0
TH000048431,"NAKHON RATCHASIMA, TH",14.967,102.083,188.0,1971-03-25,0.0,25.1,31.0,19.7
TH000048431,"NAKHON RATCHASIMA, TH",14.967,102.083,188.0,1971-03-26,0.0,28.2,34.7,20.2
TH000048431,"NAKHON RATCHASIMA, TH",14.967,102.083,188.0,1971-03-27,0.0,28.2,34.0,22.4
TH000048431,"NAKHON RATCHASIMA, TH",14.967,102.083,188.0,1971-03-28,0.0,29.5,37.2,23.5
TH000048431,"NAKHON RATCHASIMA, TH",14.967,102.083,188.0,1971-03-29,0.0,30.1,36.8,23.1
TH000048431,"NAKHON RATCHASIMA, TH",14.967,102.083,188.0,1971-03-30,0.0,30.2,38.7,24.4
TH000048431,"NAKHON RATCHASIMA, TH",14.967,102.083,188.0,1971-03-31,0.0,30.1,38.7,24.1
TH000048431,"NAKHON RATCHASIMA, TH",14.967,102.083,188.0,1971-04-01,0.0,,39.1,23.7
TH000048431,"NAKHON RATCHASIMA, TH",14.967,102.083,188.0,1971-04-02,0.0,,38.8,22.9
TH000048431,"NAKHON RATCHASIMA, TH",14.967,102.083,188.0,1971-04-03,0.0,,39.2,23.0
TH000048431,"NAKHON RATCHASIMA, TH",14.967,102.083,188.0,1971-04-04,0.0,,39.9,22.4
TH000048431,"NAKHON RATCHASIMA, TH",14.967,102.083,188.0,1971-04-05,0.0,,39.3,24.2
TH000048431,"NAKHON RATCHASIMA, TH",14.967,102.083,188.0,1971-04-06,1.2,,38.8,23.5
TH000048431,"NAKHON RATCHASIMA, TH",14.967,102.083,188.0,1971-04-07,10.7,,38.9,22.3
TH000048431,"NAKHON RATCHASIMA, TH",14.967,102.083,188.0,1971-04-08,0.0,,38.8,21.9
TH000048431,"NAKHON RATCHASIMA, TH",14.967,102.083,188.0,1971-04-09,14.8,,37.3,22.8
TH000048431,"NAKHON RATCHASIMA, TH",14.967,102.083,188.0,1971-04-10,0.0,,33.0,21.9
TH000048431,"NAKHON RATCHASIMA, TH",14.967,102.083,188.0,1971-04-11,1.8,,33.4,23.3
TH000048431,"NAKHON RATCHASIMA, TH",14.967,102.083,188.0,1971-04-12,0.0,,34.4,22.6
TH000048431,"NAKHON RATCHASIMA, TH",14.967,102.083,188.0,1971-04-13,0.0,,35.3,22.1
TH000048431,"NAKHON RATCHASIMA, TH",14.967,102.083,188.0,1971-04-14,0.0,,35.6,21.8
TH000048431,"NAKHON RATCHASIMA, TH",14.967,102.083,188.0,1971-04-15,2.9,,36.6,23.4
TH000048431,"NAKHON RATCHASIMA, TH",14.967,102.083,188.0,1971-04-16,0.0,,36.7,22.6
TH000048431,"NAKHON RATCHASIMA, TH",14.967,102.083,188.0,1971-04-17,0.0,,37.8,23.0
TH000048431,"NAKHON RATCHASIMA, TH",14.967,102.083,188.0,1971-04-18,0.0,,36.3,23.6
TH000048431,"NAKHON RATCHASIMA, TH",14.967,102.083,188.0,1971-04-19,0.0,,34.8,24.8
TH000048431,"NAKHON RATCHASIMA, TH",14.967,102.083,188.0,1971-04-20,0.0,,36.6,24.4
TH000048431,"NAKHON RATCHASIMA, TH",14.967,102.083,188.0,1971-04-21,0.0,,37.0,23.7
TH000048431,"NAKHON RATCHASIMA, TH",14.967,102.083,188.0,1971-04-22,0.0,,38.4,23.1
TH000048431,"NAKHON RATCHASIMA, TH",14.967,102.083,188.0,1971-04-23,0.0,,38.8,24.3
TH000048431,"NAKHON RATCHASIMA, TH",14.967,102.083,188.0,1971-04-24,0.0,,38.4,24.3
TH000048431,"NAKHON RATCHASIMA, TH",14.967,102.083,188.0,1971-04-25,2.1,,39.2,24.3
TH000048431,"NAKHON RATCHASIMA, TH",14.967,102.083,188.0,1971-04-26,0.0,,36.3,24.2
TH000048431,"NAKHON RATCHASIMA, TH",14.967,102.083,188.0,1971-04-27,54.3,,37.2,23.0
TH000048431,"NAKHON RATCHASIMA, TH",14.967,102.083,188.0,1971-04-28,0.0,,31.4,22.1
TH000048431,"NAKHON RATCHASIMA, TH",14.967,102.083,188.0,1971-04-29,0.0,,36.3,23.5
TH000048431,"NAKHON RATCHASIMA, TH",14.967,102.083,188.0,1971-04-30,0.0,,32.5,24.7
TH000048431,"NAKHON RATCHASIMA, TH",14.967,102.083,188.0,1971-05-01,0.0,,35.6,23.5
TH000048431,"NAKHON RATCHASIMA, TH",14.967,102.083,188.0,1971-05-02,0.0,,36.0,24.1
TH000048431,"NAKHON RATCHASIMA, TH",14.967,102.083,188.0,1971-05-03,0.0,,36.4,24.3
TH000048431,"NAKHON RATCHASIMA, TH",14.967,102.083,188.0,1971-05-04,2.1,,34.6,24.3
TH000048431,"NAKHON RATCHASIMA, TH",14.967,102.083,188.0,1971-05-05,1.0,,34.1,23.9
TH000048431,"NAKHON RATCHASIMA, TH",14.967,102.083,188.0,1971-05-06,0.0,,27.7,23.8
TH000048431,"NAKHON RATCHASIMA, TH",14.967,102.083,188.0,1971-05-07,0.0,,32.2,22.1
TH000048431,"NAKHON RATCHASIMA, TH",14.967,102.083,188.0,1971-05-08,0.0,,35.3,24.0
TH000048431,"NAKHON RATCHASIMA, TH",14.967,102.083,188.0,1971-05-09,0.0,,36.6,23.7
TH000048431,"NAKHON RATCHASIMA, TH",14.967,102.083,188.0,1971-05-10,0.0,,38.0,24.2
TH000048431,"NAKHON RATCHASIMA, TH",14.967,102.083,188.0,1971-05-11,12.8,,37.6,24.3
TH000048431,"NAKHON RATCHASIMA, TH",14.967,102.083,188.0,1971-05-12,0.0,,37.2,24.4
TH000048431,"NAKHON RATCHASIMA, TH",14.967,102.083,188.0,1971-05-13,9.3,,34.9,23.8
TH000048431,"NAKHON RATCHASIMA, TH",14.967,102.083,188.0,1971-05-14,0.0,,34.9,22.5
TH000048431,"NAKHON RATCHASIMA, TH",14.967,102.083,188.0,1971-05-15,0.0,,34.7,24.4
TH000048431,"NAKHON RATCHASIMA, TH",14.967,102.083,188.0,1971-05-16,1.9,,36.0,23.9
TH000048431,"NAKHON RATCHASIMA, TH",14.967,102.083,188.0,1971-05-17,5.7,,35.6,23.2
TH000048431,"NAKHON RATCHASIMA, TH",14.967,102.083,188.0,1971-05-18,1.7,,35.4,24.1
TH000048431,"NAKHON RATCHASIMA, TH",14.967,102.083,188.0,1971-05-19,4.6,,34.3,23.5
TH000048431,"NAKHON RATCHASIMA, TH",14.967,102.083,188.0,1971-05-20,33.9,,29.8,23.9
TH000048431,"NAKHON RATCHASIMA, TH",14.967,102.083,188.0,1971-05-21,0.9,,32.1,23.4
TH000048431,"NAKHON RATCHASIMA, TH",14.967,102.083,188.0,1971-05-22,0.2,,33.0,23.6
TH000048431,"NAKHON RATCHASIMA, TH",14.967,102.083,188.0,1971-05-23,0.0,,34.0,23.7
TH000048431,"NAKHON RATCHASIMA, TH",14.967,102.083,188.0,1971-05-24,3.9,,33.7,24.1
TH000048431,"NAKHON RATCHASIMA, TH",14.967,102.083,188.0,1971-05-25,0.1,,33.4,23.9
TH000048431,"NAKHON RATCHASIMA, TH",14.967,102.083,188.0,1971-05-26,12.4,,33.2,23.0
TH000048431,"NAKHON RATCHASIMA, TH",14.967,102.083,188.0,1971-05-27,16.2,,33.0,22.9
TH000048431,"NAKHON RATCHASIMA, TH",14.967,102.083,188.0,1971-05-28,6.7,,32.6,24.0
TH000048431,"NAKHON RATCHASIMA, TH",14.967,102.083,188.0,1971-05-29,0.0,,33.4,23.6
TH000048431,"NAKHON RATCHASIMA, TH",14.967,102.083,188.0,1971-05-30,0.0,,32.7,23.6
TH000048431,"NAKHON RATCHASIMA, TH",14.967,102.083,188.0,1971-05-31,0.2,,32.2,23.9
TH000048431,"NAKHON RATCHASIMA, TH",14.967,102.083,188.0,1971-06-01,0.0,,34.0,24.2
TH000048431,"NAKHON RATCHASIMA, TH",14.967,102.083,188.0,1971-06-02,29.4,,33.7,23.8
TH000048431,"NAKHON RATCHASIMA, TH",14.967,102.083,188.0,1971-06-03,0.2,,34.0,24.8
TH000048431,"NAKHON RATCHASIMA, TH",14.967,102.083,188.0,1971-06-04,0.0,,33.5,24.1
TH000048431,"NAKHON RATCHASIMA, TH",14.967,102.083,188.0,1971-06-05,0.0,,34.7,25.0
TH000048431,"NAKHON RATCHASIMA, TH",14.967,102.083,188.0,1971-06-06,0.0,,33.2,24.0
TH000048431,"NAKHON RATCHASIMA, TH",14.967,102.083,188.0,1971-06-07,0.0,,33.7,25.1
TH000048431,"NAKHON RATCHASIMA, TH",14.967,102.083,188.0,1971-06-08,0.8,,31.7,23.7
TH000048431,"NAKHON RATCHASIMA, TH",14.967,102.083,188.0,1971-06-09,0.0,,32.5,23.5
TH000048431,"NAKHON RATCHASIMA, TH",14.967,102.083,188.0,1971-06-10,0.0,,32.3,23.0
TH000048431,"NAKHON RATCHASIMA, TH",14.967,102.083,188.0,1971-06-11,0.0,,34.5,24.6
TH000048431,"NAKHON RATCHASIMA, TH",14.967,102.083,188.0,1971-06-12,0.0,,33.0,23.9
TH000048431,"NAKHON RATCHASIMA, TH",14.967,102.083,188.0,1971-06-13,0.4,,35.7,23.7
TH000048431,"NAKHON RATCHASIMA, TH",14.967,102.083,188.0,1971-06-14,3.4,,34.9,23.9
TH000048431,"NAKHON RATCHASIMA, TH",14.967,102.083,188.0,1971-06-15,62.0,,35.4,22.7
TH000048431,"NAKHON RATCHASIMA, TH",14.967,102.083,188.0,1971-06-16,17.4,,31.9,21.2
TH000048431,"NAKHON RATCHASIMA, TH",14.967,102.083,188.0,1971-06-17,31.2,,27.3,21.6
TH000048431,"NAKHON RATCHASIMA, TH",14.967,102.083,188.0,1971-06-18,0.0,,31.9,22.4
TH000048431,"NAKHON RATCHASIMA, TH",14.967,102.083,188.0,1971-06-19,0.0,,32.6,23.0
TH000048431,"NAKHON RATCHASIMA, TH",14.967,102.083,188.0,1971-06-20,0.0,,32.4,23.7
TH000048431,"NAKHON RATCHASIMA, TH",14.967,102.083,188.0,1971-06-21,32.2,,33.2,24.2
TH000048431,"NAKHON RATCHASIMA, TH",14.967,102.083,188.0,1971-06-22,0.5,,31.3,23.0
TH000048431,"NAKHON RATCHASIMA, TH",14.967,102.083,188.0,1971-06-23,5.8,,33.8,23.8
TH000048431,"NAKHON RATCHASIMA, TH",14.967,102.083,188.0,1971-06-24,5.3,,31.3,21.9
TH000048431,"NAKHON RATCHASIMA, TH",14.967,102.083,188.0,1971-06-25,21.5,,32.5,23.5
TH000048431,"NAKHON RATCHASIMA, TH",14.967,102.083,188.0,1971-06-26,0.0,,33.4,22.0
TH000048431,"NAKHON RATCHASIMA, TH",14.967,102.083,188.0,1971-06-27,0.0,,33.1,23.5
TH000048431,"NAKHON RATCHASIMA, TH",14.967,102.083,188.0,1971-06-28,0.0,,34.1,24.1
TH000048431,"NAKHON RATCHASIMA, TH",14.967,102.083,188.0,1971-06-29,1.7,,32.2,24.2
TH000048431,"NAKHON RATCHASIMA, TH",14.967,102.083,188.0,1971-06-30,0.1,,32.3,23.7
TH000048431,"NAKHON RATCHASIMA, TH",14.967,102.083,188.0,1971-07-01,0.0,,32.0,23.8
TH000048431,"NAKHON RATCHASIMA, TH",14.967,102.083,188.0,1971-07-02,0.0,,32.8,24.2
TH000048431,"NAKHON RATCHASIMA, TH",14.967,102.083,188.0,1971-07-03,5.5,,33.2,25.0
TH000048431,"NAKHON RATCHASIMA, TH",14.967,102.083,188.0,1971-07-04,23.2,,32.3,22.8
TH000048431,"NAKHON RATCHASIMA, TH",14.967,102.083,188.0,1971-07-05,0.0,,31.7,21.7
TH000048431,"NAKHON RATCHASIMA, TH",14.967,102.083,188.0,1971-07-06,0.1,,32.7,23.1
TH000048431,"NAKHON RATCHASIMA, TH",14.967,102.083,188.0,1971-07-07,0.0,,30.3,24.1
TH000048431,"NAKHON RATCHASIMA, TH",14.967,102.083,188.0,1971-07-08,2.2,,32.3,22.8
TH000048431,"NAKHON RATCHASIMA, TH",14.967,102.083,188.0,1971-07-09,0.0,,31.6,23.3
TH000048431,"NAKHON RATCHASIMA, TH",14.967,102.083,188.0,1971-07-10,0.0,,34.4,22.8
TH000048431,"NAKHON RATCHASIMA, TH",14.967,102.083,188.0,1971-07-11,0.0,,35.4,23.1
TH000048431,"NAKHON RATCHASIMA, TH",14.967,102.083,188.0,1971-07-12,4.9,,33.3,24.5
TH000048431,"NAKHON RATCHASIMA, TH",14.967,102.083,188.0,1971-07-13,4.0,,28.7,23.8
TH000048431,"NAKHON RATCHASIMA, TH",14.967,102.083,188.0,1971-07-14,0.4,,30.1,23.1
TH000048431,"NAKHON RATCHASIMA, TH",14.967,102.083,188.0,1971-07-15,0.2,,32.2,23.2
TH000048431,"NAKHON RATCHASIMA, TH",14.967,102.083,188.0,1971-07-16,1.8,,32.4,23.7
TH000048431,"NAKHON RATCHASIMA, TH",14.967,102.083,188.0,1971-07-17,17.5,,25.2,22.2
TH000048431,"NAKHON RATCHASIMA, TH",14.967,102.083,188.0,1971-07-18,0.0,,28.6,22.1
TH000048431,"NAKHON RATCHASIMA, TH",14.967,102.083,188.0,1971-07-19,0.0,,31.7,22.8
TH000048431,"NAKHON RATCHASIMA, TH",14.967,102.083,188.0,1971-07-20,0.0,,31.6,22.5
TH000048431,"NAKHON RATCHASIMA, TH",14.967,102.083,188.0,1971-07-21,0.0,,32.0,23.0
TH000048431,"NAKHON RATCHASIMA, TH",14.967,102.083,188.0,1971-07-22,0.0,,33.0,24.0
TH000048431,"NAKHON RATCHASIMA, TH",14.967,102.083,188.0,1971-07-23,0.0,,32.4,23.4
TH000048431,"NAKHON RATCHASIMA, TH",14.967,102.083,188.0,1971-07-24,0.0,,29.4,23.1
TH000048431,"NAKHON RATCHASIMA, TH",14.967,102.083,188.0,1971-07-25,1.1,,33.1,22.8
TH000048431,"NAKHON RATCHASIMA, TH",14.967,102.083,188.0,1971-07-26,0.8,,32.1,23.3
TH000048431,"NAKHON RATCHASIMA, TH",14.967,102.083,188.0,1971-07-27,0.0,,31.8,23.5
TH000048431,"NAKHON RATCHASIMA, TH",14.967,102.083,188.0,1971-07-28,1.6,,31.2,22.7
TH000048431,"NAKHON RATCHASIMA, TH",14.967,102.083,188.0,1971-07-29,0.6,,33.2,23.4
TH000048431,"NAKHON RATCHASIMA, TH",14.967,102.083,188.0,1971-07-30,3.5,,35.8,22.5
TH000048431,"NAKHON RATCHASIMA, TH",14.967,102.083,188.0,1971-07-31,25.3,,35.0,22.8
TH000048431,"NAKHON RATCHASIMA, TH",14.967,102.083,188.0,1971-08-01,0.0,,33.5,22.6
TH000048431,"NAKHON RATCHASIMA, TH",14.967,102.083,188.0,1971-08-02,0.0,,35.1,23.0
TH000048431,"NAKHON RATCHASIMA, TH",14.967,102.083,188.0,1971-08-03,0.0,,35.8,23.3
TH000048431,"NAKHON RATCHASIMA, TH",14.967,102.083,188.0,1971-08-04,0.0,,35.5,23.5
TH000048431,"NAKHON RATCHASIMA, TH",14.967,102.083,188.0,1971-08-05,0.0,,34.9,23.1
TH000048431,"NAKHON RATCHASIMA, TH",14.967,102.083,188.0,1971-08-06,8.4,,32.0,22.5
TH000048431,"NAKHON RATCHASIMA, TH",14.967,102.083,188.0,1971-08-07,0.2,,31.7,22.3
TH000048431,"NAKHON RATCHASIMA, TH",14.967,102.083,188.0,1971-08-08,0.0,,31.7,24.1
TH000048431,"NAKHON RATCHASIMA, TH",14.967,102.083,188.0,1971-08-09,0.0,,31.1,24.0
TH000048431,"NAKHON RATCHASIMA, TH",14.967,102.083,188.0,1971-08-10,2.2,,31.4,22.7
TH000048431,"NAKHON RATCHASIMA, TH",14.967,102.083,188.0,1971-08-11,0.0,,33.3,24.0
TH000048431,"NAKHON RATCHASIMA, TH",14.967,102.083,188.0,1971-08-12,0.0,,34.8,24.0
TH000048431,"NAKHON RATCHASIMA, TH",14.967,102.083,188.0,1971-08-13,0.0,,32.4,23.5
TH000048431,"NAKHON RATCHASIMA, TH",14.967,102.083,188.0,1971-08-14,20.8,,34.4,23.4
TH000048431,"NAKHON RATCHASIMA, TH",14.967,102.083,188.0,1971-08-15,8.2,,32.9,23.1
TH000048431,"NAKHON RATCHASIMA, TH",14.967,102.083,188.0,1971-08-16,0.4,,33.9,23.5
TH000048431,"NAKHON RATCHASIMA, TH",14.967,102.083,188.0,1971-08-17,0.6,,34.2,24.0
TH000048431,"NAKHON RATCHASIMA, TH",14.967,102.083,188.0,1971-08-18,16.7,,33.9,22.7
TH000048431,"NAKHON RATCHASIMA, TH",14.967,102.083,188.0,1971-08-19,40.9,26.3,31.9,22.5
TH000048431,"NAKHON RATCHASIMA, TH",14.967,102.083,188.0,1971-08-20,0.2,26.2,28.5,22.7
TH000048431,"NAKHON RATCHASIMA, TH",14.967,102.083,188.0,1971-08-21,5.5,25.1,28.0,23.1
TH000048431,"NAKHON RATCHASIMA, TH",14.967,102.083,188.0,1971-08-22,14.9,26.2,30.0,22.3
TH000048431,"NAKHON RATCHASIMA, TH",14.967,102.083,188.0,1971-08-23,1.6,25.8,31.8,23.4
TH000048431,"NAKHON RATCHASIMA, TH",14.967,102.083,188.0,1971-08-24,0.9,27.4,32.6,22.5
TH000048431,"NAKHON RATCHASIMA, TH",14.967,102.083,188.0,1971-08-25,0.0,27.4,32.7,23.1
TH000048431,"NAKHON RATCHASIMA, TH",14.967,102.083,188.0,1971-08-26,0.2,26.6,32.7,23.2
TH000048431,"NAKHON RATCHASIMA, TH",14.967,102.083,188.0,1971-08-27,0.0,26.8,31.0,21.6
TH000048431,"NAKHON RATCHASIMA, TH",14.967,102.083,188.0,1971-08-28,0.3,26.7,30.8,23.3
TH000048431,"NAKHON RATCHASIMA, TH",14.967,102.083,188.0,1971-08-29,0.0,27.2,31.8,23.2
TH000048431,"NAKHON RATCHASIMA, TH",14.967,102.083,188.0,1971-08-30,0.3,26.7,33.5,22.8
TH000048431,"NAKHON RATCHASIMA, TH",14.967,102.083,188.0,1971-08-31,0.0,27.6,33.2,22.6
TH000048431,"NAKHON RATCHASIMA, TH",14.967,102.083,188.0,1971-09-01,26.7,25.7,32.2,23.1
TH000048431,"NAKHON RATCHASIMA, TH",14.967,102.083,188.0,1971-09-02,2.4,26.1,31.4,22.8
TH000048431,"NAKHON RATCHASIMA, TH",14.967,102.083,188.0,1971-09-03,6.9,26.2,30.6,23.5
TH000048431,"NAKHON RATCHASIMA, TH",14.967,102.083,188.0,1971-09-04,3.5,27.6,34.1,22.6
TH000048431,"NAKHON RATCHASIMA, TH",14.967,102.083,188.0,1971-09-05,16.3,27.7,32.7,22.8
TH000048431,"NAKHON RATCHASIMA, TH",14.967,102.083,188.0,1971-09-06,0.0,28.8,34.5,23.8
TH000048431,"NAKHON RATCHASIMA, TH",14.967,102.083,188.0,1971-09-07,77.3,25.6,34.8,22.1
TH000048431,"NAKHON RATCHASIMA, TH",14.967,102.083,188.0,1971-09-08,1.9,25.4,32.5,22.1
TH000048431,"NAKHON RATCHASIMA, TH",14.967,102.083,188.0,1971-09-09,7.7,27.3,33.4,22.3
TH000048431,"NAKHON RATCHASIMA, TH",14.967,102.083,188.0,1971-09-10,0.0,27.9,33.9,21.7
TH000048431,"NAKHON RATCHASIMA, TH",14.967,102.083,188.0,1971-09-11,0.0,28.2,34.1,22.4
TH000048431,"NAKHON RATCHASIMA, TH",14.967,102.083,188.0,1971-09-12,0.0,28.1,34.1,23.2
TH000048431,"NAKHON RATCHASIMA, TH",14.967,102.083,188.0,1971-09-13,12.8,28.3,35.4,22.7
TH000048431,"NAKHON RATCHASIMA, TH",14.967,102.083,188.0,1971-09-14,22.3,28.0,34.3,23.2
TH000048431,"NAKHON RATCHASIMA, TH",14.967,102.083,188.0,1971-09-15,8.6,25.8,32.8,23.4
TH000048431,"NAKHON RATCHASIMA, TH",14.967,102.083,188.0,1971-09-16,12.5,26.4,32.3,22.8
TH000048431,"NAKHON RATCHASIMA, TH",14.967,102.083,188.0,1971-09-17,12.0,25.9,29.7,23.3
TH000048431,"NAKHON RATCHASIMA, TH",14.967,102.083,188.0,1971-09-18,2.1,26.7,30.9,23.4
TH000048431,"NAKHON RATCHASIMA, TH",14.967,102.083,188.0,1971-09-19,0.5,26.5,31.3,24.1
TH000048431,"NAKHON RATCHASIMA, TH",14.967,102.083,188.0,1971-09-20,0.0,27.5,30.5,23.5
TH000048431,"NAKHON RATCHASIMA, TH",14.967,102.083,188.0,1971-09-21,0.0,26.3,30.7,24.4
TH000048431,"NAKHON RATCHASIMA, TH",14.967,102.083,188.0,1971-09-22,0.0,26.2,30.0,24.2
TH000048431,"NAKHON RATCHASIMA, TH",14.967,102.083,188.0,1971-09-23,0.0,26.2,30.5,23.3
TH000048431,"NAKHON RATCHASIMA, TH",14.967,102.083,188.0,1971-09-24,0.0,27.3,33.0,22.2
TH000048431,"NAKHON RATCHASIMA, TH",14.967,102.083,188.0,1971-09-25,0.0,26.6,30.5,22.5
TH000048431,"NAKHON RATCHASIMA, TH",14.967,102.083,188.0,1971-09-26,39.9,25.7,31.5,23.0
TH000048431,"NAKHON RATCHASIMA, TH",14.967,102.083,188.0,1971-09-27,8.8,23.9,29.7,22.8
TH000048431,"NAKHON RATCHASIMA, TH",14.967,102.083,188.0,1971-09-28,0.0,25.9,31.8,23.0
TH000048431,"NAKHON RATCHASIMA, TH",14.967,102.083,188.0,1971-09-29,0.0,25.1,33.1,23.2
TH000048431,"NAKHON RATCHASIMA, TH",14.967,102.083,188.0,1971-09-30,0.0,26.3,31.7,23.2
TH000048431,"NAKHON RATCHASIMA, TH",14.967,102.083,188.0,1971-10-01,0.0,26.6,32.6,24.1
TH000048431,"NAKHON RATCHASIMA, TH",14.967,102.083,188.0,1971-10-02,4.4,25.6,32.7,23.3
TH000048431,"NAKHON RATCHASIMA, TH",14.967,102.083,188.0,1971-10-03,1.5,25.3,31.8,23.5
TH000048431,"NAKHON RATCHASIMA, TH",14.967,102.083,188.0,1971-10-04,0.2,26.8,32.0,23.6
TH000048431,"NAKHON RATCHASIMA, TH",14.967,102.083,188.0,1971-10-05,0.0,26.5,31.9,23.3
TH000048431,"NAKHON RATCHASIMA, TH",14.967,102.083,188.0,1971-10-06,18.6,24.3,29.2,23.2
TH000048431,"NAKHON RATCHASIMA, TH",14.967,102.083,188.0,1971-10-07,0.0,24.2,28.4,22.1
TH000048431,"NAKHON RATCHASIMA, TH",14.967,102.083,188.0,1971-10-08,0.0,23.7,29.6,22.5
TH000048431,"NAKHON RATCHASIMA, TH",14.967,102.083,188.0,1971-10-09,0.0,24.8,32.7,21.1
TH000048431,"NAKHON RATCHASIMA, TH",14.967,102.083,188.0,1971-10-10,5.9,22.5,27.3,21.9
TH000048431,"NAKHON RATCHASIMA, TH",14.967,102.083,188.0,1971-10-11,1.2,21.7,23.4,21.7
TH000048431,"NAKHON RATCHASIMA, TH",14.967,102.083,188.0,1971-10-12,0.0,23.6,28.5,21.3
TH000048431,"NAKHON RATCHASIMA, TH",14.967,102.083,188.0,1971-10-13,0.0,22.8,28.6,20.3
TH000048431,"NAKHON RATCHASIMA, TH",14.967,102.083,188.0,1971-10-14,0.0,22.2,27.5,19.4
TH000048431,"NAKHON RATCHASIMA, TH",14.967,102.083,188.0,1971-10-15,0.0,22.3,28.4,19.4
TH000048431,"NAKHON RATCHASIMA, TH",14.967,102.083,188.0,1971-10-16,0.0,23.1,28.0,17.7
TH000048431,"NAKHON RATCHASIMA, TH",14.967,102.083,188.0,1971-10-17,0.0,24.2,29.8,21.0
TH000048431,"NAKHON RATCHASIMA, TH",14.967,102.083,188.0,1971-10-18,0.0,24.1,29.9,21.0
TH000048431,"NAKHON RATCHASIMA, TH",14.967,102.083,188.0,1971-10-19,0.0,25.2,32.1,21.1
TH000048431,"NAKHON RATCHASIMA, TH",14.967,102.083,188.0,1971-10-20,0.0,25.9,32.0,22.1
TH000048431,"NAKHON RATCHASIMA, TH",14.967,102.083,188.0,1971-10-21,0.0,25.1,31.5,21.6
TH000048431,"NAKHON RATCHASIMA, TH",14.967,102.083,188.0,1971-10-22,0.0,25.4,31.5,21.9
TH000048431,"NAKHON RATCHASIMA, TH",14.967,102.083,188.0,1971-10-23,0.0,25.3,31.7,20.5
TH000048431,"NAKHON RATCHASIMA, TH",14.967,102.083,188.0,1971-10-24,0.0,26.1,32.3,21.4
TH000048431,"NAKHON RATCHASIMA, TH",14.967,102.083,188.0,1971-10-25,1.3,23.7,28.3,23.5
TH000048431,"NAKHON RATCHASIMA, TH",14.967,102.083,188.0,1971-10-26,0.0,24.9,30.0,23.2
TH000048431,"NAKHON RATCHASIMA, TH",14.967,102.083,188.0,1971-10-27,17.3,23.8,28.2,22.7
TH000048431,"NAKHON RATCHASIMA, TH",14.967,102.083,188.0,1971-10-28,7.7,22.8,26.2,21.4
TH000048431,"NAKHON RATCHASIMA, TH",14.967,102.083,188.0,1971-10-29,4.0,21.1,26.3,18.7
TH000048431,"NAKHON RATCHASIMA, TH",14.967,102.083,188.0,1971-10-30,0.0,21.4,25.3,18.2
TH000048431,"NAKHON RATCHASIMA, TH",14.967,102.083,188.0,1971-10-31,0.0,22.8,28.4,20.4
TH000048431,"NAKHON RATCHASIMA, TH",14.967,102.083,188.0,1971-11-01,0.0,23.2,28.7,18.3
TH000048431,"NAKHON RATCHASIMA, TH",14.967,102.083,188.0,1971-11-02,0.0,24.7,30.5,19.7
TH000048431,"NAKHON RATCHASIMA, TH",14.967,102.083,188.0,1971-11-03,0.0,25.2,31.6,22.1
TH000048431,"NAKHON RATCHASIMA, TH",14.967,102.083,188.0,1971-11-04,0.0,25.4,31.3,20.9
TH000048431,"NAKHON RATCHASIMA, TH",14.967,102.083,188.0,1971-11-05,0.0,25.9,31.8,20.3
TH000048431,"NAKHON RATCHASIMA, TH",14.967,102.083,188.0,1971-11-06,0.0,25.6,31.6,21.6
TH000048431,"NAKHON RATCHASIMA, TH",14.967,102.083,188.0,1971-11-07,0.0,25.2,30.9,19.6
TH000048431,"NAKHON RATCHASIMA, TH",14.967,102.083,188.0,1971-11-08,0.0,25.1,31.6,18.7
TH000048431,"NAKHON RATCHASIMA, TH",14.967,102.083,188.0,1971-11-09,0.0,24.4,30.8,19.7
TH000048431,"NAKHON RATCHASIMA, TH",14.967,102.083,188.0,1971-11-10,0.0,24.7,30.4,21.1
TH000048431,"NAKHON RATCHASIMA, TH",14.967,102.083,188.0,1971-11-11,0.0,23.9,30.2,19.9
TH000048431,"NAKHON RATCHASIMA, TH",14.967,102.083,188.0,1971-11-12,0.0,22.8,29.6,18.2
TH000048431,"NAKHON RATCHASIMA, TH",14.967,102.083,188.0,1971-11-13,0.0,23.1,29.6,18.0
TH000048431,"NAKHON RATCHASIMA, TH",14.967,102.083,188.0,1971-11-14,0.0,21.7,28.0,18.9
TH000048431,"NAKHON RATCHASIMA, TH",14.967,102.083,188.0,1971-11-15,0.0,18.2,25.9,15.0
TH000048431,"NAKHON RATCHASIMA, TH",14.967,102.083,188.0,1971-11-16,0.0,18.7,25.3,12.0
TH000048431,"NAKHON RATCHASIMA, TH",14.967,102.083,188.0,1971-11-17,0.0,18.6,25.0,10.1
TH000048431,"NAKHON RATCHASIMA, TH",14.967,102.083,188.0,1971-11-18,0.0,18.9,26.3,12.0
TH000048431,"NAKHON RATCHASIMA, TH",14.967,102.083,188.0,1971-11-19,0.0,18.6,26.2,11.8
TH000048431,"NAKHON RATCHASIMA, TH",14.967,102.083,188.0,1971-11-20,0.0,19.3,26.5,13.4
TH000048431,"NAKHON RATCHASIMA, TH",14.967,102.083,188.0,1971-11-21,0.0,19.9,26.7,10.9
TH000048431,"NAKHON RATCHASIMA, TH",14.967,102.083,188.0,1971-11-22,0.0,20.7,26.9,14.9
TH000048431,"NAKHON RATCHASIMA, TH",14.967,102.083,188.0,1971-11-23,0.0,21.1,26.6,12.7
TH000048431,"NAKHON RATCHASIMA, TH",14.967,102.083,188.0,1971-11-24,0.0,,27.8,17.3
TH000048431,"NAKHON RATCHASIMA, TH",14.967,102.083,188.0,1971-11-25,0.0,18.9,23.5,18.3
TH000048431,"NAKHON RATCHASIMA, TH",14.967,102.083,188.0,1971-11-26,0.0,21.7,28.4,16.7
TH000048431,"NAKHON RATCHASIMA, TH",14.967,102.083,188.0,1971-11-27,0.0,24.6,31.0,17.8
TH000048431,"NAKHON RATCHASIMA, TH",14.967,102.083,188.0,1971-11-28,0.0,25.3,31.7,19.3
TH000048431,"NAKHON RATCHASIMA, TH",14.967,102.083,188.0,1971-11-29,0.0,25.4,29.3,21.2
TH000048431,"NAKHON RATCHASIMA, TH",14.967,102.083,188.0,1971-11-30,0.0,22.9,27.2,19.9
TH000048431,"NAKHON RATCHASIMA, TH",14.967,102.083,188.0,1971-12-01,0.0,21.1,27.9,16.8
TH000048431,"NAKHON RATCHASIMA, TH",14.967,102.083,188.0,1971-12-02,0.0,23.7,29.7,16.0
TH000048431,"NAKHON RATCHASIMA, TH",14.967,102.083,188.0,1971-12-03,0.0,23.1,28.4,20.0
TH000048431,"NAKHON RATCHASIMA, TH",14.967,102.083,188.0,1971-12-04,0.0,23.8,30.6,18.5
TH000048431,"NAKHON RATCHASIMA, TH",14.967,102.083,188.0,1971-12-05,0.0,24.8,31.7,17.9
TH000048431,"NAKHON RATCHASIMA, TH",14.967,102.083,188.0,1971-12-06,0.0,25.7,31.8,18.1
TH000048431,"NAKHON RATCHASIMA, TH",14.967,102.083,188.0,1971-12-07,0.0,25.1,31.7,18.2
TH000048431,"NAKHON RATCHASIMA, TH",14.967,102.083,188.0,1971-12-08,0.0,23.4,31.2,18.5
TH000048431,"NAKHON RATCHASIMA, TH",14.967,102.083,188.0,1971-12-09,0.0,21.9,30.4,17.6
TH000048431,"NAKHON RATCHASIMA, TH",14.967,102.083,188.0,1971-12-10,0.0,22.1,28.9,16.4
TH000048431,"NAKHON RATCHASIMA, TH",14.967,102.083,188.0,1971-12-11,0.0,22.6,28.8,16.6
TH000048431,"NAKHON RATCHASIMA, TH",14.967,102.083,188.0,1971-12-12,0.0,21.3,28.7,16.9
TH000048431,"NAKHON RATCHASIMA, TH",14.967,102.083,188.0,1971-12-13,0.0,21.2,28.2,13.8
TH000048431,"NAKHON RATCHASIMA, TH",14.967,102.083,188.0,1971-12-14,0.0,22.1,29.1,13.0
TH000048431,"NAKHON RATCHASIMA, TH",14.967,102.083,188.0,1971-12-15,0.0,23.5,30.4,16.9
TH000048431,"NAKHON RATCHASIMA, TH",14.967,102.083,188.0,1971-12-16,0.0,21.2,29.0,17.1
TH000048431,"NAKHON RATCHASIMA, TH",14.967,102.083,188.0,1971-12-17,0.0,20.1,28.1,15.6
TH000048431,"NAKHON RATCHASIMA, TH",14.967,102.083,188.0,1971-12-18,0.0,23.1,27.9,14.0
TH000048431,"NAKHON RATCHASIMA, TH",14.967,102.083,188.0,1971-12-19,0.0,23.4,30.1,20.8
TH000048431,"NAKHON RATCHASIMA, TH",14.967,102.083,188.0,1971-12-20,0.0,19.6,23.4,19.0
TH000048431,"NAKHON RATCHASIMA, TH",14.967,102.083,188.0,1971-12-21,0.0,21.6,27.2,17.9
TH000048431,"NAKHON RATCHASIMA, TH",14.967,102.083,188.0,1971-12-22,0.0,23.9,28.7,19.2
TH000048431,"NAKHON RATCHASIMA, TH",14.967,102.083,188.0,1971-12-23,0.0,24.5,31.4,19.0
TH000048431,"NAKHON RATCHASIMA, TH",14.967,102.083,188.0,1971-12-24,0.0,26.0,33.5,17.6
TH000048431,"NAKHON RATCHASIMA, TH",14.967,102.083,188.0,1971-12-25,1.5,27.6,34.2,19.7
TH000048431,"NAKHON RATCHASIMA, TH",14.967,102.083,188.0,1971-12-26,5.0,27.8,34.9,21.7
TH000048431,"NAKHON RATCHASIMA, TH",14.967,102.083,188.0,1971-12-27,0.0,23.4,29.7,21.3
TH000048431,"NAKHON RATCHASIMA, TH",14.967,102.083,188.0,1971-12-28,0.0,18.7,21.4,17.7
TH000048431,"NAKHON RATCHASIMA, TH",14.967,102.083,188.0,1971-12-29,0.0,22.2,27.3,17.2
TH000048431,"NAKHON RATCHASIMA, TH",14.967,102.083,188.0,1971-12-30,0.0,23.1,29.0,19.0
TH000048431,"NAKHON RATCHASIMA, TH",14.967,102.083,188.0,1971-12-31,0.0,23.6,29.2,15.3
TH000048431,"NAKHON RATCHASIMA, TH",14.967,102.083,188.0,1972-01-01,0.0,20.6,27.6,16.9
TH000048431,"NAKHON RATCHASIMA, TH",14.967,102.083,188.0,1972-01-02,0.0,19.8,28.2,13.4
TH000048431,"NAKHON RATCHASIMA, TH",14.967,102.083,188.0,1972-01-03,0.0,22.6,29.7,15.0
TH000048431,"NAKHON RATCHASIMA, TH",14.967,102.083,188.0,1972-01-04,0.0,23.5,32.1,12.4
TH000048431,"NAKHON RATCHASIMA, TH",14.967,102.083,188.0,1972-01-05,0.0,23.4,31.5,13.7
TH000048431,"NAKHON RATCHASIMA, TH",14.967,102.083,188.0,1972-01-06,0.0,22.2,30.8,14.9
TH000048431,"NAKHON RATCHASIMA, TH",14.967,102.083,188.0,1972-01-07,0.0,17.9,28.8,15.9
TH000048431,"NAKHON RATCHASIMA, TH",14.967,102.083,188.0,1972-01-08,0.0,20.1,27.9,15.5
TH000048431,"NAKHON RATCHASIMA, TH",14.967,102.083,188.0,1972-01-09,0.0,19.2,27.2,13.8
TH000048431,"NAKHON RATCHASIMA, TH",14.967,102.083,188.0,1972-01-10,0.0,20.6,28.5,12.8
TH000048431,"NAKHON RATCHASIMA, TH",14.967,102.083,188.0,1972-01-11,0.0,20.7,27.7,11.8
TH000048431,"NAKHON RATCHASIMA, TH",14.967,102.083,188.0,1972-01-12,0.0,20.2,27.9,11.7
TH000048431,"NAKHON RATCHASIMA, TH",14.967,102.083,188.0,1972-01-13,0.0,20.1,27.7,12.2
TH000048431,"NAKHON RATCHASIMA, TH",14.967,102.083,188.0,1972-01-14,0.0,19.3,26.6,13.2
TH000048431,"NAKHON RATCHASIMA, TH",14.967,102.083,188.0,1972-01-15,0.0,17.2,23.9,13.5
TH000048431,"NAKHON RATCHASIMA, TH",14.967,102.083,188.0,1972-01-16,0.0,18.9,26.3,10.0
TH000048431,"NAKHON RATCHASIMA, TH",14.967,102.083,188.0,1972-01-17,0.0,21.3,27.1,14.0
TH000048431,"NAKHON RATCHASIMA, TH",14.967,102.083,188.0,1972-01-18,0.0,23.3,30.2,12.5
TH000048431,"NAKHON RATCHASIMA, TH",14.967,102.083,188.0,1972-01-19,0.0,24.2,31.5,13.4
TH000048431,"NAKHON RATCHASIMA, TH",14.967,102.083,188.0,1972-01-20,0.0,23.7,30.6,12.8
TH000048431,"NAKHON RATCHASIMA, TH",14.967,102.083,188.0,1972-01-21,0.0,23.0,29.8,12.7
TH000048431,"NAKHON RATCHASIMA, TH",14.967,102.083,188.0,1972-01-22,0.0,23.6,30.2,13.6
TH000048431,"NAKHON RATCHASIMA, TH",14.967,102.083,188.0,1972-01-23,0.0,24.3,31.8,12.4
TH000048431,"NAKHON RATCHASIMA, TH",14.967,102.083,188.0,1972-01-24,0.0,24.4,32.8,12.7
TH000048431,"NAKHON RATCHASIMA, TH",14.967,102.083,188.0,1972-01-25,0.0,26.7,33.1,14.5
TH000048431,"NAKHON RATCHASIMA, TH",14.967,102.083,188.0,1972-01-26,0.0,25.9,32.9,14.7
TH000048431,"NAKHON RATCHASIMA, TH",14.967,102.083,188.0,1972-01-27,0.0,,31.6,17.2
TH000048431,"NAKHON RATCHASIMA, TH",14.967,102.083,188.0,1972-01-28,0.0,24.6,32.2,17.1
TH000048431,"NAKHON RATCHASIMA, TH",14.967,102.083,188.0,1972-01-29,0.0,25.2,33.4,17.7
TH000048431,"NAKHON RATCHASIMA, TH",14.967,102.083,188.0,1972-01-30,0.0,26.9,35.9,18.4
TH000048431,"NAKHON RATCHASIMA, TH",14.967,102.083,188.0,1972-01-31,0.0,27.9,36.7,20.2
TH000048431,"NAKHON RATCHASIMA, TH",14.967,102.083,188.0,1972-02-01,0.0,26.7,36.9,21.3
TH000048431,"NAKHON RATCHASIMA, TH",14.967,102.083,188.0,1972-02-02,0.0,27.6,36.8,19.3
TH000048431,"NAKHON RATCHASIMA, TH",14.967,102.083,188.0,1972-02-03,0.0,28.8,37.1,19.1
TH000048431,"NAKHON RATCHASIMA, TH",14.967,102.083,188.0,1972-02-04,0.0,28.4,36.7,20.7
TH000048431,"NAKHON RATCHASIMA, TH",14.967,102.083,188.0,1972-02-05,0.0,27.5,34.8,22.6
TH000048431,"NAKHON RATCHASIMA, TH",14.967,102.083,188.0,1972-02-06,1.3,26.2,35.3,22.1
TH000048431,"NAKHON RATCHASIMA, TH",14.967,102.083,188.0,1972-02-07,0.0,28.1,36.8,21.9
TH000048431,"NAKHON RATCHASIMA, TH",14.967,102.083,188.0,1972-02-08,0.6,27.7,34.5,21.4
TH000048431,"NAKHON RATCHASIMA, TH",14.967,102.083,188.0,1972-02-09,0.0,22.0,28.2,20.2
TH000048431,"NAKHON RATCHASIMA, TH",14.967,102.083,188.0,1972-02-10,0.0,19.5,23.6,17.1
TH000048431,"NAKHON RATCHASIMA, TH",14.967,102.083,188.0,1972-02-11,0.0,23.7,28.9,16.6
TH000048431,"NAKHON RATCHASIMA, TH",14.967,102.083,188.0,1972-02-12,0.0,25.4,31.0,20.2
TH000048431,"NAKHON RATCHASIMA, TH",14.967,102.083,188.0,1972-02-13,0.0,27.8,35.3,18.9
TH000048431,"NAKHON RATCHASIMA, TH",14.967,102.083,188.0,1972-02-14,0.0,29.2,37.7,20.1
TH000048431,"NAKHON RATCHASIMA, TH",14.967,102.083,188.0,1972-02-15,0.0,28.8,36.7,20.0
TH000048431,"NAKHON RATCHASIMA, TH",14.967,102.083,188.0,1972-02-16,0.0,28.8,36.8,22.1
TH000048431,"NAKHON RATCHASIMA, TH",14.967,102.083,188.0,1972-02-17,0.0,29.3,37.1,22.0
TH000048431,"NAKHON RATCHASIMA, TH",14.967,102.083,188.0,1972-02-18,0.0,29.2,36.5,22.4
TH000048431,"NAKHON RATCHASIMA, TH",14.967,102.083,188.0,1972-02-19,0.0,30.9,37.4,22.5
TH000048431,"NAKHON RATCHASIMA, TH",14.967,102.083,188.0,1972-02-20,0.0,29.5,36.0,22.4
TH000048431,"NAKHON RATCHASIMA, TH",14.967,102.083,188.0,1972-02-21,0.0,26.7,35.8,22.9
TH000048431,"NAKHON RATCHASIMA, TH",14.967,102.083,188.0,1972-02-22,3.4,27.9,37.1,21.6
TH000048431,"NAKHON RATCHASIMA, TH",14.967,102.083,188.0,1972-02-23,0.0,28.6,37.1,22.0
TH000048431,"NAKHON RATCHASIMA, TH",14.967,102.083,188.0,1972-02-24,0.0,29.1,36.7,21.2
TH000048431,"NAKHON RATCHASIMA, TH",14.967,102.083,188.0,1972-02-25,0.0,28.5,37.7,21.0
TH000048431,"NAKHON RATCHASIMA, TH",14.967,102.083,188.0,1972-02-26,0.0,28.6,38.9,17.2
TH000048431,"NAKHON RATCHASIMA, TH",14.967,102.083,188.0,1972-02-27,0.0,27.8,37.3,17.6
TH000048431,"NAKHON RATCHASIMA, TH",14.967,102.083,188.0,1972-02-28,0.0,22.7,29.9,18.0
TH000048431,"NAKHON RATCHASIMA, TH",14.967,102.083,188.0,1972-02-29,0.0,22.8,28.2,16.7
TH000048431,"NAKHON RATCHASIMA, TH",14.967,102.083,188.0,1972-03-01,0.0,21.6,27.6,17.6
TH000048431,"NAKHON RATCHASIMA, TH",14.967,102.083,188.0,1972-03-02,0.0,22.3,28.5,15.9
TH000048431,"NAKHON RATCHASIMA, TH",14.967,102.083,188.0,1972-03-03,0.0,21.9,28.1,15.7
TH000048431,"NAKHON RATCHASIMA, TH",14.967,102.083,188.0,1972-03-04,0.0,21.7,29.0,14.8
TH000048431,"NAKHON RATCHASIMA, TH",14.967,102.083,188.0,1972-03-05,0.0,21.7,30.2,15.2
TH000048431,"NAKHON RATCHASIMA, TH",14.967,102.083,188.0,1972-03-06,0.0,26.5,34.5,13.6
TH000048431,"NAKHON RATCHASIMA, TH",14.967,102.083,188.0,1972-03-07,0.0,28.2,36.0,17.4
TH000048431,"NAKHON RATCHASIMA, TH",14.967,102.083,188.0,1972-03-08,0.0,28.7,36.9,21.0
TH000048431,"NAKHON RATCHASIMA, TH",14.967,102.083,188.0,1972-03-09,0.0,29.9,37.6,21.4
TH000048431,"NAKHON RATCHASIMA, TH",14.967,102.083,188.0,1972-03-10,0.0,29.9,38.0,22.0
TH000048431,"NAKHON RATCHASIMA, TH",14.967,102.083,188.0,1972-03-11,0.0,30.5,37.6,22.7
TH000048431,"NAKHON RATCHASIMA, TH",14.967,102.083,188.0,1972-03-12,0.0,24.7,28.5,23.0
TH000048431,"NAKHON RATCHASIMA, TH",14.967,102.083,188.0,1972-03-13,0.0,24.2,30.0,20.4
TH000048431,"NAKHON RATCHASIMA, TH",14.967,102.083,188.0,1972-03-14,0.0,28.1,34.5,19.5
TH000048431,"NAKHON RATCHASIMA, TH",14.967,102.083,188.0,1972-03-15,0.0,29.1,36.8,21.5
TH000048431,"NAKHON RATCHASIMA, TH",14.967,102.083,188.0,1972-03-16,19.6,25.8,35.7,22.5
TH000048431,"NAKHON RATCHASIMA, TH",14.967,102.083,188.0,1972-03-17,0.0,28.1,35.2,21.5
TH000048431,"NAKHON RATCHASIMA, TH",14.967,102.083,188.0,1972-03-18,0.0,29.0,37.0,22.0
TH000048431,"NAKHON RATCHASIMA, TH",14.967,102.083,188.0,1972-03-19,0.0,30.6,38.6,23.5
TH000048431,"NAKHON RATCHASIMA, TH",14.967,102.083,188.0,1972-03-20,0.0,30.5,39.1,23.2
TH000048431,"NAKHON RATCHASIMA, TH",14.967,102.083,188.0,1972-03-21,0.0,30.6,38.1,23.7
TH000048431,"NAKHON RATCHASIMA, TH",14.967,102.083,188.0,1972-03-22,17.1,27.6,35.6,22.3
TH000048431,"NAKHON RATCHASIMA, TH",14.967,102.083,188.0,1972-03-23,0.0,29.7,37.0,22.4
TH000048431,"NAKHON RATCHASIMA, TH",14.967,102.083,188.0,1972-03-24,0.0,30.4,38.1,23.6
TH000048431,"NAKHON RATCHASIMA, TH",14.967,102.083,188.0,1972-03-25,37.7,27.2,38.1,24.3
TH000048431,"NAKHON RATCHASIMA, TH",14.967,102.083,188.0,1972-03-26,0.0,27.2,31.7,20.9
TH000048431,"NAKHON RATCHASIMA, TH",14.967,102.083,188.0,1972-03-27,0.0,28.2,33.0,23.4
TH000048431,"NAKHON RATCHASIMA, TH",14.967,102.083,188.0,1972-03-28,0.0,28.0,32.6,24.2
TH000048431,"NAKHON RATCHASIMA, TH",14.967,102.083,188.0,1972-03-29,0.0,27.4,33.8,23.5
TH000048431,"NAKHON RATCHASIMA, TH",14.967,102.083,188.0,1972-03-30,0.0,28.0,35.6,23.0
TH000048431,"NAKHON RATCHASIMA, TH",14.967,102.083,188.0,1972-03-31,0.0,,36.1,23.7
TH000048431,"NAKHON RATCHASIMA, TH",14.967,102.083,188.0,1972-04-01,0.0,,31.2,23.0
TH000048431,"NAKHON RATCHASIMA, TH",14.967,102.083,188.0,1972-04-02,0.0,,35.2,21.4
TH000048431,"NAKHON RATCHASIMA, TH",14.967,102.083,188.0,1972-04-03,1.9,,36.5,23.2
TH000048431,"NAKHON RATCHASIMA, TH",14.967,102.083,188.0,1972-04-04,1.9,,33.6,23.1
TH000048431,"NAKHON RATCHASIMA, TH",14.967,102.083,188.0,1972-04-05,0.4,,33.0,24.1
TH000048431,"NAKHON RATCHASIMA, TH",14.967,102.083,188.0,1972-04-06,0.0,,34.3,23.3
TH000048431,"NAKHON RATCHASIMA, TH",14.967,102.083,188.0,1972-04-07,3.5,,35.7,23.2
TH000048431,"NAKHON RATCHASIMA, TH",14.967,102.083,188.0,1972-04-08,76.0,,34.1,21.9
TH000048431,"NAKHON RATCHASIMA, TH",14.967,102.083,188.0,1972-04-09,0.0,,29.8,22.0
TH000048431,"NAKHON RATCHASIMA, TH",14.967,102.083,188.0,1972-04-10,1.5,,29.8,22.8
TH000048431,"NAKHON RATCHASIMA, TH",14.967,102.083,188.0,1972-04-11,29.4,,28.0,22.0
TH000048431,"NAKHON RATCHASIMA, TH",14.967,102.083,188.0,1972-04-12,5.3,,31.1,21.4
TH000048431,"NAKHON RATCHASIMA, TH",14.967,102.083,188.0,1972-04-13,2.6,,33.7,22.5
TH000048431,"NAKHON RATCHASIMA, TH",14.967,102.083,188.0,1972-04-14,0.0,,33.6,22.7
TH000048431,"NAKHON RATCHASIMA, TH",14.967,102.083,188.0,1972-04-15,0.0,,35.7,23.5
TH000048431,"NAKHON RATCHASIMA, TH",14.967,102.083,188.0,1972-04-16,0.0,,34.2,23.4
TH000048431,"NAKHON RATCHASIMA, TH",14.967,102.083,188.0,1972-04-17,0.0,,36.6,21.8
TH000048431,"NAKHON RATCHASIMA, TH",14.967,102.083,188.0,1972-04-18,0.0,,36.8,22.7
TH000048431,"NAKHON RATCHASIMA, TH",14.967,102.083,188.0,1972-04-19,0.0,,38.0,23.9
TH000048431,"NAKHON RATCHASIMA, TH",14.967,102.083,188.0,1972-04-20,0.0,,37.5,23.0
TH000048431,"NAKHON RATCHASIMA, TH",14.967,102.083,188.0,1972-04-21,0.0,,38.2,24.3
TH000048431,"NAKHON RATCHASIMA, TH",14.967,102.083,188.0,1972-04-22,0.0,,38.2,25.0
TH000048431,"NAKHON RATCHASIMA, TH",14.967,102.083,188.0,1972-04-23,21.2,,35.1,22.7
TH000048431,"NAKHON RATCHASIMA, TH",14.967,102.083,188.0,1972-04-24,0.0,,33.2,21.9
TH000048431,"NAKHON RATCHASIMA, TH",14.967,102.083,188.0,1972-04-25,0.0,,33.1,23.6
TH000048431,"NAKHON RATCHASIMA, TH",14.967,102.083,188.0,1972-04-26,0.0,,33.0,24.1
TH000048431,"NAKHON RATCHASIMA, TH",14.967,102.083,188.0,1972-04-27,0.0,,33.9,23.6
TH000048431,"NAKHON RATCHASIMA, TH",14.967,102.083,188.0,1972-04-28,0.4,,35.2,23.6
TH000048431,"NAKHON RATCHASIMA, TH",14.967,102.083,188.0,1972-04-29,3.8,,37.2,22.5
TH000048431,"NAKHON RATCHASIMA, TH",14.967,102.083,188.0,1972-04-30,0.0,,37.3,23.5
TH000048431,"NAKHON RATCHASIMA, TH",14.967,102.083,188.0,1972-05-01,0.0,30.7,38.6,24.1
TH000048431,"NAKHON RATCHASIMA, TH",14.967,102.083,188.0,1972-05-02,0.0,31.9,38.2,25.3
TH000048431,"NAKHON RATCHASIMA, TH",14.967,102.083,188.0,1972-05-03,0.0,32.3,38.7,25.0
TH000048431,"NAKHON RATCHASIMA, TH",14.967,102.083,188.0,1972-05-04,2.5,32.3,38.7,24.6
TH000048431,"NAKHON RATCHASIMA, TH",14.967,102.083,188.0,1972-05-05,0.0,32.3,38.9,25.5
TH000048431,"NAKHON RATCHASIMA, TH",14.967,102.083,188.0,1972-05-06,10.2,33.4,38.7,25.0
TH000048431,"NAKHON RATCHASIMA, TH",14.967,102.083,188.0,1972-05-07,0.0,29.9,38.2,25.0
TH000048431,"NAKHON RATCHASIMA, TH",14.967,102.083,188.0,1972-05-08,0.0,32.2,39.5,24.8
TH000048431,"NAKHON RATCHASIMA, TH",14.967,102.083,188.0,1972-05-09,0.0,31.0,38.8,25.6
TH000048431,"NAKHON RATCHASIMA, TH",14.967,102.083,188.0,1972-05-10,0.0,31.7,39.4,24.7
TH000048431,"NAKHON RATCHASIMA, TH",14.967,102.083,188.0,1972-05-11,0.0,31.7,40.1,24.9
TH000048431,"NAKHON RATCHASIMA, TH",14.967,102.083,188.0,1972-05-12,0.0,32.4,38.7,24.4
TH000048431,"NAKHON RATCHASIMA, TH",14.967,102.083,188.0,1972-05-13,0.0,32.1,41.3,25.0
TH000048431,"NAKHON RATCHASIMA, TH",14.967,102.083,188.0,1972-05-14,0.0,30.3,38.7,25.9
TH000048431,"NAKHON RATCHASIMA, TH",14.967,102.083,188.0,1972-05-15,0.0,30.1,39.1,25.6
TH000048431,"NAKHON RATCHASIMA, TH",14.967,102.083,188.0,1972-05-16,0.0,29.9,36.4,24.4
TH000048431,"NAKHON RATCHASIMA, TH",14.967,102.083,188.0,1972-05-17,0.0,30.1,35.6,25.7
TH000048431,"NAKHON RATCHASIMA, TH",14.967,102.083,188.0,1972-05-18,0.3,29.2,35.4,26.1
TH000048431,"NAKHON RATCHASIMA, TH",14.967,102.083,188.0,1972-05-19,0.0,30.1,36.9,25.1
TH000048431,"NAKHON RATCHASIMA, TH",14.967,102.083,188.0,1972-05-20,1.1,29.8,37.6,24.9
TH000048431,"NAKHON RATCHASIMA, TH",14.967,102.083,188.0,1972-05-21,0.0,30.1,39.3,24.0
TH000048431,"NAKHON RATCHASIMA, TH",14.967,102.083,188.0,1972-05-22,0.0,31.1,38.6,24.3
TH000048431,"NAKHON RATCHASIMA, TH",14.967,102.083,188.0,1972-05-23,0.0,30.9,39.8,23.4
TH000048431,"NAKHON RATCHASIMA, TH",14.967,102.083,188.0,1972-05-24,0.0,32.3,39.2,23.0
TH000048431,"NAKHON RATCHASIMA, TH",14.967,102.083,188.0,1972-05-25,0.0,32.1,38.5,24.6
TH000048431,"NAKHON RATCHASIMA, TH",14.967,102.083,188.0,1972-05-26,0.0,32.7,39.7,25.4
TH000048431,"NAKHON RATCHASIMA, TH",14.967,102.083,188.0,1972-05-27,0.0,32.2,39.7,25.9
TH000048431,"NAKHON RATCHASIMA, TH",14.967,102.083,188.0,1972-05-28,0.0,33.1,40.3,26.0
TH000048431,"NAKHON RATCHASIMA, TH",14.967,102.083,188.0,1972-05-29,0.0,32.8,41.0,25.9
TH000048431,"NAKHON RATCHASIMA, TH",14.967,102.083,188.0,1972-05-30,2.7,29.8,39.3,24.9
TH000048431,"NAKHON RATCHASIMA, TH",14.967,102.083,188.0,1972-05-31,14.8,26.5,29.7,24.0
TH000048431,"NAKHON RATCHASIMA, TH",14.967,102.083,188.0,1972-06-01,10.1,25.5,35.4,23.0
TH000048431,"NAKHON RATCHASIMA, TH",14.967,102.083,188.0,1972-06-02,32.8,26.9,35.4,23.6
TH000048431,"NAKHON RATCHASIMA, TH",14.967,102.083,188.0,1972-06-03,5.3,26.9,33.4,21.2
TH000048431,"NAKHON RATCHASIMA, TH",14.967,102.083,188.0,1972-06-04,0.9,28.1,31.9,24.4
TH000048431,"NAKHON RATCHASIMA, TH",14.967,102.083,188.0,1972-06-05,4.7,27.7,31.6,23.2
TH000048431,"NAKHON RATCHASIMA, TH",14.967,102.083,188.0,1972-06-06,1.5,27.4,32.6,24.2
TH000048431,"NAKHON RATCHASIMA, TH",14.967,102.083,188.0,1972-06-07,0.3,27.9,31.1,24.4
TH000048431,"NAKHON RATCHASIMA, TH",14.967,102.083,188.0,1972-06-08,2.3,28.2,32.4,23.9
TH000048431,"NAKHON RATCHASIMA, TH",14.967,102.083,188.0,1972-06-09,0.2,27.3,33.0,24.1
TH000048431,"NAKHON RATCHASIMA, TH",14.967,102.083,188.0,1972-06-10,0.0,29.2,35.5,24.2
TH000048431,"NAKHON RATCHASIMA, TH",14.967,102.083,188.0,1972-06-11,8.8,27.8,35.7,24.5
TH000048431,"NAKHON RATCHASIMA, TH",14.967,102.083,188.0,1972-06-12,17.1,26.2,33.6,24.1
TH000048431,"NAKHON RATCHASIMA, TH",14.967,102.083,188.0,1972-06-13,1.1,28.7,33.5,23.5
TH000048431,"NAKHON RATCHASIMA, TH",14.967,102.083,188.0,1972-06-14,0.0,29.4,35.7,24.5
TH000048431,"NAKHON RATCHASIMA, TH",14.967,102.083,188.0,1972-06-15,0.0,30.2,36.4,24.6
TH000048431,"NAKHON RATCHASIMA, TH",14.967,102.083,188.0,1972-06-16,0.0,30.2,36.1,24.5
TH000048431,"NAKHON RATCHASIMA, TH",14.967,102.083,188.0,1972-06-17,0.9,,36.7,24.5
TH000048431,"NAKHON RATCHASIMA, TH",14.967,102.083,188.0,1972-06-18,5.9,,32.6,24.9
TH000048431,"NAKHON RATCHASIMA, TH",14.967,102.083,188.0,1972-06-19,0.9,28.7,34.0,24.6
TH000048431,"NAKHON RATCHASIMA, TH",14.967,102.083,188.0,1972-06-20,0.0,27.6,31.6,24.6
TH000048431,"NAKHON RATCHASIMA, TH",14.967,102.083,188.0,1972-06-21,19.9,29.7,36.0,23.7
TH000048431,"NAKHON RATCHASIMA, TH",14.967,102.083,188.0,1972-06-22,16.7,28.3,35.1,23.5
TH000048431,"NAKHON RATCHASIMA, TH",14.967,102.083,188.0,1972-06-23,0.7,29.9,36.6,23.9
TH000048431,"NAKHON RATCHASIMA, TH",14.967,102.083,188.0,1972-06-24,24.4,27.9,35.1,23.2
TH000048431,"NAKHON RATCHASIMA, TH",14.967,102.083,188.0,1972-06-25,7.4,26.9,33.0,23.0
TH000048431,"NAKHON RATCHASIMA, TH",14.967,102.083,188.0,1972-06-26,15.5,28.3,34.1,23.7
TH000048431,"NAKHON RATCHASIMA, TH",14.967,102.083,188.0,1972-06-27,0.0,28.6,32.4,23.4
TH000048431,"NAKHON RATCHASIMA, TH",14.967,102.083,188.0,1972-06-28,0.0,28.4,34.0,23.9
TH000048431,"NAKHON RATCHASIMA, TH",14.967,102.083,188.0,1972-06-29,0.3,27.9,32.8,22.7
TH000048431,"NAKHON RATCHASIMA, TH",14.967,102.083,188.0,1972-06-30,8.2,26.7,35.2,23.1
TH000048431,"NAKHON RATCHASIMA, TH",14.967,102.083,188.0,1972-07-01,1.5,28.2,31.0,23.5
TH000048431,"NAKHON RATCHASIMA, TH",14.967,102.083,188.0,1972-07-02,0.0,28.7,32.9,24.7
TH000048431,"NAKHON RATCHASIMA, TH",14.967,102.083,188.0,1972-07-03,0.0,28.6,33.1,23.4
TH000048431,"NAKHON RATCHASIMA, TH",14.967,102.083,188.0,1972-07-04,0.0,30.5,34.1,23.5
TH000048431,"NAKHON RATCHASIMA, TH",14.967,102.083,188.0,1972-07-05,0.0,29.9,34.8,23.2
TH000048431,"NAKHON RATCHASIMA, TH",14.967,102.083,188.0,1972-07-06,0.0,29.7,33.5,25.5
TH000048431,"NAKHON RATCHASIMA, TH",14.967,102.083,188.0,1972-07-07,0.3,29.1,33.6,24.7
TH000048431,"NAKHON RATCHASIMA, TH",14.967,102.083,188.0,1972-07-08,0.0,30.6,36.1,24.6
TH000048431,"NAKHON RATCHASIMA, TH",14.967,102.083,188.0,1972-07-09,0.0,30.9,35.6,25.0
TH000048431,"NAKHON RATCHASIMA, TH",14.967,102.083,188.0,1972-07-10,0.0,30.6,35.8,25.1
TH000048431,"NAKHON RATCHASIMA, TH",14.967,102.083,188.0,1972-07-11,0.0,30.6,35.6,24.9
TH000048431,"NAKHON RATCHASIMA, TH",14.967,102.083,188.0,1972-07-12,1.7,27.1,31.3,24.3
TH000048431,"NAKHON RATCHASIMA, TH",14.967,102.083,188.0,1972-07-13,0.0,29.4,34.6,24.0
TH000048431,"NAKHON RATCHASIMA, TH",14.967,102.083,188.0,1972-07-14,0.0,29.3,33.9,24.9
TH000048431,"NAKHON RATCHASIMA, TH",14.967,102.083,188.0,1972-07-15,4.9,29.2,35.2,23.9
TH000048431,"NAKHON RATCHASIMA, TH",14.967,102.083,188.0,1972-07-16,0.0,29.4,33.9,23.5
TH000048431,"NAKHON RATCHASIMA, TH",14.967,102.083,188.0,1972-07-17,5.4,29.5,36.4,24.1
TH000048431,"NAKHON RATCHASIMA, TH",14.967,102.083,188.0,1972-07-18,0.0,30.8,36.0,23.5
TH000048431,"NAKHON RATCHASIMA, TH",14.967,102.083,188.0,1972-07-19,0.0,30.7,36.6,24.7
TH000048431,"NAKHON RATCHASIMA, TH",14.967,102.083,188.0,1972-07-20,25.3,29.3,36.1,24.1
TH000048431,"NAKHON RATCHASIMA, TH",14.967,102.083,188.0,1972-07-21,0.0,29.9,35.0,23.6
TH000048431,"NAKHON RATCHASIMA, TH",14.967,102.083,188.0,1972-07-22,0.8,29.4,34.9,23.9
TH000048431,"NAKHON RATCHASIMA, TH",14.967,102.083,188.0,1972-07-23,0.0,28.8,33.0,24.5
TH000048431,"NAKHON RATCHASIMA, TH",14.967,102.083,188.0,1972-07-24,0.0,29.1,33.5,24.3
TH000048431,"NAKHON RATCHASIMA, TH",14.967,102.083,188.0,1972-07-25,0.0,30.2,34.6,25.0
TH000048431,"NAKHON RATCHASIMA, TH",14.967,102.083,188.0,1972-07-26,0.0,30.6,34.6,25.1
TH000048431,"NAKHON RATCHASIMA, TH",14.967,102.083,188.0,1972-07-27,0.0,31.0,36.2,25.9
TH000048431,"NAKHON RATCHASIMA, TH",14.967,102.083,188.0,1972-07-28,1.2,31.0,36.1,25.6
TH000048431,"NAKHON RATCHASIMA, TH",14.967,102.083,188.0,1972-07-29,0.2,29.9,35.0,25.0
TH000048431,"NAKHON RATCHASIMA, TH",14.967,102.083,188.0,1972-07-30,2.1,30.3,35.2,25.2
TH000048431,"NAKHON RATCHASIMA, TH",14.967,102.083,188.0,1972-07-31,7.0,27.3,33.0,24.0
TH000048431,"NAKHON RATCHASIMA, TH",14.967,102.083,188.0,1972-08-01,0.0,30.0,35.5,23.4
TH000048431,"NAKHON RATCHASIMA, TH",14.967,102.083,188.0,1972-08-02,0.3,28.5,34.0,24.2
TH000048431,"NAKHON RATCHASIMA, TH",14.967,102.083,188.0,1972-08-03,0.0,29.9,34.9,24.1
TH000048431,"NAKHON RATCHASIMA, TH",14.967,102.083,188.0,1972-08-04,0.0,31.3,36.5,24.5
TH000048431,"NAKHON RATCHASIMA, TH",14.967,102.083,188.0,1972-08-05,0.0,30.4,36.2,25.4
TH000048431,"NAKHON RATCHASIMA, TH",14.967,102.083,188.0,1972-08-06,0.7,29.0,34.9,24.0
TH000048431,"NAKHON RATCHASIMA, TH",14.967,102.083,188.0,1972-08-07,0.7,29.8,35.4,23.5
TH000048431,"NAKHON RATCHASIMA, TH",14.967,102.083,188.0,1972-08-08,0.0,29.8,35.7,23.9
TH000048431,"NAKHON RATCHASIMA, TH",14.967,102.083,188.0,1972-08-09,0.1,28.7,37.5,25.1
TH000048431,"NAKHON RATCHASIMA, TH",14.967,102.083,188.0,1972-08-10,0.0,29.7,36.0,24.5
TH000048431,"NAKHON RATCHASIMA, TH",14.967,102.083,188.0,1972-08-11,0.0,30.8,35.8,24.6
TH000048431,"NAKHON RATCHASIMA, TH",14.967,102.083,188.0,1972-08-12,1.3,30.0,37.4,24.4
TH000048431,"NAKHON RATCHASIMA, TH",14.967,102.083,188.0,1972-08-13,3.7,29.7,34.9,24.4
TH000048431,"NAKHON RATCHASIMA, TH",14.967,102.083,188.0,1972-08-14,0.2,29.6,36.0,24.5
TH000048431,"NAKHON RATCHASIMA, TH",14.967,102.083,188.0,1972-08-15,3.9,29.2,36.0,24.0
TH000048431,"NAKHON RATCHASIMA, TH",14.967,102.083,188.0,1972-08-16,0.0,28.5,32.0,22.5
TH000048431,"NAKHON RATCHASIMA, TH",14.967,102.083,188.0,1972-08-17,0.0,29.1,33.2,24.2
TH000048431,"NAKHON RATCHASIMA, TH",14.967,102.083,188.0,1972-08-18,0.0,29.9,33.9,25.0
TH000048431,"NAKHON RATCHASIMA, TH",14.967,102.083,188.0,1972-08-19,0.0,30.3,36.0,23.2
TH000048431,"NAKHON RATCHASIMA, TH",14.967,102.083,188.0,1972-08-20,0.0,29.2,35.6,25.0
TH000048431,"NAKHON RATCHASIMA, TH",14.967,102.083,188.0,1972-08-21,3.4,27.8,35.1,23.3
TH000048431,"NAKHON RATCHASIMA, TH",14.967,102.083,188.0,1972-08-22,0.0,30.0,35.2,22.9
TH000048431,"NAKHON RATCHASIMA, TH",14.967,102.083,188.0,1972-08-23,1.0,28.4,31.5,24.0
TH000048431,"NAKHON RATCHASIMA, TH",14.967,102.083,188.0,1972-08-24,0.0,29.3,35.1,23.0
TH000048431,"NAKHON RATCHASIMA, TH",14.967,102.083,188.0,1972-08-25,0.0,30.6,37.3,23.6
TH000048431,"NAKHON RATCHASIMA, TH",14.967,102.083,188.0,1972-08-26,3.0,30.8,36.1,23.8
TH000048431,"NAKHON RATCHASIMA, TH",14.967,102.083,188.0,1972-08-27,11.2,29.1,35.6,23.0
TH000048431,"NAKHON RATCHASIMA, TH",14.967,102.083,188.0,1972-08-28,0.0,29.8,34.6,22.5
TH000048431,"NAKHON RATCHASIMA, TH",14.967,102.083,188.0,1972-08-29,0.0,30.2,36.0,23.0
TH000048431,"NAKHON RATCHASIMA, TH",14.967,102.083,188.0,1972-08-30,26.7,28.4,34.7,24.0
TH000048431,"NAKHON RATCHASIMA, TH",14.967,102.083,188.0,1972-08-31,0.3,29.1,33.4,23.4
TH000048431,"NAKHON RATCHASIMA, TH",14.967,102.083,188.0,1972-09-01,0.0,28.7,35.5,22.8
TH000048431,"NAKHON RATCHASIMA, TH",14.967,102.083,188.0,1972-09-02,6.3,28.9,36.1,23.2
TH000048431,"NAKHON RATCHASIMA, TH",14.967,102.083,188.0,1972-09-03,0.8,29.3,34.5,23.0
TH000048431,"NAKHON RATCHASIMA, TH",14.967,102.083,188.0,1972-09-04,35.1,28.6,34.0,23.0
TH000048431,"NAKHON RATCHASIMA, TH",14.967,102.083,188.0,1972-09-05,88.8,25.2,28.7,23.0
TH000048431,"NAKHON RATCHASIMA, TH",14.967,102.083,188.0,1972-09-06,27.5,24.3,24.5,22.7
TH000048431,"NAKHON RATCHASIMA, TH",14.967,102.083,188.0,1972-09-07,14.0,25.1,25.6,22.3
TH000048431,"NAKHON RATCHASIMA, TH",14.967,102.083,188.0,1972-09-08,9.7,24.9,25.8,22.8
TH000048431,"NAKHON RATCHASIMA, TH",14.967,102.083,188.0,1972-09-09,6.3,26.6,31.5,22.5
TH000048431,"NAKHON RATCHASIMA, TH",14.967,102.083,188.0,1972-09-10,0.0,28.3,31.5,21.8
TH000048431,"NAKHON RATCHASIMA, TH",14.967,102.083,188.0,1972-09-11,0.0,29.5,33.1,23.0
TH000048431,"NAKHON RATCHASIMA, TH",14.967,102.083,188.0,1972-09-12,0.0,29.0,34.4,24.2
TH000048431,"NAKHON RATCHASIMA, TH",14.967,102.083,188.0,1972-09-13,0.0,30.3,34.3,24.2
TH000048431,"NAKHON RATCHASIMA, TH",14.967,102.083,188.0,1972-09-14,0.0,29.5,34.6,24.8
TH000048431,"NAKHON RATCHASIMA, TH",14.967,102.083,188.0,1972-09-15,0.0,30.8,34.8,24.0
TH000048431,"NAKHON RATCHASIMA, TH",14.967,102.083,188.0,1972-09-16,0.0,30.4,35.0,25.3
TH000048431,"NAKHON RATCHASIMA, TH",14.967,102.083,188.0,1972-09-17,138.0,26.2,29.8,25.8
TH000048431,"NAKHON RATCHASIMA, TH",14.967,102.083,188.0,1972-09-18,19.2,25.4,26.6,22.7
TH000048431,"NAKHON RATCHASIMA, TH",14.967,102.083,188.0,1972-09-19,6.1,27.4,31.0,23.4
TH000048431,"NAKHON RATCHASIMA, TH",14.967,102.083,188.0,1972-09-20,3.3,27.4,31.1,23.3
TH000048431,"NAKHON RATCHASIMA, TH",14.967,102.083,188.0,1972-09-21,6.9,28.4,33.1,23.8
TH000048431,"NAKHON RATCHASIMA, TH",14.967,102.083,188.0,1972-09-22,7.5,28.4,31.0,24.4
TH000048431,"NAKHON RATCHASIMA, TH",14.967,102.083,188.0,1972-09-23,2.0,28.3,34.1,24.0
TH000048431,"NAKHON RATCHASIMA, TH",14.967,102.083,188.0,1972-09-24,3.0,28.1,34.2,24.0
TH000048431,"NAKHON RATCHASIMA, TH",14.967,102.083,188.0,1972-09-25,7.2,28.2,31.0,24.3
TH000048431,"NAKHON RATCHASIMA, TH",14.967,102.083,188.0,1972-09-26,1.1,26.7,30.2,23.8
TH000048431,"NAKHON RATCHASIMA, TH",14.967,102.083,188.0,1972-09-27,16.2,28.6,32.5,22.4
TH000048431,"NAKHON RATCHASIMA, TH",14.967,102.083,188.0,1972-09-28,26.0,26.9,30.2,21.2
TH000048431,"NAKHON RATCHASIMA, TH",14.967,102.083,188.0,1972-09-29,0.5,29.5,32.0,22.5
TH000048431,"NAKHON RATCHASIMA, TH",14.967,102.083,188.0,1972-09-30,0.0,28.3,31.2,23.8
TH000048431,"NAKHON RATCHASIMA, TH",14.967,102.083,188.0,1972-10-01,0.0,28.1,31.9,24.0
TH000048431,"NAKHON RATCHASIMA, TH",14.967,102.083,188.0,1972-10-02,0.0,30.2,33.0,23.6
TH000048431,"NAKHON RATCHASIMA, TH",14.967,102.083,188.0,1972-10-03,42.6,29.1,32.0,23.3
TH000048431,"NAKHON RATCHASIMA, TH",14.967,102.083,188.0,1972-10-04,43.8,25.9,27.2,22.5
TH000048431,"NAKHON RATCHASIMA, TH",14.967,102.083,188.0,1972-10-05,0.0,28.6,29.4,22.0
TH000048431,"NAKHON RATCHASIMA, TH",14.967,102.083,188.0,1972-10-06,0.0,29.9,31.6,23.6
TH000048431,"NAKHON RATCHASIMA, TH",14.967,102.083,188.0,1972-10-07,1.8,28.7,30.6,23.4
TH000048431,"NAKHON RATCHASIMA, TH",14.967,102.083,188.0,1972-10-08,0.0,29.7,33.9,23.2
TH000048431,"NAKHON RATCHASIMA, TH",14.967,102.083,188.0,1972-10-09,0.0,29.9,33.9,24.0
TH000048431,"NAKHON RATCHASIMA, TH",14.967,102.083,188.0,1972-10-10,6.9,30.6,34.5,24.4
TH000048431,"NAKHON RATCHASIMA, TH",14.967,102.083,188.0,1972-10-11,35.2,28.7,33.3,23.3
TH000048431,"NAKHON RATCHASIMA, TH",14.967,102.083,188.0,1972-10-12,2.7,29.0,33.6,23.3
TH000048431,"NAKHON RATCHASIMA, TH",14.967,102.083,188.0,1972-10-13,48.7,27.6,32.2,22.2
TH000048431,"NAKHON RATCHASIMA, TH",14.967,102.083,188.0,1972-10-14,0.0,28.3,29.6,22.0
TH000048431,"NAKHON RATCHASIMA, TH",14.967,102.083,188.0,1972-10-15,3.8,28.3,32.1,23.4
TH000048431,"NAKHON RATCHASIMA, TH",14.967,102.083,188.0,1972-10-16,0.0,28.5,30.4,23.0
TH000048431,"NAKHON RATCHASIMA, TH",14.967,102.083,188.0,1972-10-17,0.3,28.7,32.9,23.8
TH000048431,"NAKHON RATCHASIMA, TH",14.967,102.083,188.0,1972-10-18,5.8,28.8,32.0,23.6
TH000048431,"NAKHON RATCHASIMA, TH",14.967,102.083,188.0,1972-10-19,0.0,28.3,33.1,23.0
TH000048431,"NAKHON RATCHASIMA, TH",14.967,102.083,188.0,1972-10-20,0.0,28.1,33.5,24.0
TH000048431,"NAKHON RATCHASIMA, TH",14.967,102.083,188.0,1972-10-21,0.2,29.5,34.2,24.0
TH000048431,"NAKHON RATCHASIMA, TH",14.967,102.083,188.0,1972-10-22,0.0,27.3,31.0,24.8
TH000048431,"NAKHON RATCHASIMA, TH",14.967,102.083,188.0,1972-10-23,0.0,26.8,30.7,23.9
TH000048431,"NAKHON RATCHASIMA, TH",14.967,102.083,188.0,1972-10-24,0.0,27.4,31.6,24.0
TH000048431,"NAKHON RATCHASIMA, TH",14.967,102.083,188.0,1972-10-25,0.5,28.1,31.0,23.3
TH000048431,"NAKHON RATCHASIMA, TH",14.967,102.083,188.0,1972-10-26,0.0,27.5,31.2,23.9
TH000048431,"NAKHON RATCHASIMA, TH",14.967,102.083,188.0,1972-10-27,0.4,27.4,31.7,24.0
TH000048431,"NAKHON RATCHASIMA, TH",14.967,102.083,188.0,1972-10-28,0.0,27.7,30.5,23.1
TH000048431,"NAKHON RATCHASIMA, TH",14.967,102.083,188.0,1972-10-29,0.0,27.8,32.1,22.3
TH000048431,"NAKHON RATCHASIMA, TH",14.967,102.083,188.0,1972-10-30,0.0,28.6,32.6,22.2
TH000048431,"NAKHON RATCHASIMA, TH",14.967,102.083,188.0,1972-10-31,0.0,27.9,31.9,22.4
TH000048431,"NAKHON RATCHASIMA, TH",14.967,102.083,188.0,1972-11-01,0.0,28.3,32.6,22.0
TH000048431,"NAKHON RATCHASIMA, TH",14.967,102.083,188.0,1972-11-02,0.0,28.8,32.8,21.6
TH000048431,"NAKHON RATCHASIMA, TH",14.967,102.083,188.0,1972-11-03,0.0,29.0,32.6,23.8
TH000048431,"NAKHON RATCHASIMA, TH",14.967,102.083,188.0,1972-11-04,0.0,28.6,32.0,22.9
TH000048431,"NAKHON RATCHASIMA, TH",14.967,102.083,188.0,1972-11-05,0.0,27.2,30.3,25.0
TH000048431,"NAKHON RATCHASIMA, TH",14.967,102.083,188.0,1972-11-06,0.0,28.3,31.5,22.3
TH000048431,"NAKHON RATCHASIMA, TH",14.967,102.083,188.0,1972-11-07,0.0,28.1,32.2,21.6
TH000048431,"NAKHON RATCHASIMA, TH",14.967,102.083,188.0,1972-11-08,0.0,28.2,32.6,21.6
TH000048431,"NAKHON RATCHASIMA, TH",14.967,102.083,188.0,1972-11-09,5.2,26.8,31.4,22.6
TH000048431,"NAKHON RATCHASIMA, TH",14.967,102.083,188.0,1972-11-10,0.0,26.3,29.4,22.0
TH000048431,"NAKHON RATCHASIMA, TH",14.967,102.083,188.0,1972-11-11,0.0,26.1,29.5,22.6
TH000048431,"NAKHON RATCHASIMA, TH",14.967,102.083,188.0,1972-11-12,0.0,26.9,29.1,22.0
TH000048431,"NAKHON RATCHASIMA, TH",14.967,102.083,188.0,1972-11-13,0.0,27.4,30.9,23.3
TH000048431,"NAKHON RATCHASIMA, TH",14.967,102.083,188.0,1972-11-14,0.0,27.8,32.6,21.8
TH000048431,"NAKHON RATCHASIMA, TH",14.967,102.083,188.0,1972-11-15,1.9,28.0,33.0,21.9
TH000048431,"NAKHON RATCHASIMA, TH",14.967,102.083,188.0,1972-11-16,35.0,26.5,30.7,22.5
TH000048431,"NAKHON RATCHASIMA, TH",14.967,102.083,188.0,1972-11-17,0.0,26.3,29.1,22.1
TH000048431,"NAKHON RATCHASIMA, TH",14.967,102.083,188.0,1972-11-18,0.0,25.9,28.0,22.5
TH000048431,"NAKHON RATCHASIMA, TH",14.967,102.083,188.0,1972-11-19,2.1,23.8,25.0,21.8
TH000048431,"NAKHON RATCHASIMA, TH",14.967,102.083,188.0,1972-11-20,0.5,26.5,29.8,22.4
TH000048431,"NAKHON RATCHASIMA, TH",14.967,102.083,188.0,1972-11-21,6.9,26.8,29.8,23.6
TH000048431,"NAKHON RATCHASIMA, TH",14.967,102.083,188.0,1972-11-22,0.0,26.6,30.5,23.1
TH000048431,"NAKHON RATCHASIMA, TH",14.967,102.083,188.0,1972-11-23,2.6,27.2,31.3,21.8
TH000048431,"NAKHON RATCHASIMA, TH",14.967,102.083,188.0,1972-11-24,0.0,25.4,26.7,23.2
TH000048431,"NAKHON RATCHASIMA, TH",14.967,102.083,188.0,1972-11-25,0.0,26.6,30.1,22.7
TH000048431,"NAKHON RATCHASIMA, TH",14.967,102.083,188.0,1972-11-26,6.2,25.7,29.6,22.6
TH000048431,"NAKHON RATCHASIMA, TH",14.967,102.083,188.0,1972-11-27,0.0,25.5,29.0,22.4
TH000048431,"NAKHON RATCHASIMA, TH",14.967,102.083,188.0,1972-11-28,0.0,24.8,28.4,20.8
TH000048431,"NAKHON RATCHASIMA, TH",14.967,102.083,188.0,1972-11-29,0.0,25.4,28.9,20.2
TH000048431,"NAKHON RATCHASIMA, TH",14.967,102.083,188.0,1972-11-30,0.0,24.2,27.7,21.2
TH000048431,"NAKHON RATCHASIMA, TH",14.967,102.083,188.0,1972-12-01,0.0,21.7,25.0,19.5
TH000048431,"NAKHON RATCHASIMA, TH",14.967,102.083,188.0,1972-12-02,0.0,23.4,27.2,16.7
TH000048431,"NAKHON RATCHASIMA, TH",14.967,102.083,188.0,1972-12-03,0.0,24.3,27.7,19.2
TH000048431,"NAKHON RATCHASIMA, TH",14.967,102.083,188.0,1972-12-04,0.0,23.1,25.2,21.4
TH000048431,"NAKHON RATCHASIMA, TH",14.967,102.083,188.0,1972-12-05,0.0,25.3,28.1,20.3
TH000048431,"NAKHON RATCHASIMA, TH",14.967,102.083,188.0,1972-12-06,0.0,26.9,30.6,20.0
TH000048431,"NAKHON RATCHASIMA, TH",14.967,102.083,188.0,1972-12-07,0.7,27.3,30.0,21.4
TH000048431,"NAKHON RATCHASIMA, TH",14.967,102.083,188.0,1972-12-08,0.0,26.5,29.0,23.2
TH000048431,"NAKHON RATCHASIMA, TH",14.967,102.083,188.0,1972-12-09,0.0,26.0,30.5,20.5
TH000048431,"NAKHON RATCHASIMA, TH",14.967,102.083,188.0,1972-12-10,0.0,26.6,31.0,20.0
TH000048431,"NAKHON RATCHASIMA, TH",14.967,102.083,188.0,1972-12-11,8.7,27.7,32.0,20.5
TH000048431,"NAKHON RATCHASIMA, TH",14.967,102.083,188.0,1972-12-12,7.3,23.9,24.8,22.4
TH000048431,"NAKHON RATCHASIMA, TH",14.967,102.083,188.0,1972-12-13,0.0,22.3,26.7,19.6
TH000048431,"NAKHON RATCHASIMA, TH",14.967,102.083,188.0,1972-12-14,0.0,21.2,24.9,16.5
TH000048431,"NAKHON RATCHASIMA, TH",14.967,102.083,188.0,1972-12-15,0.0,22.2,26.1,16.6
TH000048431,"NAKHON RATCHASIMA, TH",14.967,102.083,188.0,1972-12-16,0.0,23.3,27.9,17.5
TH000048431,"NAKHON RATCHASIMA, TH",14.967,102.083,188.0,1972-12-17,0.0,25.4,30.3,17.5
TH000048431,"NAKHON RATCHASIMA, TH",14.967,102.083,188.0,1972-12-18,0.0,26.1,30.5,18.5
TH000048431,"NAKHON RATCHASIMA, TH",14.967,102.083,188.0,1972-12-19,0.0,26.2,29.5,19.6
TH000048431,"NAKHON RATCHASIMA, TH",14.967,102.083,188.0,1972-12-20,0.0,26.3,31.1,19.9
TH000048431,"NAKHON RATCHASIMA, TH",14.967,102.083,188.0,1972-12-21,0.0,27.0,33.0,18.8
TH000048431,"NAKHON RATCHASIMA, TH",14.967,102.083,188.0,1972-12-22,0.0,27.1,32.1,18.6
TH000048431,"NAKHON RATCHASIMA, TH",14.967,102.083,188.0,1972-12-23,0.0,24.3,32.0,17.8
TH000048431,"NAKHON RATCHASIMA, TH",14.967,102.083,188.0,1972-12-24,0.0,27.4,32.0,18.0
TH000048431,"NAKHON RATCHASIMA, TH",14.967,102.083,188.0,1972-12-25,0.0,27.8,32.1,18.5
TH000048431,"NAKHON RATCHASIMA, TH",14.967,102.083,188.0,1972-12-26,0.0,27.8,32.6,19.6
TH000048431,"NAKHON RATCHASIMA, TH",14.967,102.083,188.0,1972-12-27,0.0,29.2,33.6,19.1
TH000048431,"NAKHON RATCHASIMA, TH",14.967,102.083,188.0,1972-12-28,0.0,28.3,33.0,19.0
TH000048431,"NAKHON RATCHASIMA, TH",14.967,102.083,188.0,1972-12-29,0.0,26.8,32.0,17.6
TH000048431,"NAKHON RATCHASIMA, TH",14.967,102.083,188.0,1972-12-30,0.0,25.9,30.8,19.5
TH000048431,"NAKHON RATCHASIMA, TH",14.967,102.083,188.0,1972-12-31,0.0,26.0,31.5,18.2
TH000048431,"NAKHON RATCHASIMA, TH",14.967,102.083,188.0,1973-01-01,0.0,25.7,33.3,17.5
TH000048431,"NAKHON RATCHASIMA, TH",14.967,102.083,188.0,1973-01-02,0.0,23.8,31.0,17.1
TH000048431,"NAKHON RATCHASIMA, TH",14.967,102.083,188.0,1973-01-03,0.0,20.7,26.7,15.4
TH000048431,"NAKHON RATCHASIMA, TH",14.967,102.083,188.0,1973-01-04,0.0,23.3,29.1,15.0
TH000048431,"NAKHON RATCHASIMA, TH",14.967,102.083,188.0,1973-01-05,0.0,22.1,30.2,15.1
TH000048431,"NAKHON RATCHASIMA, TH",14.967,102.083,188.0,1973-01-06,0.0,23.4,29.1,15.6
TH000048431,"NAKHON RATCHASIMA, TH",14.967,102.083,188.0,1973-01-07,0.0,21.4,28.3,15.5
TH000048431,"NAKHON RATCHASIMA, TH",14.967,102.083,188.0,1973-01-08,0.0,21.8,28.4,14.6
TH000048431,"NAKHON RATCHASIMA, TH",14.967,102.083,188.0,1973-01-09,0.0,21.2,29.5,14.8
TH000048431,"NAKHON RATCHASIMA, TH",14.967,102.083,188.0,1973-01-10,0.0,23.3,31.4,14.8
TH000048431,"NAKHON RATCHASIMA, TH",14.967,102.083,188.0,1973-01-11,0.0,23.1,30.0,15.9
TH000048431,"NAKHON RATCHASIMA, TH",14.967,102.083,188.0,1973-01-12,0.0,20.2,27.2,16.3
TH000048431,"NAKHON RATCHASIMA, TH",14.967,102.083,188.0,1973-01-13,0.0,21.1,29.9,13.5
TH000048431,"NAKHON RATCHASIMA, TH",14.967,102.083,188.0,1973-01-14,0.0,23.0,31.9,15.2
TH000048431,"NAKHON RATCHASIMA, TH",14.967,102.083,188.0,1973-01-15,0.0,25.7,32.6,14.4
TH000048431,"NAKHON RATCHASIMA, TH",14.967,102.083,188.0,1973-01-16,0.0,25.8,34.0,17.5
TH000048431,"NAKHON RATCHASIMA, TH",14.967,102.083,188.0,1973-01-17,0.0,25.5,34.5,17.8
TH000048431,"NAKHON RATCHASIMA, TH",14.967,102.083,188.0,1973-01-18,0.0,27.0,34.5,17.4
TH000048431,"NAKHON RATCHASIMA, TH",14.967,102.083,188.0,1973-01-19,0.0,28.4,35.0,19.0
TH000048431,"NAKHON RATCHASIMA, TH",14.967,102.083,188.0,1973-01-20,0.0,29.0,35.6,19.5
TH000048431,"NAKHON RATCHASIMA, TH",14.967,102.083,188.0,1973-01-21,0.0,27.8,35.4,19.5
TH000048431,"NAKHON RATCHASIMA, TH",14.967,102.083,188.0,1973-01-22,0.0,27.3,35.7,19.0
TH000048431,"NAKHON RATCHASIMA, TH",14.967,102.083,188.0,1973-01-23,0.0,26.2,36.0,16.9
TH000048431,"NAKHON RATCHASIMA, TH",14.967,102.083,188.0,1973-01-24,0.0,26.2,36.1,17.4
TH000048431,"NAKHON RATCHASIMA, TH",14.967,102.083,188.0,1973-01-25,0.0,26.3,35.2,18.0
TH000048431,"NAKHON RATCHASIMA, TH",14.967,102.083,188.0,1973-01-26,0.0,27.8,35.0,20.0
TH000048431,"NAKHON RATCHASIMA, TH",14.967,102.083,188.0,1973-01-27,0.0,26.4,34.3,20.0
TH000048431,"NAKHON RATCHASIMA, TH",14.967,102.083,188.0,1973-01-28,0.0,26.0,32.1,20.1
TH000048431,"NAKHON RATCHASIMA, TH",14.967,102.083,188.0,1973-01-29,0.0,24.7,30.0,21.5
TH000048431,"NAKHON RATCHASIMA, TH",14.967,102.083,188.0,1973-01-30,0.0,23.0,30.5,17.9
TH000048431,"NAKHON RATCHASIMA, TH",14.967,102.083,188.0,1973-01-31,0.0,24.4,30.2,15.9
TH000048431,"NAKHON RATCHASIMA, TH",14.967,102.083,188.0,1973-02-01,0.0,24.0,32.0,15.4
TH000048431,"NAKHON RATCHASIMA, TH",14.967,102.083,188.0,1973-02-02,0.0,23.1,32.0,16.5
TH000048431,"NAKHON RATCHASIMA, TH",14.967,102.083,188.0,1973-02-03,0.0,24.8,33.0,16.5
TH000048431,"NAKHON RATCHASIMA, TH",14.967,102.083,188.0,1973-02-04,0.0,26.0,34.4,16.0
TH000048431,"NAKHON RATCHASIMA, TH",14.967,102.083,188.0,1973-02-05,0.0,26.7,35.0,17.2
TH000048431,"NAKHON RATCHASIMA, TH",14.967,102.083,188.0,1973-02-06,0.0,27.3,36.0,18.2
TH000048431,"NAKHON RATCHASIMA, TH",14.967,102.083,188.0,1973-02-07,0.0,28.6,36.1,20.4
TH000048431,"NAKHON RATCHASIMA, TH",14.967,102.083,188.0,1973-02-08,0.0,25.9,32.6,22.0
TH000048431,"NAKHON RATCHASIMA, TH",14.967,102.083,188.0,1973-02-09,0.0,25.7,32.7,18.4
TH000048431,"NAKHON RATCHASIMA, TH",14.967,102.083,188.0,1973-02-10,0.0,27.0,34.0,18.7
TH000048431,"NAKHON RATCHASIMA, TH",14.967,102.083,188.0,1973-02-11,0.0,27.3,35.0,20.6
TH000048431,"NAKHON RATCHASIMA, TH",14.967,102.083,188.0,1973-02-12,0.0,26.0,33.1,20.8
TH000048431,"NAKHON RATCHASIMA, TH",14.967,102.083,188.0,1973-02-13,0.0,24.5,33.8,18.1
TH000048431,"NAKHON RATCHASIMA, TH",14.967,102.083,188.0,1973-02-14,0.0,25.5,33.7,17.9
TH000048431,"NAKHON RATCHASIMA, TH",14.967,102.083,188.0,1973-02-15,0.0,25.7,33.4,19.3
TH000048431,"NAKHON RATCHASIMA, TH",14.967,102.083,188.0,1973-02-16,0.0,27.6,35.9,19.8
TH000048431,"NAKHON RATCHASIMA, TH",14.967,102.083,188.0,1973-02-17,1.8,28.2,36.4,22.0
TH000048431,"NAKHON RATCHASIMA, TH",14.967,102.083,188.0,1973-02-18,0.0,30.0,37.8,22.2
TH000048431,"NAKHON RATCHASIMA, TH",14.967,102.083,188.0,1973-02-19,0.0,30.1,38.2,23.6
TH000048431,"NAKHON RATCHASIMA, TH",14.967,102.083,188.0,1973-02-20,0.0,31.0,37.9,24.1
TH000048431,"NAKHON RATCHASIMA, TH",14.967,102.083,188.0,1973-02-21,0.0,29.8,36.7,24.5
TH000048431,"NAKHON RATCHASIMA, TH",14.967,102.083,188.0,1973-02-22,0.0,30.2,38.3,22.6
TH000048431,"NAKHON RATCHASIMA, TH",14.967,102.083,188.0,1973-02-23,0.0,30.4,39.5,22.0
TH000048431,"NAKHON RATCHASIMA, TH",14.967,102.083,188.0,1973-02-24,0.0,,38.9,23.0
TH000048431,"NAKHON RATCHASIMA, TH",14.967,102.083,188.0,1973-02-25,0.0,31.3,38.7,23.5
TH000048431,"NAKHON RATCHASIMA, TH",14.967,102.083,188.0,1973-02-26,0.0,29.6,38.5,21.3
TH000048431,"NAKHON RATCHASIMA, TH",14.967,102.083,188.0,1973-02-27,0.0,29.1,39.4,20.3
TH000048431,"NAKHON RATCHASIMA, TH",14.967,102.083,188.0,1973-02-28,0.0,29.3,38.6,19.0
TH000048431,"NAKHON RATCHASIMA, TH",14.967,102.083,188.0,1973-03-01,0.0,26.2,39.4,22.5
TH000048431,"NAKHON RATCHASIMA, TH",14.967,102.083,188.0,1973-03-02,0.0,32.5,39.2,21.7
TH000048431,"NAKHON RATCHASIMA, TH",14.967,102.083,188.0,1973-03-03,0.0,31.0,39.0,24.3
TH000048431,"NAKHON RATCHASIMA, TH",14.967,102.083,188.0,1973-03-04,0.0,30.3,38.1,24.6
TH000048431,"NAKHON RATCHASIMA, TH",14.967,102.083,188.0,1973-03-05,0.0,30.0,38.0,22.5
TH000048431,"NAKHON RATCHASIMA, TH",14.967,102.083,188.0,1973-03-06,0.0,30.2,37.4,24.0
TH000048431,"NAKHON RATCHASIMA, TH",14.967,102.083,188.0,1973-03-07,0.0,30.0,36.4,23.3
TH000048431,"NAKHON RATCHASIMA, TH",14.967,102.083,188.0,1973-03-08,0.0,28.4,35.9,24.3
TH000048431,"NAKHON RATCHASIMA, TH",14.967,102.083,188.0,1973-03-09,0.0,30.2,35.6,23.9
TH000048431,"NAKHON RATCHASIMA, TH",14.967,102.083,188.0,1973-03-10,0.0,30.8,38.0,23.8
TH000048431,"NAKHON RATCHASIMA, TH",14.967,102.083,188.0,1973-03-11,0.0,31.4,37.1,25.2
TH000048431,"NAKHON RATCHASIMA, TH",14.967,102.083,188.0,1973-03-12,0.0,31.4,39.5,26.2
TH000048431,"NAKHON RATCHASIMA, TH",14.967,102.083,188.0,1973-03-13,0.0,31.8,40.3,24.0
TH000048431,"NAKHON RATCHASIMA, TH",14.967,102.083,188.0,1973-03-14,0.0,32.7,40.1,25.5
TH000048431,"NAKHON RATCHASIMA, TH",14.967,102.083,188.0,1973-03-15,0.0,29.0,35.1,26.1
TH000048431,"NAKHON RATCHASIMA, TH",14.967,102.083,188.0,1973-03-16,0.0,30.7,35.8,24.6
TH000048431,"NAKHON RATCHASIMA, TH",14.967,102.083,188.0,1973-03-17,0.0,29.9,37.1,25.0
TH000048431,"NAKHON RATCHASIMA, TH",14.967,102.083,188.0,1973-03-18,0.0,30.7,36.0,25.0
TH000048431,"NAKHON RATCHASIMA, TH",14.967,102.083,188.0,1973-03-19,0.0,30.0,36.9,25.3
TH000048431,"NAKHON RATCHASIMA, TH",14.967,102.083,188.0,1973-03-20,0.0,30.6,37.4,25.5
TH000048431,"NAKHON RATCHASIMA, TH",14.967,102.083,188.0,1973-03-21,2.1,31.3,38.1,24.5
TH000048431,"NAKHON RATCHASIMA, TH",14.967,102.083,188.0,1973-03-22,0.1,28.1,33.0,24.2
TH000048431,"NAKHON RATCHASIMA, TH",14.967,102.083,188.0,1973-03-23,3.5,28.8,37.4,24.2
TH000048431,"NAKHON RATCHASIMA, TH",14.967,102.083,188.0,1973-03-24,25.9,26.7,35.1,22.6
TH000048431,"NAKHON RATCHASIMA, TH",14.967,102.083,188.0,1973-03-25,0.6,24.0,27.4,20.6
TH000048431,"NAKHON RATCHASIMA, TH",14.967,102.083,188.0,1973-03-26,0.0,26.1,31.0,21.3
TH000048431,"NAKHON RATCHASIMA, TH",14.967,102.083,188.0,1973-03-27,0.0,27.4,32.4,22.3
TH000048431,"NAKHON RATCHASIMA, TH",14.967,102.083,188.0,1973-03-28,0.0,27.3,34.1,22.4
TH000048431,"NAKHON RATCHASIMA, TH",14.967,102.083,188.0,1973-03-29,0.0,30.0,36.9,22.7
TH000048431,"NAKHON RATCHASIMA, TH",14.967,102.083,188.0,1973-03-30,0.0,30.0,37.6,25.0
TH000048431,"NAKHON RATCHASIMA, TH",14.967,102.083,188.0,1973-03-31,0.0,30.0,38.5,25.1
TH000048431,"NAKHON RATCHASIMA, TH",14.967,102.083,188.0,1973-04-01,0.0,31.2,38.8,24.5
TH000048431,"NAKHON RATCHASIMA, TH",14.967,102.083,188.0,1973-04-02,0.0,31.7,40.1,24.3
TH000048431,"NAKHON RATCHASIMA, TH",14.967,102.083,188.0,1973-04-03,0.0,29.2,41.0,22.4
TH000048431,"NAKHON RATCHASIMA, TH",14.967,102.083,188.0,1973-04-04,91.8,30.5,38.0,24.5
TH000048431,"NAKHON RATCHASIMA, TH",14.967,102.083,188.0,1973-04-05,0.0,26.6,29.6,23.4
TH000048431,"NAKHON RATCHASIMA, TH",14.967,102.083,188.0,1973-04-06,0.0,30.7,36.6,24.6
TH000048431,"NAKHON RATCHASIMA, TH",14.967,102.083,188.0,1973-04-07,0.0,31.2,38.0,25.2
TH000048431,"NAKHON RATCHASIMA, TH",14.967,102.083,188.0,1973-04-08,0.0,30.9,37.2,25.6
TH000048431,"NAKHON RATCHASIMA, TH",14.967,102.083,188.0,1973-04-09,0.0,31.6,38.6,23.5
TH000048431,"NAKHON RATCHASIMA, TH",14.967,102.083,188.0,1973-04-10,0.0,31.1,38.6,24.0
TH000048431,"NAKHON RATCHASIMA, TH",14.967,102.083,188.0,1973-04-11,0.0,31.7,39.0,24.4
TH000048431,"NAKHON RATCHASIMA, TH",14.967,102.083,188.0,1973-04-12,0.0,31.0,38.6,24.1
TH000048431,"NAKHON RATCHASIMA, TH",14.967,102.083,188.0,1973-04-13,0.0,31.1,38.6,25.1
TH000048431,"NAKHON RATCHASIMA, TH",14.967,102.083,188.0,1973-04-14,0.0,32.3,38.5,24.7
TH000048431,"NAKHON RATCHASIMA, TH",14.967,102.083,188.0,1973-04-15,0.0,31.1,38.6,24.9
TH000048431,"NAKHON RATCHASIMA, TH",14.967,102.083,188.0,1973-04-16,0.0,31.2,38.8,25.1
TH000048431,"NAKHON RATCHASIMA, TH",14.967,102.083,188.0,1973-04-17,0.0,32.3,39.9,24.7
TH000048431,"NAKHON RATCHASIMA, TH",14.967,102.083,188.0,1973-04-18,0.0,28.6,33.0,27.6
TH000048431,"NAKHON RATCHASIMA, TH",14.967,102.083,188.0,1973-04-19,0.0,29.8,36.1,23.5
TH000048431,"NAKHON RATCHASIMA, TH",14.967,102.083,188.0,1973-04-20,33.9,29.4,37.9,25.4
TH000048431,"NAKHON RATCHASIMA, TH",14.967,102.083,188.0,1973-04-21,0.0,30.4,37.2,23.9
TH000048431,"NAKHON RATCHASIMA, TH",14.967,102.083,188.0,1973-04-22,0.0,31.0,37.3,24.4
TH000048431,"NAKHON RATCHASIMA, TH",14.967,102.083,188.0,1973-04-23,0.2,31.2,38.6,24.3
TH000048431,"NAKHON RATCHASIMA, TH",14.967,102.083,188.0,1973-04-24,0.0,29.2,38.4,25.4
TH000048431,"NAKHON RATCHASIMA, TH",14.967,102.083,188.0,1973-04-25,0.0,32.3,38.6,25.3
TH000048431,"NAKHON RATCHASIMA, TH",14.967,102.083,188.0,1973-04-26,0.0,28.5,37.4,25.5
TH000048431,"NAKHON RATCHASIMA, TH",14.967,102.083,188.0,1973-04-27,1.4,28.0,37.1,24.9
TH000048431,"NAKHON RATCHASIMA, TH",14.967,102.083,188.0,1973-04-28,0.1,28.4,36.4,24.0
TH000048431,"NAKHON RATCHASIMA, TH",14.967,102.083,188.0,1973-04-29,0.9,30.7,37.0,24.3
TH000048431,"NAKHON RATCHASIMA, TH",14.967,102.083,188.0,1973-04-30,0.1,30.2,37.0,24.5
TH000048431,"NAKHON RATCHASIMA, TH",14.967,102.083,188.0,1973-05-01,0.2,31.6,37.9,25.0
TH000048431,"NAKHON RATCHASIMA, TH",14.967,102.083,188.0,1973-05-02,16.0,27.4,35.8,24.3
TH000048431,"NAKHON RATCHASIMA, TH",14.967,102.083,188.0,1973-05-03,18.8,26.6,34.3,24.0
TH000048431,"NAKHON RATCHASIMA, TH",14.967,102.083,188.0,1973-05-04,0.2,28.4,34.2,24.1
TH000048431,"NAKHON RATCHASIMA, TH",14.967,102.083,188.0,1973-05-05,0.4,28.8,36.1,25.1
TH000048431,"NAKHON RATCHASIMA, TH",14.967,102.083,188.0,1973-05-06,5.4,28.7,36.2,24.4
TH000048431,"NAKHON RATCHASIMA, TH",14.967,102.083,188.0,1973-05-07,0.4,28.9,36.5,24.5
TH000048431,"NAKHON RATCHASIMA, TH",14.967,102.083,188.0,1973-05-08,0.0,30.3,36.0,24.6
TH000048431,"NAKHON RATCHASIMA, TH",14.967,102.083,188.0,1973-05-09,0.0,31.4,37.0,24.6
TH000048431,"NAKHON RATCHASIMA, TH",14.967,102.083,188.0,1973-05-10,13.2,27.3,35.5,25.3
TH000048431,"NAKHON RATCHASIMA, TH",14.967,102.083,188.0,1973-05-11,0.0,28.5,35.5,24.2
TH000048431,"NAKHON RATCHASIMA, TH",14.967,102.083,188.0,1973-05-12,0.2,28.1,35.1,24.1
TH000048431,"NAKHON RATCHASIMA, TH",14.967,102.083,188.0,1973-05-13,0.0,27.8,35.6,23.1
TH000048431,"NAKHON RATCHASIMA, TH",14.967,102.083,188.0,1973-05-14,0.2,28.8,34.7,24.7
TH000048431,"NAKHON RATCHASIMA, TH",14.967,102.083,188.0,1973-05-15,0.0,28.9,34.4,24.4
TH000048431,"NAKHON RATCHASIMA, TH",14.967,102.083,188.0,1973-05-16,0.0,30.1,36.7,24.4
TH000048431,"NAKHON RATCHASIMA, TH",14.967,102.083,188.0,1973-05-17,1.5,30.1,37.9,24.0
TH000048431,"NAKHON RATCHASIMA, TH",14.967,102.083,188.0,1973-05-18,0.0,30.9,38.5,24.0
TH000048431,"NAKHON RATCHASIMA, TH",14.967,102.083,188.0,1973-05-19,0.0,31.0,38.6,24.0
TH000048431,"NAKHON RATCHASIMA, TH",14.967,102.083,188.0,1973-05-20,0.0,30.4,38.8,23.6
TH000048431,"NAKHON RATCHASIMA, TH",14.967,102.083,188.0,1973-05-21,0.1,30.3,37.4,24.4
TH000048431,"NAKHON RATCHASIMA, TH",14.967,102.083,188.0,1973-05-22,0.0,29.4,37.7,25.0
TH000048431,"NAKHON RATCHASIMA, TH",14.967,102.083,188.0,1973-05-23,1.8,28.3,35.2,24.0
TH000048431,"NAKHON RATCHASIMA, TH",14.967,102.083,188.0,1973-05-24,17.3,26.4,32.1,24.2
TH000048431,"NAKHON RATCHASIMA, TH",14.967,102.083,188.0,1973-05-25,0.1,26.8,33.8,23.8
TH000048431,"NAKHON RATCHASIMA, TH",14.967,102.083,188.0,1973-05-26,0.0,29.3,35.1,23.5
TH000048431,"NAKHON RATCHASIMA, TH",14.967,102.083,188.0,1973-05-27,0.0,29.3,36.0,24.0
TH000048431,"NAKHON RATCHASIMA, TH",14.967,102.083,188.0,1973-05-28,0.8,29.7,36.6,24.7
TH000048431,"NAKHON RATCHASIMA, TH",14.967,102.083,188.0,1973-05-29,2.3,28.3,35.2,25.2
TH000048431,"NAKHON RATCHASIMA, TH",14.967,102.083,188.0,1973-05-30,0.0,29.2,35.9,24.1
TH000048431,"NAKHON RATCHASIMA, TH",14.967,102.083,188.0,1973-05-31,1.1,30.4,37.1,24.5
TH000048431,"NAKHON RATCHASIMA, TH",14.967,102.083,188.0,1973-06-01,1.1,29.6,37.0,24.7
TH000048431,"NAKHON RATCHASIMA, TH",14.967,102.083,188.0,1973-06-02,25.8,27.7,37.8,24.2
TH000048431,"NAKHON RATCHASIMA, TH",14.967,102.083,188.0,1973-06-03,0.0,29.4,35.1,24.5
TH000048431,"NAKHON RATCHASIMA, TH",14.967,102.083,188.0,1973-06-04,0.0,28.7,35.1,25.5
TH000048431,"NAKHON RATCHASIMA, TH",14.967,102.083,188.0,1973-06-05,0.0,30.0,35.4,25.0
TH000048431,"NAKHON RATCHASIMA, TH",14.967,102.083,188.0,1973-06-06,1.1,29.7,35.4,25.0
TH000048431,"NAKHON RATCHASIMA, TH",14.967,102.083,188.0,1973-06-07,0.0,25.8,34.8,25.4
TH000048431,"NAKHON RATCHASIMA, TH",14.967,102.083,188.0,1973-06-08,0.0,26.1,35.6,25.5
TH000048431,"NAKHON RATCHASIMA, TH",14.967,102.083,188.0,1973-06-09,0.5,29.0,35.2,25.6
TH000048431,"NAKHON RATCHASIMA, TH",14.967,102.083,188.0,1973-06-10,0.0,29.5,34.5,25.4
TH000048431,"NAKHON RATCHASIMA, TH",14.967,102.083,188.0,1973-06-11,7.8,29.6,37.1,25.6
TH000048431,"NAKHON RATCHASIMA, TH",14.967,102.083,188.0,1973-06-12,0.0,28.2,35.0,22.4
TH000048431,"NAKHON RATCHASIMA, TH",14.967,102.083,188.0,1973-06-13,0.0,30.0,36.3,25.3
TH000048431,"NAKHON RATCHASIMA, TH",14.967,102.083,188.0,1973-06-14,0.0,30.0,36.1,25.1
TH000048431,"NAKHON RATCHASIMA, TH",14.967,102.083,188.0,1973-06-15,0.8,28.4,33.1,25.0
TH000048431,"NAKHON RATCHASIMA, TH",14.967,102.083,188.0,1973-06-16,1.2,29.6,35.3,25.0
TH000048431,"NAKHON RATCHASIMA, TH",14.967,102.083,188.0,1973-06-17,3.8,26.2,28.1,23.6
TH000048431,"NAKHON RATCHASIMA, TH",14.967,102.083,188.0,1973-06-18,0.0,29.5,35.1,24.5
TH000048431,"NAKHON RATCHASIMA, TH",14.967,102.083,188.0,1973-06-19,17.4,28.1,33.2,25.1
TH000048431,"NAKHON RATCHASIMA, TH",14.967,102.083,188.0,1973-06-20,0.0,29.0,35.0,23.5
TH000048431,"NAKHON RATCHASIMA, TH",14.967,102.083,188.0,1973-06-21,0.0,30.1,36.1,23.5
TH000048431,"NAKHON RATCHASIMA, TH",14.967,102.083,188.0,1973-06-22,0.0,31.8,37.1,24.4
TH000048431,"NAKHON RATCHASIMA, TH",14.967,102.083,188.0,1973-06-23,3.5,27.2,35.6,24.6
TH000048431,"NAKHON RATCHASIMA, TH",14.967,102.083,188.0,1973-06-24,16.0,28.5,34.0,24.5
TH000048431,"NAKHON RATCHASIMA, TH",14.967,102.083,188.0,1973-06-25,0.0,29.3,34.5,23.5
TH000048431,"NAKHON RATCHASIMA, TH",14.967,102.083,188.0,1973-06-26,0.0,29.3,36.0,25.0
TH000048431,"NAKHON RATCHASIMA, TH",14.967,102.083,188.0,1973-06-27,0.0,30.2,36.0,24.5
TH000048431,"NAKHON RATCHASIMA, TH",14.967,102.083,188.0,1973-06-28,0.0,30.0,36.4,25.1
TH000048431,"NAKHON RATCHASIMA, TH",14.967,102.083,188.0,1973-06-29,83.4,27.8,36.3,23.1
TH000048431,"NAKHON RATCHASIMA, TH",14.967,102.083,188.0,1973-06-30,0.0,28.6,35.4,23.1
TH000048431,"NAKHON RATCHASIMA, TH",14.967,102.083,188.0,1973-07-01,1.6,30.8,34.9,24.6
TH000048431,"NAKHON RATCHASIMA, TH",14.967,102.083,188.0,1973-07-02,2.4,28.7,35.7,24.8
TH000048431,"NAKHON RATCHASIMA, TH",14.967,102.083,188.0,1973-07-03,0.0,29.8,34.9,23.9
TH000048431,"NAKHON RATCHASIMA, TH",14.967,102.083,188.0,1973-07-04,6.9,28.9,35.3,23.5
TH000048431,"NAKHON RATCHASIMA, TH",14.967,102.083,188.0,1973-07-05,7.7,26.2,30.6,23.3
TH000048431,"NAKHON RATCHASIMA, TH",14.967,102.083,188.0,1973-07-06,28.5,27.5,34.1,24.3
TH000048431,"NAKHON RATCHASIMA, TH",14.967,102.083,188.0,1973-07-07,0.0,27.6,33.2,22.0
TH000048431,"NAKHON RATCHASIMA, TH",14.967,102.083,188.0,1973-07-08,0.0,28.4,33.4,23.9
TH000048431,"NAKHON RATCHASIMA, TH",14.967,102.083,188.0,1973-07-09,0.0,28.3,32.6,24.4
TH000048431,"NAKHON RATCHASIMA, TH",14.967,102.083,188.0,1973-07-10,10.3,27.0,33.2,24.6
TH000048431,"NAKHON RATCHASIMA, TH",14.967,102.083,188.0,1973-07-11,8.5,27.8,32.5,24.0
TH000048431,"NAKHON RATCHASIMA, TH",14.967,102.083,188.0,1973-07-12,0.1,27.4,31.6,23.6
TH000048431,"NAKHON RATCHASIMA, TH",14.967,102.083,188.0,1973-07-13,0.7,26.9,30.4,24.2
TH000048431,"NAKHON RATCHASIMA, TH",14.967,102.083,188.0,1973-07-14,0.2,27.6,32.2,24.3
TH000048431,"NAKHON RATCHASIMA, TH",14.967,102.083,188.0,1973-07-15,0.0,28.4,33.6,24.1
TH000048431,"NAKHON RATCHASIMA, TH",14.967,102.083,188.0,1973-07-16,0.0,29.0,33.7,24.4
TH000048431,"NAKHON RATCHASIMA, TH",14.967,102.083,188.0,1973-07-17,0.0,27.1,30.9,24.1
TH000048431,"NAKHON RATCHASIMA, TH",14.967,102.083,188.0,1973-07-18,7.7,26.0,32.7,23.2
TH000048431,"NAKHON RATCHASIMA, TH",14.967,102.083,188.0,1973-07-19,0.0,28.4,34.6,22.5
TH000048431,"NAKHON RATCHASIMA, TH",14.967,102.083,188.0,1973-07-20,0.0,30.0,35.0,24.3
TH000048431,"NAKHON RATCHASIMA, TH",14.967,102.083,188.0,1973-07-21,0.0,30.7,36.4,24.1
TH000048431,"NAKHON RATCHASIMA, TH",14.967,102.083,188.0,1973-07-22,0.0,29.2,36.2,24.0
TH000048431,"NAKHON RATCHASIMA, TH",14.967,102.083,188.0,1973-07-23,11.8,29.0,36.1,24.6
TH000048431,"NAKHON RATCHASIMA, TH",14.967,102.083,188.0,1973-07-24,0.0,28.7,35.3,24.0
TH000048431,"NAKHON RATCHASIMA, TH",14.967,102.083,188.0,1973-07-25,12.3,29.0,34.6,24.0
TH000048431,"NAKHON RATCHASIMA, TH",14.967,102.083,188.0,1973-07-26,0.0,28.1,31.6,24.6
TH000048431,"NAKHON RATCHASIMA, TH",14.967,102.083,188.0,1973-07-27,36.5,27.4,35.1,24.2
TH000048431,"NAKHON RATCHASIMA, TH",14.967,102.083,188.0,1973-07-28,3.4,28.1,34.6,22.9
TH000048431,"NAKHON RATCHASIMA, TH",14.967,102.083,188.0,1973-07-29,0.9,28.3,35.1,24.1
TH000048431,"NAKHON RATCHASIMA, TH",14.967,102.083,188.0,1973-07-30,3.8,27.3,35.1,23.9
TH000048431,"NAKHON RATCHASIMA, TH",14.967,102.083,188.0,1973-07-31,2.9,26.4,33.6,23.5
TH000048431,"NAKHON RATCHASIMA, TH",14.967,102.083,188.0,1973-08-01,2.2,26.4,31.7,24.0
TH000048431,"NAKHON RATCHASIMA, TH",14.967,102.083,188.0,1973-08-02,0.0,27.9,33.2,23.2
TH000048431,"NAKHON RATCHASIMA, TH",14.967,102.083,188.0,1973-08-03,0.2,28.4,34.4,24.0
TH000048431,"NAKHON RATCHASIMA, TH",14.967,102.083,188.0,1973-08-04,0.5,25.1,31.0,23.5
TH000048431,"NAKHON RATCHASIMA, TH",14.967,102.083,188.0,1973-08-05,5.0,27.1,33.2,22.4
TH000048431,"NAKHON RATCHASIMA, TH",14.967,102.083,188.0,1973-08-06,1.4,27.7,33.1,23.1
TH000048431,"NAKHON RATCHASIMA, TH",14.967,102.083,188.0,1973-08-07,0.8,28.0,33.8,23.1
TH000048431,"NAKHON RATCHASIMA, TH",14.967,102.083,188.0,1973-08-08,10.9,28.1,35.2,23.7
TH000048431,"NAKHON RATCHASIMA, TH",14.967,102.083,188.0,1973-08-09,7.7,27.0,33.6,23.6
TH000048431,"NAKHON RATCHASIMA, TH",14.967,102.083,188.0,1973-08-10,0.0,27.8,32.6,22.3
TH000048431,"NAKHON RATCHASIMA, TH",14.967,102.083,188.0,1973-08-11,0.0,28.8,33.6,23.6
TH000048431,"NAKHON RATCHASIMA, TH",14.967,102.083,188.0,1973-08-12,0.0,28.3,33.9,23.7
TH000048431,"NAKHON RATCHASIMA, TH",14.967,102.083,188.0,1973-08-13,0.0,28.6,33.4,23.4
TH000048431,"NAKHON RATCHASIMA, TH",14.967,102.083,188.0,1973-08-14,0.0,28.8,33.6,23.5
TH000048431,"NAKHON RATCHASIMA, TH",14.967,102.083,188.0,1973-08-15,0.0,28.8,34.2,22.6
TH000048431,"NAKHON RATCHASIMA, TH",14.967,102.083,188.0,1973-08-16,0.0,28.9,35.2,23.0
TH000048431,"NAKHON RATCHASIMA, TH",14.967,102.083,188.0,1973-08-17,0.0,29.4,34.6,24.0
TH000048431,"NAKHON RATCHASIMA, TH",14.967,102.083,188.0,1973-08-18,0.0,29.1,35.5,24.4
TH000048431,"NAKHON RATCHASIMA, TH",14.967,102.083,188.0,1973-08-19,0.0,28.1,31.8,23.0
TH000048431,"NAKHON RATCHASIMA, TH",14.967,102.083,188.0,1973-08-20,0.0,28.0,34.1,23.8
TH000048431,"NAKHON RATCHASIMA, TH",14.967,102.083,188.0,1973-08-21,0.0,28.6,34.4,24.2
TH000048431,"NAKHON RATCHASIMA, TH",14.967,102.083,188.0,1973-08-22,0.9,27.2,34.6,24.1
TH000048431,"NAKHON RATCHASIMA, TH",14.967,102.083,188.0,1973-08-23,0.0,27.0,30.6,23.8
TH000048431,"NAKHON RATCHASIMA, TH",14.967,102.083,188.0,1973-08-24,3.1,27.0,33.2,23.6
TH000048431,"NAKHON RATCHASIMA, TH",14.967,102.083,188.0,1973-08-25,0.5,26.9,32.7,22.6
TH000048431,"NAKHON RATCHASIMA, TH",14.967,102.083,188.0,1973-08-26,0.0,28.2,31.5,24.1
TH000048431,"NAKHON RATCHASIMA, TH",14.967,102.083,188.0,1973-08-27,0.0,28.9,34.3,24.9
TH000048431,"NAKHON RATCHASIMA, TH",14.967,102.083,188.0,1973-08-28,12.9,28.9,37.1,25.1
TH000048431,"NAKHON RATCHASIMA, TH",14.967,102.083,188.0,1973-08-29,0.9,28.0,33.9,24.1
TH000048431,"NAKHON RATCHASIMA, TH",14.967,102.083,188.0,1973-08-30,0.0,28.1,34.5,24.1
TH000048431,"NAKHON RATCHASIMA, TH",14.967,102.083,188.0,1973-08-31,0.0,28.3,33.7,23.9
TH000048431,"NAKHON RATCHASIMA, TH",14.967,102.083,188.0,1973-09-01,0.0,27.5,31.9,24.6
TH000048431,"NAKHON RATCHASIMA, TH",14.967,102.083,188.0,1973-09-02,0.0,29.4,35.8,24.4
TH000048431,"NAKHON RATCHASIMA, TH",14.967,102.083,188.0,1973-09-03,0.0,29.0,35.4,23.6
TH000048431,"NAKHON RATCHASIMA, TH",14.967,102.083,188.0,1973-09-04,0.0,29.2,35.2,23.6
TH000048431,"NAKHON RATCHASIMA, TH",14.967,102.083,188.0,1973-09-05,0.0,29.0,35.7,23.4
TH000048431,"NAKHON RATCHASIMA, TH",14.967,102.083,188.0,1973-09-06,0.0,30.0,38.0,22.8
TH000048431,"NAKHON RATCHASIMA, TH",14.967,102.083,188.0,1973-09-07,0.0,29.0,36.8,24.0
TH000048431,"NAKHON RATCHASIMA, TH",14.967,102.083,188.0,1973-09-08,13.4,28.4,35.3,24.8
TH000048431,"NAKHON RATCHASIMA, TH",14.967,102.083,188.0,1973-09-09,2.7,26.9,34.6,24.0
TH000048431,"NAKHON RATCHASIMA, TH",14.967,102.083,188.0,1973-09-10,33.7,28.5,35.3,22.9
TH000048431,"NAKHON RATCHASIMA, TH",14.967,102.083,188.0,1973-09-11,34.4,26.9,34.0,22.2
TH000048431,"NAKHON RATCHASIMA, TH",14.967,102.083,188.0,1973-09-12,0.0,28.3,33.2,23.0
TH000048431,"NAKHON RATCHASIMA, TH",14.967,102.083,188.0,1973-09-13,0.6,26.1,30.4,24.6
TH000048431,"NAKHON RATCHASIMA, TH",14.967,102.083,188.0,1973-09-14,0.0,26.9,33.8,22.6
TH000048431,"NAKHON RATCHASIMA, TH",14.967,102.083,188.0,1973-09-15,15.8,29.0,34.0,23.5
TH000048431,"NAKHON RATCHASIMA, TH",14.967,102.083,188.0,1973-09-16,7.6,27.8,34.0,23.4
TH000048431,"NAKHON RATCHASIMA, TH",14.967,102.083,188.0,1973-09-17,5.2,25.8,29.4,23.4
TH000048431,"NAKHON RATCHASIMA, TH",14.967,102.083,188.0,1973-09-18,2.8,25.3,29.7,23.2
TH000048431,"NAKHON RATCHASIMA, TH",14.967,102.083,188.0,1973-09-19,14.6,25.9,31.5,23.4
TH000048431,"NAKHON RATCHASIMA, TH",14.967,102.083,188.0,1973-09-20,9.5,25.9,32.2,23.8
TH000048431,"NAKHON RATCHASIMA, TH",14.967,102.083,188.0,1973-09-21,16.4,25.4,30.2,23.5
TH000048431,"NAKHON RATCHASIMA, TH",14.967,102.083,188.0,1973-09-22,4.4,27.8,32.0,22.6
TH000048431,"NAKHON RATCHASIMA, TH",14.967,102.083,188.0,1973-09-23,0.7,28.4,32.3,23.5
TH000048431,"NAKHON RATCHASIMA, TH",14.967,102.083,188.0,1973-09-24,35.6,26.2,31.1,23.4
TH000048431,"NAKHON RATCHASIMA, TH",14.967,102.083,188.0,1973-09-25,0.2,25.9,30.8,23.3
TH000048431,"NAKHON RATCHASIMA, TH",14.967,102.083,188.0,1973-09-26,36.4,26.3,32.1,23.4
TH000048431,"NAKHON RATCHASIMA, TH",14.967,102.083,188.0,1973-09-27,31.6,25.3,32.0,22.1
TH000048431,"NAKHON RATCHASIMA, TH",14.967,102.083,188.0,1973-09-28,0.5,26.6,32.0,23.3
TH000048431,"NAKHON RATCHASIMA, TH",14.967,102.083,188.0,1973-09-29,1.1,26.2,31.3,23.2
TH000048431,"NAKHON RATCHASIMA, TH",14.967,102.083,188.0,1973-09-30,1.8,26.6,30.6,23.3
TH000048431,"NAKHON RATCHASIMA, TH",14.967,102.083,188.0,1973-10-01,0.0,26.9,32.0,22.5
TH000048431,"NAKHON RATCHASIMA, TH",14.967,102.083,188.0,1973-10-02,0.0,28.0,32.7,23.3
TH000048431,"NAKHON RATCHASIMA, TH",14.967,102.083,188.0,1973-10-03,11.5,28.1,32.5,24.0
TH000048431,"NAKHON RATCHASIMA, TH",14.967,102.083,188.0,1973-10-04,0.2,27.0,31.3,23.5
TH000048431,"NAKHON RATCHASIMA, TH",14.967,102.083,188.0,1973-10-05,0.1,27.0,32.1,23.2
TH000048431,"NAKHON RATCHASIMA, TH",14.967,102.083,188.0,1973-10-06,3.2,28.3,32.3,24.0
TH000048431,"NAKHON RATCHASIMA, TH",14.967,102.083,188.0,1973-10-07,2.9,27.6,32.9,23.0
TH000048431,"NAKHON RATCHASIMA, TH",14.967,102.083,188.0,1973-10-08,24.5,23.2,25.6,22.0
TH000048431,"NAKHON RATCHASIMA, TH",14.967,102.083,188.0,1973-10-09,6.0,22.9,24.5,21.0
TH000048431,"NAKHON RATCHASIMA, TH",14.967,102.083,188.0,1973-10-10,0.0,26.3,31.0,21.7
TH000048431,"NAKHON RATCHASIMA, TH",14.967,102.083,188.0,1973-10-11,0.0,25.7,30.6,22.5
TH000048431,"NAKHON RATCHASIMA, TH",14.967,102.083,188.0,1973-10-12,0.0,27.4,30.4,21.1
TH000048431,"NAKHON RATCHASIMA, TH",14.967,102.083,188.0,1973-10-13,0.0,26.3,30.3,23.1
TH000048431,"NAKHON RATCHASIMA, TH",14.967,102.083,188.0,1973-10-14,0.3,26.2,30.6,22.2
TH000048431,"NAKHON RATCHASIMA, TH",14.967,102.083,188.0,1973-10-15,0.9,25.2,29.4,22.2
TH000048431,"NAKHON RATCHASIMA, TH",14.967,102.083,188.0,1973-10-16,0.7,23.3,24.9,21.9
TH000048431,"NAKHON RATCHASIMA, TH",14.967,102.083,188.0,1973-10-17,0.0,24.8,27.5,21.7
TH000048431,"NAKHON RATCHASIMA, TH",14.967,102.083,188.0,1973-10-18,0.0,25.2,30.9,20.8
TH000048431,"NAKHON RATCHASIMA, TH",14.967,102.083,188.0,1973-10-19,0.0,27.0,33.4,21.0
TH000048431,"NAKHON RATCHASIMA, TH",14.967,102.083,188.0,1973-10-20,0.0,28.3,33.8,21.8
TH000048431,"NAKHON RATCHASIMA, TH",14.967,102.083,188.0,1973-10-21,0.0,27.7,32.7,21.7
TH000048431,"NAKHON RATCHASIMA, TH",14.967,102.083,188.0,1973-10-22,0.0,27.5,32.0,23.2
TH000048431,"NAKHON RATCHASIMA, TH",14.967,102.083,188.0,1973-10-23,0.0,26.0,30.7,22.6
TH000048431,"NAKHON RATCHASIMA, TH",14.967,102.083,188.0,1973-10-24,0.0,26.3,30.5,22.3
TH000048431,"NAKHON RATCHASIMA, TH",14.967,102.083,188.0,1973-10-25,0.0,26.4,31.2,22.7
TH000048431,"NAKHON RATCHASIMA, TH",14.967,102.083,188.0,1973-10-26,27.0,26.8,31.6,23.0
TH000048431,"NAKHON RATCHASIMA, TH",14.967,102.083,188.0,1973-10-27,0.6,25.5,29.0,22.0
TH000048431,"NAKHON RATCHASIMA, TH",14.967,102.083,188.0,1973-10-28,0.0,25.2,28.6,22.1
TH000048431,"NAKHON RATCHASIMA, TH",14.967,102.083,188.0,1973-10-29,0.0,24.3,28.8,19.6
TH000048431,"NAKHON RATCHASIMA, TH",14.967,102.083,188.0,1973-10-30,0.0,25.0,29.3,19.4
TH000048431,"NAKHON RATCHASIMA, TH",14.967,102.083,188.0,1973-10-31,0.0,24.6,29.0,20.6
TH000048431,"NAKHON RATCHASIMA, TH",14.967,102.083,188.0,1973-11-01,0.0,23.8,28.4,18.6
TH000048431,"NAKHON RATCHASIMA, TH",14.967,102.083,188.0,1973-11-02,0.0,23.6,28.2,18.5
TH000048431,"NAKHON RATCHASIMA, TH",14.967,102.083,188.0,1973-11-03,0.0,24.2,29.3,19.4
TH000048431,"NAKHON RATCHASIMA, TH",14.967,102.083,188.0,1973-11-04,0.0,25.6,29.9,19.5
TH000048431,"NAKHON RATCHASIMA, TH",14.967,102.083,188.0,1973-11-05,0.0,25.4,30.2,21.8
TH000048431,"NAKHON RATCHASIMA, TH",14.967,102.083,188.0,1973-11-06,0.2,25.6,29.5,21.1
TH000048431,"NAKHON RATCHASIMA, TH",14.967,102.083,188.0,1973-11-07,1.3,24.2,26.5,22.0
TH000048431,"NAKHON RATCHASIMA, TH",14.967,102.083,188.0,1973-11-08,0.0,25.8,29.6,22.3
TH000048431,"NAKHON RATCHASIMA, TH",14.967,102.083,188.0,1973-11-09,0.0,27.1,33.4,21.5
TH000048431,"NAKHON RATCHASIMA, TH",14.967,102.083,188.0,1973-11-10,0.0,27.4,33.0,22.4
TH000048431,"NAKHON RATCHASIMA, TH",14.967,102.083,188.0,1973-11-11,2.1,27.3,30.9,22.0
TH000048431,"NAKHON RATCHASIMA, TH",14.967,102.083,188.0,1973-11-12,2.6,23.2,25.3,22.0
TH000048431,"NAKHON RATCHASIMA, TH",14.967,102.083,188.0,1973-11-13,8.6,23.6,27.6,20.6
TH000048431,"NAKHON RATCHASIMA, TH",14.967,102.083,188.0,1973-11-14,0.0,24.6,28.5,19.2
TH000048431,"NAKHON RATCHASIMA, TH",14.967,102.083,188.0,1973-11-15,0.0,24.7,29.0,20.0
TH000048431,"NAKHON RATCHASIMA, TH",14.967,102.083,188.0,1973-11-16,0.0,24.2,29.1,17.8
TH000048431,"NAKHON RATCHASIMA, TH",14.967,102.083,188.0,1973-11-17,0.0,24.8,29.1,21.5
TH000048431,"NAKHON RATCHASIMA, TH",14.967,102.083,188.0,1973-11-18,0.5,24.3,28.6,20.5
TH000048431,"NAKHON RATCHASIMA, TH",14.967,102.083,188.0,1973-11-19,0.1,25.0,29.0,21.1
TH000048431,"NAKHON RATCHASIMA, TH",14.967,102.083,188.0,1973-11-20,0.0,25.3,29.7,22.1
TH000048431,"NAKHON RATCHASIMA, TH",14.967,102.083,188.0,1973-11-21,0.0,24.5,30.2,19.9
TH000048431,"NAKHON RATCHASIMA, TH",14.967,102.083,188.0,1973-11-22,0.0,24.2,28.3,19.0
TH000048431,"NAKHON RATCHASIMA, TH",14.967,102.083,188.0,1973-11-23,0.0,22.8,28.3,18.5
TH000048431,"NAKHON RATCHASIMA, TH",14.967,102.083,188.0,1973-11-24,0.0,22.0,27.4,17.0
TH000048431,"NAKHON RATCHASIMA, TH",14.967,102.083,188.0,1973-11-25,0.0,20.3,27.1,12.6
TH000048431,"NAKHON RATCHASIMA, TH",14.967,102.083,188.0,1973-11-26,0.0,20.0,26.4,12.2
TH000048431,"NAKHON RATCHASIMA, TH",14.967,102.083,188.0,1973-11-27,0.0,20.0,28.3,12.4
TH000048431,"NAKHON RATCHASIMA, TH",14.967,102.083,188.0,1973-11-28,0.0,21.0,28.0,14.0
TH000048431,"NAKHON RATCHASIMA, TH",14.967,102.083,188.0,1973-11-29,0.0,22.4,28.5,16.4
TH000048431,"NAKHON RATCHASIMA, TH",14.967,102.083,188.0,1973-11-30,0.0,22.8,28.8,16.9
TH000048431,"NAKHON RATCHASIMA, TH",14.967,102.083,188.0,1973-12-01,0.0,20.7,28.4,16.3
TH000048431,"NAKHON RATCHASIMA, TH",14.967,102.083,188.0,1973-12-02,0.0,21.4,29.5,13.8
TH000048431,"NAKHON RATCHASIMA, TH",14.967,102.083,188.0,1973-12-03,0.0,22.8,30.1,14.5
TH000048431,"NAKHON RATCHASIMA, TH",14.967,102.083,188.0,1973-12-04,0.0,24.6,31.4,16.0
TH000048431,"NAKHON RATCHASIMA, TH",14.967,102.083,188.0,1973-12-05,0.0,25.0,29.8,21.5
TH000048431,"NAKHON RATCHASIMA, TH",14.967,102.083,188.0,1973-12-06,0.0,24.5,30.0,20.2
TH000048431,"NAKHON RATCHASIMA, TH",14.967,102.083,188.0,1973-12-07,0.0,24.2,28.6,19.7
TH000048431,"NAKHON RATCHASIMA, TH",14.967,102.083,188.0,1973-12-08,0.0,22.8,28.7,17.7
TH000048431,"NAKHON RATCHASIMA, TH",14.967,102.083,188.0,1973-12-09,0.0,24.5,30.0,17.4
TH000048431,"NAKHON RATCHASIMA, TH",14.967,102.083,188.0,1973-12-10,0.0,25.6,31.0,18.4
TH000048431,"NAKHON RATCHASIMA, TH",14.967,102.083,188.0,1973-12-11,0.0,24.7,32.7,16.6
TH000048431,"NAKHON RATCHASIMA, TH",14.967,102.083,188.0,1973-12-12,0.0,26.4,32.0,17.9
TH000048431,"NAKHON RATCHASIMA, TH",14.967,102.083,188.0,1973-12-13,0.0,21.0,31.2,19.3
TH000048431,"NAKHON RATCHASIMA, TH",14.967,102.083,188.0,1973-12-14,0.0,23.8,30.2,17.7
TH000048431,"NAKHON RATCHASIMA, TH",14.967,102.083,188.0,1973-12-15,0.0,24.4,29.5,17.0
TH000048431,"NAKHON RATCHASIMA, TH",14.967,102.083,188.0,1973-12-16,0.0,22.7,27.4,16.7
TH000048431,"NAKHON RATCHASIMA, TH",14.967,102.083,188.0,1973-12-17,0.0,19.0,25.7,14.0
TH000048431,"NAKHON RATCHASIMA, TH",14.967,102.083,188.0,1973-12-18,0.0,19.0,27.5,10.6
TH000048431,"NAKHON RATCHASIMA, TH",14.967,102.083,188.0,1973-12-19,0.0,19.6,28.3,10.6
TH000048431,"NAKHON RATCHASIMA, TH",14.967,102.083,188.0,1973-12-20,0.0,22.5,30.5,13.8
TH000048431,"NAKHON RATCHASIMA, TH",14.967,102.083,188.0,1973-12-21,0.0,24.8,30.7,16.6
TH000048431,"NAKHON RATCHASIMA, TH",14.967,102.083,188.0,1973-12-22,0.0,22.4,28.3,18.7
TH000048431,"NAKHON RATCHASIMA, TH",14.967,102.083,188.0,1973-12-23,0.0,20.4,26.9,14.1
TH000048431,"NAKHON RATCHASIMA, TH",14.967,102.083,188.0,1973-12-24,0.0,20.4,25.5,15.3
TH000048431,"NAKHON RATCHASIMA, TH",14.967,102.083,188.0,1973-12-25,0.0,18.7,24.0,13.9
TH000048431,"NAKHON RATCHASIMA, TH",14.967,102.083,188.0,1973-12-26,0.0,17.8,23.5,12.6
TH000048431,"NAKHON RATCHASIMA, TH",14.967,102.083,188.0,1973-12-27,0.0,17.4,24.0,9.0
TH000048431,"NAKHON RATCHASIMA, TH",14.967,102.083,188.0,1973-12-28,0.0,18.6,24.4,11.2
TH000048431,"NAKHON RATCHASIMA, TH",14.967,102.083,188.0,1973-12-29,0.0,18.0,24.8,11.1
TH000048431,"NAKHON RATCHASIMA, TH",14.967,102.083,188.0,1973-12-30,0.0,15.4,24.0,11.5
TH000048431,"NAKHON RATCHASIMA, TH",14.967,102.083,188.0,1973-12-31,0.0,18.6,23.5,10.1
TH000048431,"NAKHON RATCHASIMA, TH",14.967,102.083,188.0,1974-01-01,0.0,17.7,24.1,11.6
TH000048431,"NAKHON RATCHASIMA, TH",14.967,102.083,188.0,1974-01-02,0.0,17.8,25.1,8.0
TH000048431,"NAKHON RATCHASIMA, TH",14.967,102.083,188.0,1974-01-03,0.0,18.7,24.8,12.8
TH000048431,"NAKHON RATCHASIMA, TH",14.967,102.083,188.0,1974-01-04,0.0,18.5,25.1,8.6
TH000048431,"NAKHON RATCHASIMA, TH",14.967,102.083,188.0,1974-01-05,0.0,19.6,26.1,8.1
TH000048431,"NAKHON RATCHASIMA, TH",14.967,102.083,188.0,1974-01-06,0.0,21.4,27.5,11.9
TH000048431,"NAKHON RATCHASIMA, TH",14.967,102.083,188.0,1974-01-07,0.0,20.3,27.6,11.8
TH000048431,"NAKHON RATCHASIMA, TH",14.967,102.083,188.0,1974-01-08,0.0,21.4,29.2,11.5
TH000048431,"NAKHON RATCHASIMA, TH",14.967,102.083,188.0,1974-01-09,0.0,20.7,31.1,11.8
TH000048431,"NAKHON RATCHASIMA, TH",14.967,102.083,188.0,1974-01-10,0.0,24.6,32.4,12.8
TH000048431,"NAKHON RATCHASIMA, TH",14.967,102.083,188.0,1974-01-11,0.0,23.0,31.8,13.2
TH000048431,"NAKHON RATCHASIMA, TH",14.967,102.083,188.0,1974-01-12,0.0,23.7,31.0,16.0
TH000048431,"NAKHON RATCHASIMA, TH",14.967,102.083,188.0,1974-01-13,0.0,23.0,30.9,14.0
TH000048431,"NAKHON RATCHASIMA, TH",14.967,102.083,188.0,1974-01-14,0.0,24.2,32.5,13.5
TH000048431,"NAKHON RATCHASIMA, TH",14.967,102.083,188.0,1974-01-15,0.0,24.3,31.7,14.6
TH000048431,"NAKHON RATCHASIMA, TH",14.967,102.083,188.0,1974-01-16,0.0,25.4,32.9,16.8
TH000048431,"NAKHON RATCHASIMA, TH",14.967,102.083,188.0,1974-01-17,0.0,27.3,34.2,18.7
TH000048431,"NAKHON RATCHASIMA, TH",14.967,102.083,188.0,1974-01-18,0.0,26.7,33.9,22.7
TH000048431,"NAKHON RATCHASIMA, TH",14.967,102.083,188.0,1974-01-19,0.0,25.8,32.0,22.0
TH000048431,"NAKHON RATCHASIMA, TH",14.967,102.083,188.0,1974-01-20,0.0,27.5,32.3,20.1
TH000048431,"NAKHON RATCHASIMA, TH",14.967,102.083,188.0,1974-01-21,0.0,25.9,33.8,20.5
TH000048431,"NAKHON RATCHASIMA, TH",14.967,102.083,188.0,1974-01-22,0.0,27.0,34.0,18.5
TH000048431,"NAKHON RATCHASIMA, TH",14.967,102.083,188.0,1974-01-23,0.0,27.6,35.0,21.0
TH000048431,"NAKHON RATCHASIMA, TH",14.967,102.083,188.0,1974-01-24,0.0,26.5,34.8,20.4
TH000048431,"NAKHON RATCHASIMA, TH",14.967,102.083,188.0,1974-01-25,0.0,28.0,35.2,20.1
TH000048431,"NAKHON RATCHASIMA, TH",14.967,102.083,188.0,1974-01-26,0.0,27.8,33.3,22.0
TH000048431,"NAKHON RATCHASIMA, TH",14.967,102.083,188.0,1974-01-27,0.0,25.6,29.0,21.6
TH000048431,"NAKHON RATCHASIMA, TH",14.967,102.083,188.0,1974-01-28,0.0,27.0,33.1,19.8
TH000048431,"NAKHON RATCHASIMA, TH",14.967,102.083,188.0,1974-01-29,0.0,26.5,34.2,21.1
TH000048431,"NAKHON RATCHASIMA, TH",14.967,102.083,188.0,1974-01-30,6.6,27.5,35.2,21.2
TH000048431,"NAKHON RATCHASIMA, TH",14.967,102.083,188.0,1974-01-31,0.0,28.2,33.1,22.4
TH000048431,"NAKHON RATCHASIMA, TH",14.967,102.083,188.0,1974-02-01,49.9,27.8,33.2,22.8
TH000048431,"NAKHON RATCHASIMA, TH",14.967,102.083,188.0,1974-02-02,3.2,22.7,26.8,21.2
TH000048431,"NAKHON RATCHASIMA, TH",14.967,102.083,188.0,1974-02-03,0.0,25.4,30.1,18.8
TH000048431,"NAKHON RATCHASIMA, TH",14.967,102.083,188.0,1974-02-04,0.0,28.5,34.9,20.7
TH000048431,"NAKHON RATCHASIMA, TH",14.967,102.083,188.0,1974-02-05,0.0,27.2,35.1,19.0
TH000048431,"NAKHON RATCHASIMA, TH",14.967,102.083,188.0,1974-02-06,0.0,26.2,34.6,17.5
TH000048431,"NAKHON RATCHASIMA, TH",14.967,102.083,188.0,1974-02-07,0.0,24.8,29.6,19.2
TH000048431,"NAKHON RATCHASIMA, TH",14.967,102.083,188.0,1974-02-08,0.0,20.6,26.0,17.1
TH000048431,"NAKHON RATCHASIMA, TH",14.967,102.083,188.0,1974-02-09,0.0,18.9,24.6,13.8
TH000048431,"NAKHON RATCHASIMA, TH",14.967,102.083,188.0,1974-02-10,0.0,19.4,25.0,13.3
TH000048431,"NAKHON RATCHASIMA, TH",14.967,102.083,188.0,1974-02-11,0.0,17.8,24.0,12.0
TH000048431,"NAKHON RATCHASIMA, TH",14.967,102.083,188.0,1974-02-12,0.0,18.5,24.9,12.4
TH000048431,"NAKHON RATCHASIMA, TH",14.967,102.083,188.0,1974-02-13,0.0,19.2,26.6,11.4
TH000048431,"NAKHON RATCHASIMA, TH",14.967,102.083,188.0,1974-02-14,0.0,21.2,29.7,13.4
TH000048431,"NAKHON RATCHASIMA, TH",14.967,102.083,188.0,1974-02-15,0.0,23.9,31.8,15.5
TH000048431,"NAKHON RATCHASIMA, TH",14.967,102.083,188.0,1974-02-16,0.0,26.8,34.1,19.8
TH000048431,"NAKHON RATCHASIMA, TH",14.967,102.083,188.0,1974-02-17,0.0,28.8,36.3,19.1
TH000048431,"NAKHON RATCHASIMA, TH",14.967,102.083,188.0,1974-02-18,1.1,26.8,35.4,24.1
TH000048431,"NAKHON RATCHASIMA, TH",14.967,102.083,188.0,1974-02-19,0.0,27.6,35.5,21.9
TH000048431,"NAKHON RATCHASIMA, TH",14.967,102.083,188.0,1974-02-20,0.0,26.6,35.2,22.7
TH000048431,"NAKHON RATCHASIMA, TH",14.967,102.083,188.0,1974-02-21,0.0,28.6,35.6,21.3
TH000048431,"NAKHON RATCHASIMA, TH",14.967,102.083,188.0,1974-02-22,0.0,29.1,36.6,23.4
TH000048431,"NAKHON RATCHASIMA, TH",14.967,102.083,188.0,1974-02-23,0.0,30.2,37.7,21.8
TH000048431,"NAKHON RATCHASIMA, TH",14.967,102.083,188.0,1974-02-24,0.0,30.7,38.5,21.5
TH000048431,"NAKHON RATCHASIMA, TH",14.967,102.083,188.0,1974-02-25,0.0,29.1,37.6,22.4
TH000048431,"NAKHON RATCHASIMA, TH",14.967,102.083,188.0,1974-02-26,0.0,19.4,23.2,17.4
TH000048431,"NAKHON RATCHASIMA, TH",14.967,102.083,188.0,1974-02-27,0.0,21.6,26.6,15.4
TH000048431,"NAKHON RATCHASIMA, TH",14.967,102.083,188.0,1974-02-28,0.0,21.3,27.8,14.9
TH000048431,"NAKHON RATCHASIMA, TH",14.967,102.083,188.0,1974-03-01,0.0,21.6,28.7,15.8
TH000048431,"NAKHON RATCHASIMA, TH",14.967,102.083,188.0,1974-03-02,0.0,24.2,32.1,16.1
TH000048431,"NAKHON RATCHASIMA, TH",14.967,102.083,188.0,1974-03-03,0.0,26.0,33.4,17.1
TH000048431,"NAKHON RATCHASIMA, TH",14.967,102.083,188.0,1974-03-04,0.0,29.0,36.2,18.4
TH000048431,"NAKHON RATCHASIMA, TH",14.967,102.083,188.0,1974-03-05,1.8,28.4,36.5,22.5
TH000048431,"NAKHON RATCHASIMA, TH",14.967,102.083,188.0,1974-03-06,0.0,28.9,37.0,22.4
TH000048431,"NAKHON RATCHASIMA, TH",14.967,102.083,188.0,1974-03-07,0.0,29.0,38.0,23.0
TH000048431,"NAKHON RATCHASIMA, TH",14.967,102.083,188.0,1974-03-08,0.0,29.2,39.3,23.1
TH000048431,"NAKHON RATCHASIMA, TH",14.967,102.083,188.0,1974-03-09,1.5,29.1,38.5,24.0
TH000048431,"NAKHON RATCHASIMA, TH",14.967,102.083,188.0,1974-03-10,97.3,29.5,36.8,23.6
TH000048431,"NAKHON RATCHASIMA, TH",14.967,102.083,188.0,1974-03-11,4.6,23.0,26.7,20.5
TH000048431,"NAKHON RATCHASIMA, TH",14.967,102.083,188.0,1974-03-12,0.0,27.7,33.0,21.2
TH000048431,"NAKHON RATCHASIMA, TH",14.967,102.083,188.0,1974-03-13,0.0,28.8,34.8,23.2
TH000048431,"NAKHON RATCHASIMA, TH",14.967,102.083,188.0,1974-03-14,0.0,28.5,34.4,23.5
TH000048431,"NAKHON RATCHASIMA, TH",14.967,102.083,188.0,1974-03-15,0.0,28.0,34.4,23.2
TH000048431,"NAKHON RATCHASIMA, TH",14.967,102.083,188.0,1974-03-16,0.0,28.5,35.1,22.7
TH000048431,"NAKHON RATCHASIMA, TH",14.967,102.083,188.0,1974-03-17,0.3,27.3,34.1,23.3
TH000048431,"NAKHON RATCHASIMA, TH",14.967,102.083,188.0,1974-03-18,0.0,24.7,29.6,21.2
TH000048431,"NAKHON RATCHASIMA, TH",14.967,102.083,188.0,1974-03-19,1.9,26.0,29.6,20.7
TH000048431,"NAKHON RATCHASIMA, TH",14.967,102.083,188.0,1974-03-20,0.4,25.7,29.9,23.2
TH000048431,"NAKHON RATCHASIMA, TH",14.967,102.083,188.0,1974-03-21,0.0,24.2,28.9,21.5
TH000048431,"NAKHON RATCHASIMA, TH",14.967,102.083,188.0,1974-03-22,0.0,24.9,31.0,19.6
TH000048431,"NAKHON RATCHASIMA, TH",14.967,102.083,188.0,1974-03-23,30.1,25.8,33.5,22.4
TH000048431,"NAKHON RATCHASIMA, TH",14.967,102.083,188.0,1974-03-24,1.2,25.4,30.6,21.1
TH000048431,"NAKHON RATCHASIMA, TH",14.967,102.083,188.0,1974-03-25,0.0,27.8,33.9,21.6
TH000048431,"NAKHON RATCHASIMA, TH",14.967,102.083,188.0,1974-03-26,0.0,29.0,35.5,22.2
TH000048431,"NAKHON RATCHASIMA, TH",14.967,102.083,188.0,1974-03-27,0.0,22.9,26.6,21.0
TH000048431,"NAKHON RATCHASIMA, TH",14.967,102.083,188.0,1974-03-28,0.0,22.0,27.0,18.4
TH000048431,"NAKHON RATCHASIMA, TH",14.967,102.083,188.0,1974-03-29,0.0,25.8,30.7,19.0
TH000048431,"NAKHON RATCHASIMA, TH",14.967,102.083,188.0,1974-03-30,0.0,27.8,34.0,21.9
TH000048431,"NAKHON RATCHASIMA, TH",14.967,102.083,188.0,1974-03-31,0.0,26.5,33.6,23.6
TH000048431,"NAKHON RATCHASIMA, TH",14.967,102.083,188.0,1974-04-01,0.0,28.5,35.3,22.0
TH000048431,"NAKHON RATCHASIMA, TH",14.967,102.083,188.0,1974-04-02,0.0,27.0,31.3,23.1
TH000048431,"NAKHON RATCHASIMA, TH",14.967,102.083,188.0,1974-04-03,0.0,25.5,30.7,21.2
TH000048431,"NAKHON RATCHASIMA, TH",14.967,102.083,188.0,1974-04-04,0.0,29.7,35.1,20.8
TH000048431,"NAKHON RATCHASIMA, TH",14.967,102.083,188.0,1974-04-05,0.0,29.5,37.2,23.4
TH000048431,"NAKHON RATCHASIMA, TH",14.967,102.083,188.0,1974-04-06,0.0,30.4,37.9,23.4
TH000048431,"NAKHON RATCHASIMA, TH",14.967,102.083,188.0,1974-04-07,0.0,32.2,38.6,24.0
TH000048431,"NAKHON RATCHASIMA, TH",14.967,102.083,188.0,1974-04-08,0.0,30.0,38.8,24.5
TH000048431,"NAKHON RATCHASIMA, TH",14.967,102.083,188.0,1974-04-09,0.0,29.7,36.2,24.4
TH000048431,"NAKHON RATCHASIMA, TH",14.967,102.083,188.0,1974-04-10,0.0,29.4,35.3,23.5
TH000048431,"NAKHON RATCHASIMA, TH",14.967,102.083,188.0,1974-04-11,5.4,26.3,36.0,23.5
TH000048431,"NAKHON RATCHASIMA, TH",14.967,102.083,188.0,1974-04-12,0.0,27.8,33.0,22.8
TH000048431,"NAKHON RATCHASIMA, TH",14.967,102.083,188.0,1974-04-13,0.2,26.2,32.8,22.1
TH000048431,"NAKHON RATCHASIMA, TH",14.967,102.083,188.0,1974-04-14,0.2,27.8,34.5,23.7
TH000048431,"NAKHON RATCHASIMA, TH",14.967,102.083,188.0,1974-04-15,4.7,25.2,30.8,24.0
TH000048431,"NAKHON RATCHASIMA, TH",14.967,102.083,188.0,1974-04-16,0.0,25.7,31.6,22.2
TH000048431,"NAKHON RATCHASIMA, TH",14.967,102.083,188.0,1974-04-17,0.0,28.9,35.6,21.2
TH000048431,"NAKHON RATCHASIMA, TH",14.967,102.083,188.0,1974-04-18,0.0,29.9,36.5,22.2
TH000048431,"NAKHON RATCHASIMA, TH",14.967,102.083,188.0,1974-04-19,0.0,29.9,37.0,24.4
TH000048431,"NAKHON RATCHASIMA, TH",14.967,102.083,188.0,1974-04-20,0.0,31.3,38.6,23.2
TH000048431,"NAKHON RATCHASIMA, TH",14.967,102.083,188.0,1974-04-21,0.0,31.3,38.6,23.4
TH000048431,"NAKHON RATCHASIMA, TH",14.967,102.083,188.0,1974-04-22,9.5,29.3,38.0,23.5
TH000048431,"NAKHON RATCHASIMA, TH",14.967,102.083,188.0,1974-04-23,0.0,27.4,32.3,23.1
TH000048431,"NAKHON RATCHASIMA, TH",14.967,102.083,188.0,1974-04-24,0.0,27.5,36.1,23.5
TH000048431,"NAKHON RATCHASIMA, TH",14.967,102.083,188.0,1974-04-25,1.4,25.9,32.7,23.7
TH000048431,"NAKHON RATCHASIMA, TH",14.967,102.083,188.0,1974-04-26,13.3,26.4,34.2,22.3
TH000048431,"NAKHON RATCHASIMA, TH",14.967,102.083,188.0,1974-04-27,1.0,27.3,33.4,22.5
TH000048431,"NAKHON RATCHASIMA, TH",14.967,102.083,188.0,1974-04-28,14.5,27.4,33.8,23.7
TH000048431,"NAKHON RATCHASIMA, TH",14.967,102.083,188.0,1974-04-29,0.5,28.6,34.3,23.3
TH000048431,"NAKHON RATCHASIMA, TH",14.967,102.083,188.0,1974-04-30,0.0,28.0,33.9,24.2
TH000048431,"NAKHON RATCHASIMA, TH",14.967,102.083,188.0,1974-05-01,0.0,29.2,35.8,23.5
TH000048431,"NAKHON RATCHASIMA, TH",14.967,102.083,188.0,1974-05-02,1.4,29.3,35.8,23.7
TH000048431,"NAKHON RATCHASIMA, TH",14.967,102.083,188.0,1974-05-03,13.3,26.4,33.2,23.8
TH000048431,"NAKHON RATCHASIMA, TH",14.967,102.083,188.0,1974-05-04,0.7,27.3,31.5,22.7
TH000048431,"NAKHON RATCHASIMA, TH",14.967,102.083,188.0,1974-05-05,0.0,29.4,35.5,22.9
TH000048431,"NAKHON RATCHASIMA, TH",14.967,102.083,188.0,1974-05-06,0.0,28.3,35.5,23.6
TH000048431,"NAKHON RATCHASIMA, TH",14.967,102.083,188.0,1974-05-07,0.0,29.7,35.5,23.5
TH000048431,"NAKHON RATCHASIMA, TH",14.967,102.083,188.0,1974-05-08,0.0,29.9,36.9,23.0
TH000048431,"NAKHON RATCHASIMA, TH",14.967,102.083,188.0,1974-05-09,0.0,30.5,37.2,24.3
TH000048431,"NAKHON RATCHASIMA, TH",14.967,102.083,188.0,1974-05-10,50.7,28.2,37.9,25.0
TH000048431,"NAKHON RATCHASIMA, TH",14.967,102.083,188.0,1974-05-11,0.0,27.3,32.4,21.7
TH000048431,"NAKHON RATCHASIMA, TH",14.967,102.083,188.0,1974-05-12,0.0,28.3,34.2,23.4
TH000048431,"NAKHON RATCHASIMA, TH",14.967,102.083,188.0,1974-05-13,1.5,30.2,35.7,23.7
TH000048431,"NAKHON RATCHASIMA, TH",14.967,102.083,188.0,1974-05-14,0.0,29.2,30.9,22.5
TH000048431,"NAKHON RATCHASIMA, TH",14.967,102.083,188.0,1974-05-15,0.0,28.3,34.1,23.0
TH000048431,"NAKHON RATCHASIMA, TH",14.967,102.083,188.0,1974-05-16,4.0,26.5,34.0,24.0
TH000048431,"NAKHON RATCHASIMA, TH",14.967,102.083,188.0,1974-05-17,0.3,27.3,34.1,23.9
TH000048431,"NAKHON RATCHASIMA, TH",14.967,102.083,188.0,1974-05-18,2.4,29.7,34.1,22.7
TH000048431,"NAKHON RATCHASIMA, TH",14.967,102.083,188.0,1974-05-19,57.1,28.6,35.4,24.5
TH000048431,"NAKHON RATCHASIMA, TH",14.967,102.083,188.0,1974-05-20,0.0,26.4,29.7,23.1
TH000048431,"NAKHON RATCHASIMA, TH",14.967,102.083,188.0,1974-05-21,12.1,26.0,30.2,24.2
TH000048431,"NAKHON RATCHASIMA, TH",14.967,102.083,188.0,1974-05-22,24.6,26.7,32.9,23.5
TH000048431,"NAKHON RATCHASIMA, TH",14.967,102.083,188.0,1974-05-23,0.0,29.3,32.7,22.7
TH000048431,"NAKHON RATCHASIMA, TH",14.967,102.083,188.0,1974-05-24,0.0,27.6,31.5,24.3
TH000048431,"NAKHON RATCHASIMA, TH",14.967,102.083,188.0,1974-05-25,0.0,27.3,32.6,24.4
TH000048431,"NAKHON RATCHASIMA, TH",14.967,102.083,188.0,1974-05-26,0.0,26.9,32.6,23.8
TH000048431,"NAKHON RATCHASIMA, TH",14.967,102.083,188.0,1974-05-27,13.7,26.5,31.4,22.9
TH000048431,"NAKHON RATCHASIMA, TH",14.967,102.083,188.0,1974-05-28,0.7,28.3,34.0,23.8
TH000048431,"NAKHON RATCHASIMA, TH",14.967,102.083,188.0,1974-05-29,0.0,28.9,33.9,24.8
TH000048431,"NAKHON RATCHASIMA, TH",14.967,102.083,188.0,1974-05-30,0.0,29.8,34.2,24.0
TH000048431,"NAKHON RATCHASIMA, TH",14.967,102.083,188.0,1974-05-31,0.0,29.1,34.9,24.5
TH000048431,"NAKHON RATCHASIMA, TH",14.967,102.083,188.0,1974-06-01,0.0,30.0,34.8,24.7
TH000048431,"NAKHON RATCHASIMA, TH",14.967,102.083,188.0,1974-06-02,7.4,26.4,34.1,25.1
TH000048431,"NAKHON RATCHASIMA, TH",14.967,102.083,188.0,1974-06-03,4.5,27.4,34.9,23.6
TH000048431,"NAKHON RATCHASIMA, TH",14.967,102.083,188.0,1974-06-04,0.1,27.9,33.5,23.0
TH000048431,"NAKHON RATCHASIMA, TH",14.967,102.083,188.0,1974-06-05,0.0,29.4,34.1,23.2
TH000048431,"NAKHON RATCHASIMA, TH",14.967,102.083,188.0,1974-06-06,3.1,29.0,33.7,24.0
TH000048431,"NAKHON RATCHASIMA, TH",14.967,102.083,188.0,1974-06-07,0.0,27.4,33.7,23.6
TH000048431,"NAKHON RATCHASIMA, TH",14.967,102.083,188.0,1974-06-08,1.6,27.7,32.0,23.7
TH000048431,"NAKHON RATCHASIMA, TH",14.967,102.083,188.0,1974-06-09,0.0,27.0,31.0,22.1
TH000048431,"NAKHON RATCHASIMA, TH",14.967,102.083,188.0,1974-06-10,0.0,28.1,32.7,21.6
TH000048431,"NAKHON RATCHASIMA, TH",14.967,102.083,188.0,1974-06-11,0.0,29.3,35.3,23.4
TH000048431,"NAKHON RATCHASIMA, TH",14.967,102.083,188.0,1974-06-12,0.0,30.0,34.6,25.2
TH000048431,"NAKHON RATCHASIMA, TH",14.967,102.083,188.0,1974-06-13,0.0,28.8,34.4,25.3
TH000048431,"NAKHON RATCHASIMA, TH",14.967,102.083,188.0,1974-06-14,0.0,28.6,35.1,24.6
TH000048431,"NAKHON RATCHASIMA, TH",14.967,102.083,188.0,1974-06-15,1.5,26.3,33.0,24.5
TH000048431,"NAKHON RATCHASIMA, TH",14.967,102.083,188.0,1974-06-16,0.1,29.3,36.3,24.0
TH000048431,"NAKHON RATCHASIMA, TH",14.967,102.083,188.0,1974-06-17,0.0,29.1,35.6,23.1
TH000048431,"NAKHON RATCHASIMA, TH",14.967,102.083,188.0,1974-06-18,0.0,30.7,36.8,23.0
TH000048431,"NAKHON RATCHASIMA, TH",14.967,102.083,188.0,1974-06-19,42.2,29.2,36.0,22.1
TH000048431,"NAKHON RATCHASIMA, TH",14.967,102.083,188.0,1974-06-20,0.0,28.1,34.0,21.4
TH000048431,"NAKHON RATCHASIMA, TH",14.967,102.083,188.0,1974-06-21,0.3,28.7,34.0,23.6
TH000048431,"NAKHON RATCHASIMA, TH",14.967,102.083,188.0,1974-06-22,0.7,28.3,34.4,23.9
TH000048431,"NAKHON RATCHASIMA, TH",14.967,102.083,188.0,1974-06-23,0.0,30.2,34.8,23.0
TH000048431,"NAKHON RATCHASIMA, TH",14.967,102.083,188.0,1974-06-24,0.0,29.3,34.7,23.5
TH000048431,"NAKHON RATCHASIMA, TH",14.967,102.083,188.0,1974-06-25,0.0,31.4,35.6,22.6
TH000048431,"NAKHON RATCHASIMA, TH",14.967,102.083,188.0,1974-06-26,0.0,28.8,35.7,23.4
TH000048431,"NAKHON RATCHASIMA, TH",14.967,102.083,188.0,1974-06-27,0.0,28.6,35.5,24.5
TH000048431,"NAKHON RATCHASIMA, TH",14.967,102.083,188.0,1974-06-28,6.6,29.3,36.3,23.6
TH000048431,"NAKHON RATCHASIMA, TH",14.967,102.083,188.0,1974-06-29,5.8,28.3,34.5,22.5
TH000048431,"NAKHON RATCHASIMA, TH",14.967,102.083,188.0,1974-06-30,0.4,27.6,34.4,23.0
TH000048431,"NAKHON RATCHASIMA, TH",14.967,102.083,188.0,1974-07-01,0.0,30.6,35.6,23.2
TH000048431,"NAKHON RATCHASIMA, TH",14.967,102.083,188.0,1974-07-02,0.0,28.5,35.1,23.2
TH000048431,"NAKHON RATCHASIMA, TH",14.967,102.083,188.0,1974-07-03,0.0,30.6,36.8,23.1
TH000048431,"NAKHON RATCHASIMA, TH",14.967,102.083,188.0,1974-07-04,6.6,29.5,36.0,23.8
TH000048431,"NAKHON RATCHASIMA, TH",14.967,102.083,188.0,1974-07-05,0.0,29.4,34.7,24.0
TH000048431,"NAKHON RATCHASIMA, TH",14.967,102.083,188.0,1974-07-06,0.7,26.4,32.5,24.6
TH000048431,"NAKHON RATCHASIMA, TH",14.967,102.083,188.0,1974-07-07,1.5,26.6,32.6,22.6
TH000048431,"NAKHON RATCHASIMA, TH",14.967,102.083,188.0,1974-07-08,0.2,28.1,32.8,22.6
TH000048431,"NAKHON RATCHASIMA, TH",14.967,102.083,188.0,1974-07-09,0.0,29.4,36.0,22.7
TH000048431,"NAKHON RATCHASIMA, TH",14.967,102.083,188.0,1974-07-10,0.0,30.1,37.9,22.7
TH000048431,"NAKHON RATCHASIMA, TH",14.967,102.083,188.0,1974-07-11,0.0,30.3,36.6,23.4
TH000048431,"NAKHON RATCHASIMA, TH",14.967,102.083,188.0,1974-07-12,0.0,31.8,37.8,23.6
TH000048431,"NAKHON RATCHASIMA, TH",14.967,102.083,188.0,1974-07-13,0.0,29.5,37.5,23.8
TH000048431,"NAKHON RATCHASIMA, TH",14.967,102.083,188.0,1974-07-14,17.1,28.8,35.1,24.4
TH000048431,"NAKHON RATCHASIMA, TH",14.967,102.083,188.0,1974-07-15,0.0,29.0,35.3,23.3
TH000048431,"NAKHON RATCHASIMA, TH",14.967,102.083,188.0,1974-07-16,0.0,29.6,35.9,22.9
TH000048431,"NAKHON RATCHASIMA, TH",14.967,102.083,188.0,1974-07-17,0.0,30.8,36.0,23.8
TH000048431,"NAKHON RATCHASIMA, TH",14.967,102.083,188.0,1974-07-18,0.0,29.8,35.2,24.4
TH000048431,"NAKHON RATCHASIMA, TH",14.967,102.083,188.0,1974-07-19,0.0,29.8,36.2,24.6
TH000048431,"NAKHON RATCHASIMA, TH",14.967,102.083,188.0,1974-07-20,9.5,31.2,36.9,23.6
TH000048431,"NAKHON RATCHASIMA, TH",14.967,102.083,188.0,1974-07-21,5.7,29.4,32.7,23.2
TH000048431,"NAKHON RATCHASIMA, TH",14.967,102.083,188.0,1974-07-22,0.0,28.6,34.9,24.4
TH000048431,"NAKHON RATCHASIMA, TH",14.967,102.083,188.0,1974-07-23,0.0,28.4,34.5,23.1
TH000048431,"NAKHON RATCHASIMA, TH",14.967,102.083,188.0,1974-07-24,4.2,27.1,35.9,23.9
TH000048431,"NAKHON RATCHASIMA, TH",14.967,102.083,188.0,1974-07-25,0.9,27.0,32.8,23.7
TH000048431,"NAKHON RATCHASIMA, TH",14.967,102.083,188.0,1974-07-26,4.9,28.0,34.0,24.0
TH000048431,"NAKHON RATCHASIMA, TH",14.967,102.083,188.0,1974-07-27,9.2,26.4,33.2,23.8
TH000048431,"NAKHON RATCHASIMA, TH",14.967,102.083,188.0,1974-07-28,34.8,25.0,31.7,22.0
TH000048431,"NAKHON RATCHASIMA, TH",14.967,102.083,188.0,1974-07-29,11.8,23.5,31.2,22.6
TH000048431,"NAKHON RATCHASIMA, TH",14.967,102.083,188.0,1974-07-30,3.8,26.0,29.6,22.4
TH000048431,"NAKHON RATCHASIMA, TH",14.967,102.083,188.0,1974-07-31,0.0,27.5,34.0,24.0
TH000048431,"NAKHON RATCHASIMA, TH",14.967,102.083,188.0,1974-08-01,4.5,29.4,34.5,24.4
TH000048431,"NAKHON RATCHASIMA, TH",14.967,102.083,188.0,1974-08-02,5.3,28.5,35.7,24.4
TH000048431,"NAKHON RATCHASIMA, TH",14.967,102.083,188.0,1974-08-03,0.0,27.7,32.9,23.6
TH000048431,"NAKHON RATCHASIMA, TH",14.967,102.083,188.0,1974-08-04,0.0,28.0,33.2,23.1
TH000048431,"NAKHON RATCHASIMA, TH",14.967,102.083,188.0,1974-08-05,18.4,27.4,32.9,23.6
TH000048431,"NAKHON RATCHASIMA, TH",14.967,102.083,188.0,1974-08-06,5.9,26.9,31.5,23.4
TH000048431,"NAKHON RATCHASIMA, TH",14.967,102.083,188.0,1974-08-07,0.0,27.6,32.1,22.3
TH000048431,"NAKHON RATCHASIMA, TH",14.967,102.083,188.0,1974-08-08,0.0,27.5,32.7,23.6
TH000048431,"NAKHON RATCHASIMA, TH",14.967,102.083,188.0,1974-08-09,0.0,29.5,33.9,24.4
TH000048431,"NAKHON RATCHASIMA, TH",14.967,102.083,188.0,1974-08-10,0.0,28.5,33.4,24.5
TH000048431,"NAKHON RATCHASIMA, TH",14.967,102.083,188.0,1974-08-11,0.0,28.3,32.4,24.6
TH000048431,"NAKHON RATCHASIMA, TH",14.967,102.083,188.0,1974-08-12,6.2,26.9,33.1,23.6
TH000048431,"NAKHON RATCHASIMA, TH",14.967,102.083,188.0,1974-08-13,0.0,27.7,32.4,23.4
TH000048431,"NAKHON RATCHASIMA, TH",14.967,102.083,188.0,1974-08-14,0.4,28.0,33.5,24.5
TH000048431,"NAKHON RATCHASIMA, TH",14.967,102.083,188.0,1974-08-15,3.8,26.0,29.5,24.8
TH000048431,"NAKHON RATCHASIMA, TH",14.967,102.083,188.0,1974-08-16,3.7,25.3,27.7,23.5
TH000048431,"NAKHON RATCHASIMA, TH",14.967,102.083,188.0,1974-08-17,0.6,25.9,29.4,23.1
TH000048431,"NAKHON RATCHASIMA, TH",14.967,102.083,188.0,1974-08-18,0.3,28.2,32.3,23.7
TH000048431,"NAKHON RATCHASIMA, TH",14.967,102.083,188.0,1974-08-19,5.6,27.8,34.0,24.4
TH000048431,"NAKHON RATCHASIMA, TH",14.967,102.083,188.0,1974-08-20,0.4,27.7,32.6,22.4
TH000048431,"NAKHON RATCHASIMA, TH",14.967,102.083,188.0,1974-08-21,0.4,29.0,35.0,23.5
TH000048431,"NAKHON RATCHASIMA, TH",14.967,102.083,188.0,1974-08-22,0.0,30.2,35.1,23.9
TH000048431,"NAKHON RATCHASIMA, TH",14.967,102.083,188.0,1974-08-23,4.7,28.0,34.2,24.5
TH000048431,"NAKHON RATCHASIMA, TH",14.967,102.083,188.0,1974-08-24,0.0,28.2,33.7,24.8
TH000048431,"NAKHON RATCHASIMA, TH",14.967,102.083,188.0,1974-08-25,7.4,27.7,32.1,24.4
TH000048431,"NAKHON RATCHASIMA, TH",14.967,102.083,188.0,1974-08-26,3.2,25.3,28.2,22.8
TH000048431,"NAKHON RATCHASIMA, TH",14.967,102.083,188.0,1974-08-27,31.9,25.7,29.3,22.6
TH000048431,"NAKHON RATCHASIMA, TH",14.967,102.083,188.0,1974-08-28,0.1,25.9,30.2,21.8
TH000048431,"NAKHON RATCHASIMA, TH",14.967,102.083,188.0,1974-08-29,0.0,28.4,33.5,23.1
TH000048431,"NAKHON RATCHASIMA, TH",14.967,102.083,188.0,1974-08-30,0.0,27.1,31.6,23.5
TH000048431,"NAKHON RATCHASIMA, TH",14.967,102.083,188.0,1974-08-31,0.0,28.5,34.0,22.9
TH000048431,"NAKHON RATCHASIMA, TH",14.967,102.083,188.0,1974-09-01,0.0,27.8,33.5,23.4
TH000048431,"NAKHON RATCHASIMA, TH",14.967,102.083,188.0,1974-09-02,0.0,28.3,34.2,23.3
TH000048431,"NAKHON RATCHASIMA, TH",14.967,102.083,188.0,1974-09-03,0.0,29.0,35.1,22.6
TH000048431,"NAKHON RATCHASIMA, TH",14.967,102.083,188.0,1974-09-04,0.0,28.8,34.4,23.5
TH000048431,"NAKHON RATCHASIMA, TH",14.967,102.083,188.0,1974-09-05,10.5,27.8,34.8,24.0
TH000048431,"NAKHON RATCHASIMA, TH",14.967,102.083,188.0,1974-09-06,0.8,27.4,34.2,23.6
TH000048431,"NAKHON RATCHASIMA, TH",14.967,102.083,188.0,1974-09-07,26.6,25.8,32.6,22.7
TH000048431,"NAKHON RATCHASIMA, TH",14.967,102.083,188.0,1974-09-08,0.2,27.4,32.7,23.1
TH000048431,"NAKHON RATCHASIMA, TH",14.967,102.083,188.0,1974-09-09,0.0,27.4,33.2,23.2
TH000048431,"NAKHON RATCHASIMA, TH",14.967,102.083,188.0,1974-09-10,0.0,28.2,35.1,22.8
TH000048431,"NAKHON RATCHASIMA, TH",14.967,102.083,188.0,1974-09-11,1.6,27.6,33.7,22.5
TH000048431,"NAKHON RATCHASIMA, TH",14.967,102.083,188.0,1974-09-12,15.6,26.8,34.2,22.8
TH000048431,"NAKHON RATCHASIMA, TH",14.967,102.083,188.0,1974-09-13,0.6,26.1,33.8,23.7
TH000048431,"NAKHON RATCHASIMA, TH",14.967,102.083,188.0,1974-09-14,11.2,27.2,33.2,22.7
TH000048431,"NAKHON RATCHASIMA, TH",14.967,102.083,188.0,1974-09-15,1.2,27.6,33.7,22.5
TH000048431,"NAKHON RATCHASIMA, TH",14.967,102.083,188.0,1974-09-16,53.8,25.9,31.0,23.3
TH000048431,"NAKHON RATCHASIMA, TH",14.967,102.083,188.0,1974-09-17,12.5,26.5,32.0,21.5
TH000048431,"NAKHON RATCHASIMA, TH",14.967,102.083,188.0,1974-09-18,37.7,26.2,33.0,22.0
TH000048431,"NAKHON RATCHASIMA, TH",14.967,102.083,188.0,1974-09-19,2.6,26.3,30.1,21.1
TH000048431,"NAKHON RATCHASIMA, TH",14.967,102.083,188.0,1974-09-20,0.0,27.0,31.8,21.8
TH000048431,"NAKHON RATCHASIMA, TH",14.967,102.083,188.0,1974-09-21,0.0,27.3,32.1,23.2
TH000048431,"NAKHON RATCHASIMA, TH",14.967,102.083,188.0,1974-09-22,18.8,28.0,31.6,23.6
TH000048431,"NAKHON RATCHASIMA, TH",14.967,102.083,188.0,1974-09-23,9.0,26.3,31.7,21.7
TH000048431,"NAKHON RATCHASIMA, TH",14.967,102.083,188.0,1974-09-24,30.7,25.4,30.1,22.7
TH000048431,"NAKHON RATCHASIMA, TH",14.967,102.083,188.0,1974-09-25,6.1,25.4,29.7,23.4
TH000048431,"NAKHON RATCHASIMA, TH",14.967,102.083,188.0,1974-09-26,1.8,27.1,32.0,22.5
TH000048431,"NAKHON RATCHASIMA, TH",14.967,102.083,188.0,1974-09-27,3.7,27.0,31.6,24.0
TH000048431,"NAKHON RATCHASIMA, TH",14.967,102.083,188.0,1974-09-28,6.9,25.8,33.0,23.5
TH000048431,"NAKHON RATCHASIMA, TH",14.967,102.083,188.0,1974-09-29,0.0,28.4,33.7,22.9
TH000048431,"NAKHON RATCHASIMA, TH",14.967,102.083,188.0,1974-09-30,0.0,28.2,34.2,23.6
TH000048431,"NAKHON RATCHASIMA, TH",14.967,102.083,188.0,1974-10-01,34.0,26.8,34.0,23.9
TH000048431,"NAKHON RATCHASIMA, TH",14.967,102.083,188.0,1974-10-02,41.2,26.7,33.0,22.4
TH000048431,"NAKHON RATCHASIMA, TH",14.967,102.083,188.0,1974-10-03,20.9,26.8,32.9,22.1
TH000048431,"NAKHON RATCHASIMA, TH",14.967,102.083,188.0,1974-10-04,11.6,26.0,31.7,21.9
TH000048431,"NAKHON RATCHASIMA, TH",14.967,102.083,188.0,1974-10-05,0.0,27.0,30.0,23.0
TH000048431,"NAKHON RATCHASIMA, TH",14.967,102.083,188.0,1974-10-06,0.9,26.4,31.5,23.0
TH000048431,"NAKHON RATCHASIMA, TH",14.967,102.083,188.0,1974-10-07,2.7,26.2,30.8,22.8
TH000048431,"NAKHON RATCHASIMA, TH",14.967,102.083,188.0,1974-10-08,30.8,26.2,30.3,23.6
TH000048431,"NAKHON RATCHASIMA, TH",14.967,102.083,188.0,1974-10-09,23.2,26.8,30.3,22.9
TH000048431,"NAKHON RATCHASIMA, TH",14.967,102.083,188.0,1974-10-10,11.2,25.3,29.0,22.7
TH000048431,"NAKHON RATCHASIMA, TH",14.967,102.083,188.0,1974-10-11,10.3,26.0,29.3,23.4
TH000048431,"NAKHON RATCHASIMA, TH",14.967,102.083,188.0,1974-10-12,10.5,26.4,30.1,22.7
TH000048431,"NAKHON RATCHASIMA, TH",14.967,102.083,188.0,1974-10-13,0.0,26.4,31.6,22.7
TH000048431,"NAKHON RATCHASIMA, TH",14.967,102.083,188.0,1974-10-14,21.5,26.0,31.5,23.0
TH000048431,"NAKHON RATCHASIMA, TH",14.967,102.083,188.0,1974-10-15,0.0,25.4,28.9,22.1
TH000048431,"NAKHON RATCHASIMA, TH",14.967,102.083,188.0,1974-10-16,0.3,26.9,31.4,22.6
TH000048431,"NAKHON RATCHASIMA, TH",14.967,102.083,188.0,1974-10-17,7.6,27.5,32.1,23.7
TH000048431,"NAKHON RATCHASIMA, TH",14.967,102.083,188.0,1974-10-18,0.0,27.8,31.6,23.3
TH000048431,"NAKHON RATCHASIMA, TH",14.967,102.083,188.0,1974-10-19,0.0,27.8,31.1,23.5
TH000048431,"NAKHON RATCHASIMA, TH",14.967,102.083,188.0,1974-10-20,0.0,24.8,30.3,23.2
TH000048431,"NAKHON RATCHASIMA, TH",14.967,102.083,188.0,1974-10-21,0.0,25.6,31.6,20.5
TH000048431,"NAKHON RATCHASIMA, TH",14.967,102.083,188.0,1974-10-22,0.0,26.1,31.4,21.0
TH000048431,"NAKHON RATCHASIMA, TH",14.967,102.083,188.0,1974-10-23,0.0,25.9,29.3,23.6
TH000048431,"NAKHON RATCHASIMA, TH",14.967,102.083,188.0,1974-10-24,0.0,25.8,30.1,22.5
TH000048431,"NAKHON RATCHASIMA, TH",14.967,102.083,188.0,1974-10-25,0.0,26.1,31.4,21.7
TH000048431,"NAKHON RATCHASIMA, TH",14.967,102.083,188.0,1974-10-26,0.0,27.2,32.8,21.3
TH000048431,"NAKHON RATCHASIMA, TH",14.967,102.083,188.0,1974-10-27,0.0,27.7,35.2,21.9
TH000048431,"NAKHON RATCHASIMA, TH",14.967,102.083,188.0,1974-10-28,0.0,26.5,33.9,23.6
TH000048431,"NAKHON RATCHASIMA, TH",14.967,102.083,188.0,1974-10-29,0.3,25.9,31.0,22.7
TH000048431,"NAKHON RATCHASIMA, TH",14.967,102.083,188.0,1974-10-30,0.0,26.9,31.8,22.1
TH000048431,"NAKHON RATCHASIMA, TH",14.967,102.083,188.0,1974-10-31,0.0,27.4,32.2,23.0
TH000048431,"NAKHON RATCHASIMA, TH",14.967,102.083,188.0,1974-11-01,0.0,26.2,30.3,22.2
TH000048431,"NAKHON RATCHASIMA, TH",14.967,102.083,188.0,1974-11-02,0.0,26.7,30.4,21.4
TH000048431,"NAKHON RATCHASIMA, TH",14.967,102.083,188.0,1974-11-03,0.0,26.0,31.2,22.5
TH000048431,"NAKHON RATCHASIMA, TH",14.967,102.083,188.0,1974-11-04,38.7,26.8,32.9,21.4
TH000048431,"NAKHON RATCHASIMA, TH",14.967,102.083,188.0,1974-11-05,13.6,23.9,26.5,22.1
TH000048431,"NAKHON RATCHASIMA, TH",14.967,102.083,188.0,1974-11-06,0.0,26.9,31.5,22.0
TH000048431,"NAKHON RATCHASIMA, TH",14.967,102.083,188.0,1974-11-07,0.0,26.5,31.5,23.0
TH000048431,"NAKHON RATCHASIMA, TH",14.967,102.083,188.0,1974-11-08,0.0,28.2,33.6,22.5
TH000048431,"NAKHON RATCHASIMA, TH",14.967,102.083,188.0,1974-11-09,0.0,26.6,33.1,23.2
TH000048431,"NAKHON RATCHASIMA, TH",14.967,102.083,188.0,1974-11-10,0.0,28.0,33.6,23.2
TH000048431,"NAKHON RATCHASIMA, TH",14.967,102.083,188.0,1974-11-11,42.8,25.0,29.8,22.8
TH000048431,"NAKHON RATCHASIMA, TH",14.967,102.083,188.0,1974-11-12,0.0,25.4,28.9,22.4
TH000048431,"NAKHON RATCHASIMA, TH",14.967,102.083,188.0,1974-11-13,0.0,24.6,29.0,21.3
TH000048431,"NAKHON RATCHASIMA, TH",14.967,102.083,188.0,1974-11-14,0.0,25.3,29.2,20.1
TH000048431,"NAKHON RATCHASIMA, TH",14.967,102.083,188.0,1974-11-15,0.0,25.4,29.0,20.8
TH000048431,"NAKHON RATCHASIMA, TH",14.967,102.083,188.0,1974-11-16,16.2,23.5,26.6,21.5
TH000048431,"NAKHON RATCHASIMA, TH",14.967,102.083,188.0,1974-11-17,0.6,24.7,28.1,20.1
TH000048431,"NAKHON RATCHASIMA, TH",14.967,102.083,188.0,1974-11-18,0.0,23.4,27.3,20.6
TH000048431,"NAKHON RATCHASIMA, TH",14.967,102.083,188.0,1974-11-19,0.0,23.7,27.8,18.2
TH000048431,"NAKHON RATCHASIMA, TH",14.967,102.083,188.0,1974-11-20,0.0,24.0,28.0,19.6
TH000048431,"NAKHON RATCHASIMA, TH",14.967,102.083,188.0,1974-11-21,0.0,23.0,28.0,18.9
TH000048431,"NAKHON RATCHASIMA, TH",14.967,102.083,188.0,1974-11-22,0.0,23.0,28.2,18.0
TH000048431,"NAKHON RATCHASIMA, TH",14.967,102.083,188.0,1974-11-23,0.0,24.0,28.6,19.5
TH000048431,"NAKHON RATCHASIMA, TH",14.967,102.083,188.0,1974-11-24,0.0,23.8,26.6,19.0
TH000048431,"NAKHON RATCHASIMA, TH",14.967,102.083,188.0,1974-11-25,0.0,23.5,28.4,17.3
TH000048431,"NAKHON RATCHASIMA, TH",14.967,102.083,188.0,1974-11-26,0.0,23.6,28.6,17.4
TH000048431,"NAKHON RATCHASIMA, TH",14.967,102.083,188.0,1974-11-27,0.0,21.5,28.4,17.1
TH000048431,"NAKHON RATCHASIMA, TH",14.967,102.083,188.0,1974-11-28,0.0,22.2,28.6,15.8
TH000048431,"NAKHON RATCHASIMA, TH",14.967,102.083,188.0,1974-11-29,0.0,24.4,31.2,16.4
TH000048431,"NAKHON RATCHASIMA, TH",14.967,102.083,188.0,1974-11-30,0.0,25.3,33.0,18.2
TH000048431,"NAKHON RATCHASIMA, TH",14.967,102.083,188.0,1974-12-01,0.0,26.0,34.1,18.1
TH000048431,"NAKHON RATCHASIMA, TH",14.967,102.083,188.0,1974-12-02,0.0,27.3,34.9,20.8
TH000048431,"NAKHON RATCHASIMA, TH",14.967,102.083,188.0,1974-12-03,0.0,27.6,33.7,20.8
TH000048431,"NAKHON RATCHASIMA, TH",14.967,102.083,188.0,1974-12-04,0.1,27.7,32.8,21.3
TH000048431,"NAKHON RATCHASIMA, TH",14.967,102.083,188.0,1974-12-05,0.0,25.9,31.1,22.9
TH000048431,"NAKHON RATCHASIMA, TH",14.967,102.083,188.0,1974-12-06,0.0,24.8,30.4,21.7
TH000048431,"NAKHON RATCHASIMA, TH",14.967,102.083,188.0,1974-12-07,0.0,25.3,30.0,20.7
TH000048431,"NAKHON RATCHASIMA, TH",14.967,102.083,188.0,1974-12-08,0.0,26.5,31.6,18.8
TH000048431,"NAKHON RATCHASIMA, TH",14.967,102.083,188.0,1974-12-09,0.0,27.0,31.9,18.4
TH000048431,"NAKHON RATCHASIMA, TH",14.967,102.083,188.0,1974-12-10,0.0,26.0,31.0,17.9
TH000048431,"NAKHON RATCHASIMA, TH",14.967,102.083,188.0,1974-12-11,0.0,23.0,29.0,17.0
TH000048431,"NAKHON RATCHASIMA, TH",14.967,102.083,188.0,1974-12-12,0.0,22.8,28.1,17.1
TH000048431,"NAKHON RATCHASIMA, TH",14.967,102.083,188.0,1974-12-13,0.0,24.0,28.1,17.1
TH000048431,"NAKHON RATCHASIMA, TH",14.967,102.083,188.0,1974-12-14,0.0,23.3,26.6,20.2
TH000048431,"NAKHON RATCHASIMA, TH",14.967,102.083,188.0,1974-12-15,0.0,23.4,27.3,18.5
TH000048431,"NAKHON RATCHASIMA, TH",14.967,102.083,188.0,1974-12-16,0.0,23.7,29.2,17.6
TH000048431,"NAKHON RATCHASIMA, TH",14.967,102.083,188.0,1974-12-17,0.0,22.2,30.7,17.0
TH000048431,"NAKHON RATCHASIMA, TH",14.967,102.083,188.0,1974-12-18,0.0,23.1,30.6,15.8
TH000048431,"NAKHON RATCHASIMA, TH",14.967,102.083,188.0,1974-12-19,0.0,22.8,27.7,17.0
TH000048431,"NAKHON RATCHASIMA, TH",14.967,102.083,188.0,1974-12-20,0.0,21.4,24.6,18.3
TH000048431,"NAKHON RATCHASIMA, TH",14.967,102.083,188.0,1974-12-21,0.0,21.0,25.9,17.5
TH000048431,"NAKHON RATCHASIMA, TH",14.967,102.083,188.0,1974-12-22,0.0,22.7,27.9,17.2
TH000048431,"NAKHON RATCHASIMA, TH",14.967,102.083,188.0,1974-12-23,0.0,22.4,29.2,16.5
TH000048431,"NAKHON RATCHASIMA, TH",14.967,102.083,188.0,1974-12-24,0.0,23.2,28.0,15.7
TH000048431,"NAKHON RATCHASIMA, TH",14.967,102.083,188.0,1974-12-25,0.0,24.0,28.0,19.0
TH000048431,"NAKHON RATCHASIMA, TH",14.967,102.083,188.0,1974-12-26,0.0,24.2,28.3,19.4
TH000048431,"NAKHON RATCHASIMA, TH",14.967,102.083,188.0,1974-12-27,0.0,24.0,30.0,18.4
TH000048431,"NAKHON RATCHASIMA, TH",14.967,102.083,188.0,1974-12-28,0.0,25.4,30.8,19.1
TH000048431,"NAKHON RATCHASIMA, TH",14.967,102.083,188.0,1974-12-29,0.0,24.0,30.6,19.4
TH000048431,"NAKHON RATCHASIMA, TH",14.967,102.083,188.0,1974-12-30,0.0,25.6,31.5,20.1
TH000048431,"NAKHON RATCHASIMA, TH",14.967,102.083,188.0,1974-12-31,0.0,24.4,31.1,19.2
TH000048431,"NAKHON RATCHASIMA, TH",14.967,102.083,188.0,1975-01-01,0.0,27.6,31.9,17.9
TH000048431,"NAKHON RATCHASIMA, TH",14.967,102.083,188.0,1975-01-02,0.0,24.6,30.1,19.2
TH000048431,"NAKHON RATCHASIMA, TH",14.967,102.083,188.0,1975-01-03,0.0,24.0,29.1,19.1
TH000048431,"NAKHON RATCHASIMA, TH",14.967,102.083,188.0,1975-01-04,0.4,21.2,23.2,19.3
TH000048431,"NAKHON RATCHASIMA, TH",14.967,102.083,188.0,1975-01-05,0.1,21.8,25.1,17.5
TH000048431,"NAKHON RATCHASIMA, TH",14.967,102.083,188.0,1975-01-06,0.0,19.8,22.0,19.1
TH000048431,"NAKHON RATCHASIMA, TH",14.967,102.083,188.0,1975-01-07,0.0,22.7,26.4,18.0
TH000048431,"NAKHON RATCHASIMA, TH",14.967,102.083,188.0,1975-01-08,0.0,24.7,28.5,20.5
TH000048431,"NAKHON RATCHASIMA, TH",14.967,102.083,188.0,1975-01-09,0.5,25.0,29.4,21.4
TH000048431,"NAKHON RATCHASIMA, TH",14.967,102.083,188.0,1975-01-10,0.8,26.2,31.4,21.9
TH000048431,"NAKHON RATCHASIMA, TH",14.967,102.083,188.0,1975-01-11,2.5,22.8,26.6,21.6
TH000048431,"NAKHON RATCHASIMA, TH",14.967,102.083,188.0,1975-01-12,0.0,20.7,23.0,20.1
TH000048431,"NAKHON RATCHASIMA, TH",14.967,102.083,188.0,1975-01-13,0.0,23.2,27.9,18.4
TH000048431,"NAKHON RATCHASIMA, TH",14.967,102.083,188.0,1975-01-14,0.0,25.4,31.3,19.8
TH000048431,"NAKHON RATCHASIMA, TH",14.967,102.083,188.0,1975-01-15,0.0,25.4,33.1,20.6
TH000048431,"NAKHON RATCHASIMA, TH",14.967,102.083,188.0,1975-01-16,0.0,26.8,34.0,20.1
TH000048431,"NAKHON RATCHASIMA, TH",14.967,102.083,188.0,1975-01-17,0.8,25.4,33.2,21.0
TH000048431,"NAKHON RATCHASIMA, TH",14.967,102.083,188.0,1975-01-18,9.2,23.3,26.1,23.1
TH000048431,"NAKHON RATCHASIMA, TH",14.967,102.083,188.0,1975-01-19,1.8,22.8,25.5,21.2
TH000048431,"NAKHON RATCHASIMA, TH",14.967,102.083,188.0,1975-01-20,0.0,24.2,28.2,20.7
TH000048431,"NAKHON RATCHASIMA, TH",14.967,102.083,188.0,1975-01-21,0.0,25.6,32.9,18.5
TH000048431,"NAKHON RATCHASIMA, TH",14.967,102.083,188.0,1975-01-22,0.0,24.3,31.1,19.0
TH000048431,"NAKHON RATCHASIMA, TH",14.967,102.083,188.0,1975-01-23,0.0,24.5,32.3,18.0
TH000048431,"NAKHON RATCHASIMA, TH",14.967,102.083,188.0,1975-01-24,0.0,25.6,33.6,18.2
TH000048431,"NAKHON RATCHASIMA, TH",14.967,102.083,188.0,1975-01-25,0.0,25.4,32.1,18.8
TH000048431,"NAKHON RATCHASIMA, TH",14.967,102.083,188.0,1975-01-26,0.0,24.0,30.9,17.2
TH000048431,"NAKHON RATCHASIMA, TH",14.967,102.083,188.0,1975-01-27,0.0,25.0,30.7,15.8
TH000048431,"NAKHON RATCHASIMA, TH",14.967,102.083,188.0,1975-01-28,0.0,23.0,29.3,17.0
TH000048431,"NAKHON RATCHASIMA, TH",14.967,102.083,188.0,1975-01-29,0.0,23.5,30.6,13.5
TH000048431,"NAKHON RATCHASIMA, TH",14.967,102.083,188.0,1975-01-30,0.0,25.0,32.1,14.8
TH000048431,"NAKHON RATCHASIMA, TH",14.967,102.083,188.0,1975-01-31,0.0,27.0,34.1,18.2
TH000048431,"NAKHON RATCHASIMA, TH",14.967,102.083,188.0,1975-02-01,0.0,29.3,35.5,21.2
TH000048431,"NAKHON RATCHASIMA, TH",14.967,102.083,188.0,1975-02-02,0.0,29.2,35.9,21.5
TH000048431,"NAKHON RATCHASIMA, TH",14.967,102.083,188.0,1975-02-03,0.0,27.8,36.2,20.8
TH000048431,"NAKHON RATCHASIMA, TH",14.967,102.083,188.0,1975-02-04,0.0,29.0,36.0,20.8
TH000048431,"NAKHON RATCHASIMA, TH",14.967,102.083,188.0,1975-02-05,0.0,28.6,36.5,20.9
TH000048431,"NAKHON RATCHASIMA, TH",14.967,102.083,188.0,1975-02-06,0.0,29.4,36.3,21.9
TH000048431,"NAKHON RATCHASIMA, TH",14.967,102.083,188.0,1975-02-07,0.0,29.0,34.9,23.4
TH000048431,"NAKHON RATCHASIMA, TH",14.967,102.083,188.0,1975-02-08,0.2,27.0,31.8,22.7
TH000048431,"NAKHON RATCHASIMA, TH",14.967,102.083,188.0,1975-02-09,0.1,29.0,35.1,21.7
TH000048431,"NAKHON RATCHASIMA, TH",14.967,102.083,188.0,1975-02-10,0.0,26.7,33.3,21.2
TH000048431,"NAKHON RATCHASIMA, TH",14.967,102.083,188.0,1975-02-11,0.0,25.2,31.4,21.8
TH000048431,"NAKHON RATCHASIMA, TH",14.967,102.083,188.0,1975-02-12,0.0,25.4,32.1,20.2
TH000048431,"NAKHON RATCHASIMA, TH",14.967,102.083,188.0,1975-02-13,0.0,25.9,36.0,21.0
TH000048431,"NAKHON RATCHASIMA, TH",14.967,102.083,188.0,1975-02-14,0.0,27.2,36.0,16.9
TH000048431,"NAKHON RATCHASIMA, TH",14.967,102.083,188.0,1975-02-15,0.0,28.7,35.6,18.9
TH000048431,"NAKHON RATCHASIMA, TH",14.967,102.083,188.0,1975-02-16,0.0,27.3,35.1,19.0
TH000048431,"NAKHON RATCHASIMA, TH",14.967,102.083,188.0,1975-02-17,0.0,31.2,36.1,19.9
TH000048431,"NAKHON RATCHASIMA, TH",14.967,102.083,188.0,1975-02-18,0.0,28.4,36.0,20.9
TH000048431,"NAKHON RATCHASIMA, TH",14.967,102.083,188.0,1975-02-19,0.0,25.8,31.8,21.2
TH000048431,"NAKHON RATCHASIMA, TH",14.967,102.083,188.0,1975-02-20,0.0,24.0,30.8,18.7
TH000048431,"NAKHON RATCHASIMA, TH",14.967,102.083,188.0,1975-02-21,0.0,23.0,29.5,17.1
TH000048431,"NAKHON RATCHASIMA, TH",14.967,102.083,188.0,1975-02-22,0.0,23.2,28.8,16.6
TH000048431,"NAKHON RATCHASIMA, TH",14.967,102.083,188.0,1975-02-23,0.0,23.0,30.1,15.5
TH000048431,"NAKHON RATCHASIMA, TH",14.967,102.083,188.0,1975-02-24,0.0,23.3,33.4,15.8
TH000048431,"NAKHON RATCHASIMA, TH",14.967,102.083,188.0,1975-02-25,0.0,28.3,36.5,19.1
TH000048431,"NAKHON RATCHASIMA, TH",14.967,102.083,188.0,1975-02-26,0.0,29.8,37.2,22.5
TH000048431,"NAKHON RATCHASIMA, TH",14.967,102.083,188.0,1975-02-27,0.0,29.3,37.1,25.1
TH000048431,"NAKHON RATCHASIMA, TH",14.967,102.083,188.0,1975-02-28,0.0,29.2,34.6,23.7
TH000048431,"NAKHON RATCHASIMA, TH",14.967,102.083,188.0,1975-03-01,0.3,27.3,35.4,23.3
TH000048431,"NAKHON RATCHASIMA, TH",14.967,102.083,188.0,1975-03-02,0.0,27.3,34.8,22.5
TH000048431,"NAKHON RATCHASIMA, TH",14.967,102.083,188.0,1975-03-03,0.0,28.4,36.1,22.2
TH000048431,"NAKHON RATCHASIMA, TH",14.967,102.083,188.0,1975-03-04,0.0,28.6,38.1,21.4
TH000048431,"NAKHON RATCHASIMA, TH",14.967,102.083,188.0,1975-03-05,0.0,29.0,37.0,21.1
TH000048431,"NAKHON RATCHASIMA, TH",14.967,102.083,188.0,1975-03-06,0.0,30.4,38.0,23.0
TH000048431,"NAKHON RATCHASIMA, TH",14.967,102.083,188.0,1975-03-07,0.0,29.0,33.8,24.6
TH000048431,"NAKHON RATCHASIMA, TH",14.967,102.083,188.0,1975-03-08,0.0,31.0,37.7,22.9
TH000048431,"NAKHON RATCHASIMA, TH",14.967,102.083,188.0,1975-03-09,5.5,28.9,37.7,25.0
TH000048431,"NAKHON RATCHASIMA, TH",14.967,102.083,188.0,1975-03-10,0.0,30.2,36.8,24.0
TH000048431,"NAKHON RATCHASIMA, TH",14.967,102.083,188.0,1975-03-11,0.0,30.1,37.2,23.6
TH000048431,"NAKHON RATCHASIMA, TH",14.967,102.083,188.0,1975-03-12,5.0,32.2,39.0,23.8
TH000048431,"NAKHON RATCHASIMA, TH",14.967,102.083,188.0,1975-03-13,0.0,30.5,38.8,22.5
TH000048431,"NAKHON RATCHASIMA, TH",14.967,102.083,188.0,1975-03-14,0.0,32.0,40.5,22.5
TH000048431,"NAKHON RATCHASIMA, TH",14.967,102.083,188.0,1975-03-15,0.5,30.3,38.3,24.6
TH000048431,"NAKHON RATCHASIMA, TH",14.967,102.083,188.0,1975-03-16,4.8,21.4,22.8,21.2
TH000048431,"NAKHON RATCHASIMA, TH",14.967,102.083,188.0,1975-03-17,0.0,26.4,32.0,19.3
TH000048431,"NAKHON RATCHASIMA, TH",14.967,102.083,188.0,1975-03-18,0.0,29.7,36.5,22.5
TH000048431,"NAKHON RATCHASIMA, TH",14.967,102.083,188.0,1975-03-19,0.0,29.4,36.8,23.5
TH000048431,"NAKHON RATCHASIMA, TH",14.967,102.083,188.0,1975-03-20,2.3,29.7,38.1,23.6
TH000048431,"NAKHON RATCHASIMA, TH",14.967,102.083,188.0,1975-03-21,0.0,28.6,36.2,22.8
TH000048431,"NAKHON RATCHASIMA, TH",14.967,102.083,188.0,1975-03-22,0.4,30.0,38.3,22.5
TH000048431,"NAKHON RATCHASIMA, TH",14.967,102.083,188.0,1975-03-23,0.0,30.4,38.5,23.0
TH000048431,"NAKHON RATCHASIMA, TH",14.967,102.083,188.0,1975-03-24,0.0,26.8,29.5,24.3
TH000048431,"NAKHON RATCHASIMA, TH",14.967,102.083,188.0,1975-03-25,0.0,29.6,35.8,22.0
TH000048431,"NAKHON RATCHASIMA, TH",14.967,102.083,188.0,1975-03-26,0.0,29.0,36.0,22.2
TH000048431,"NAKHON RATCHASIMA, TH",14.967,102.083,188.0,1975-03-27,0.0,30.0,36.4,23.8
TH000048431,"NAKHON RATCHASIMA, TH",14.967,102.083,188.0,1975-03-28,0.0,31.3,38.4,23.7
TH000048431,"NAKHON RATCHASIMA, TH",14.967,102.083,188.0,1975-03-29,0.2,31.0,38.5,23.8
TH000048431,"NAKHON RATCHASIMA, TH",14.967,102.083,188.0,1975-03-30,5.3,29.2,38.6,25.0
TH000048431,"NAKHON RATCHASIMA, TH",14.967,102.083,188.0,1975-03-31,0.3,28.6,34.6,23.2
TH000048431,"NAKHON RATCHASIMA, TH",14.967,102.083,188.0,1975-04-01,0.0,26.0,30.1,24.4
TH000048431,"NAKHON RATCHASIMA, TH",14.967,102.083,188.0,1975-04-02,0.0,26.4,31.4,22.5
TH000048431,"NAKHON RATCHASIMA, TH",14.967,102.083,188.0,1975-04-03,0.0,25.9,30.4,21.7
TH000048431,"NAKHON RATCHASIMA, TH",14.967,102.083,188.0,1975-04-04,0.0,28.2,34.9,23.0
TH000048431,"NAKHON RATCHASIMA, TH",14.967,102.083,188.0,1975-04-05,0.0,29.4,36.4,24.0
TH000048431,"NAKHON RATCHASIMA, TH",14.967,102.083,188.0,1975-04-06,0.0,30.6,36.6,23.6
TH000048431,"NAKHON RATCHASIMA, TH",14.967,102.083,188.0,1975-04-07,0.0,30.0,39.0,24.2
TH000048431,"NAKHON RATCHASIMA, TH",14.967,102.083,188.0,1975-04-08,0.0,31.0,37.5,24.0
TH000048431,"NAKHON RATCHASIMA, TH",14.967,102.083,188.0,1975-04-09,0.0,30.2,37.1,23.9
TH000048431,"NAKHON RATCHASIMA, TH",14.967,102.083,188.0,1975-04-10,0.0,32.6,39.3,24.4
TH000048431,"NAKHON RATCHASIMA, TH",14.967,102.083,188.0,1975-04-11,0.0,31.4,40.0,25.0
TH000048431,"NAKHON RATCHASIMA, TH",14.967,102.083,188.0,1975-04-12,0.0,33.0,39.8,24.0
TH000048431,"NAKHON RATCHASIMA, TH",14.967,102.083,188.0,1975-04-13,0.0,33.0,39.7,24.2
TH000048431,"NAKHON RATCHASIMA, TH",14.967,102.083,188.0,1975-04-14,0.0,32.6,41.0,25.2
TH000048431,"NAKHON RATCHASIMA, TH",14.967,102.083,188.0,1975-04-15,0.0,32.6,39.5,25.5
TH000048431,"NAKHON RATCHASIMA, TH",14.967,102.083,188.0,1975-04-16,0.0,33.7,40.5,25.1
TH000048431,"NAKHON RATCHASIMA, TH",14.967,102.083,188.0,1975-04-17,0.0,32.6,40.0,25.2
TH000048431,"NAKHON RATCHASIMA, TH",14.967,102.083,188.0,1975-04-18,0.0,31.6,39.9,26.4
TH000048431,"NAKHON RATCHASIMA, TH",14.967,102.083,188.0,1975-04-19,0.0,31.8,38.3,25.1
TH000048431,"NAKHON RATCHASIMA, TH",14.967,102.083,188.0,1975-04-20,10.6,28.4,37.7,24.0
TH000048431,"NAKHON RATCHASIMA, TH",14.967,102.083,188.0,1975-04-21,0.0,27.9,33.8,24.4
TH000048431,"NAKHON RATCHASIMA, TH",14.967,102.083,188.0,1975-04-22,6.6,28.2,36.0,23.7
TH000048431,"NAKHON RATCHASIMA, TH",14.967,102.083,188.0,1975-04-23,0.0,28.9,36.5,23.6
TH000048431,"NAKHON RATCHASIMA, TH",14.967,102.083,188.0,1975-04-24,0.0,32.0,38.3,24.6
TH000048431,"NAKHON RATCHASIMA, TH",14.967,102.083,188.0,1975-04-25,0.0,32.7,38.8,24.9
TH000048431,"NAKHON RATCHASIMA, TH",14.967,102.083,188.0,1975-04-26,0.0,31.2,39.0,25.0
TH000048431,"NAKHON RATCHASIMA, TH",14.967,102.083,188.0,1975-04-27,0.0,33.7,40.0,25.0
TH000048431,"NAKHON RATCHASIMA, TH",14.967,102.083,188.0,1975-04-28,0.0,33.3,40.8,25.1
TH000048431,"NAKHON RATCHASIMA, TH",14.967,102.083,188.0,1975-04-29,0.0,33.8,42.0,26.0
TH000048431,"NAKHON RATCHASIMA, TH",14.967,102.083,188.0,1975-04-30,0.0,31.6,40.5,27.2
TH000048431,"NAKHON RATCHASIMA, TH",14.967,102.083,188.0,1975-05-01,3.1,28.5,35.8,25.0
TH000048431,"NAKHON RATCHASIMA, TH",14.967,102.083,188.0,1975-05-02,0.0,29.3,35.0,23.6
TH000048431,"NAKHON RATCHASIMA, TH",14.967,102.083,188.0,1975-05-03,0.0,29.7,35.0,24.5
TH000048431,"NAKHON RATCHASIMA, TH",14.967,102.083,188.0,1975-05-04,0.1,29.3,35.8,24.2
TH000048431,"NAKHON RATCHASIMA, TH",14.967,102.083,188.0,1975-05-05,0.0,30.2,37.0,25.3
TH000048431,"NAKHON RATCHASIMA, TH",14.967,102.083,188.0,1975-05-06,4.3,29.0,36.3,24.6
TH000048431,"NAKHON RATCHASIMA, TH",14.967,102.083,188.0,1975-05-07,1.7,28.2,34.6,24.1
TH000048431,"NAKHON RATCHASIMA, TH",14.967,102.083,188.0,1975-05-08,0.0,29.9,36.3,24.0
TH000048431,"NAKHON RATCHASIMA, TH",14.967,102.083,188.0,1975-05-09,0.0,30.9,37.3,25.0
TH000048431,"NAKHON RATCHASIMA, TH",14.967,102.083,188.0,1975-05-10,0.1,29.9,38.2,24.9
TH000048431,"NAKHON RATCHASIMA, TH",14.967,102.083,188.0,1975-05-11,4.6,29.8,38.3,24.1
TH000048431,"NAKHON RATCHASIMA, TH",14.967,102.083,188.0,1975-05-12,3.9,29.2,35.7,23.2
TH000048431,"NAKHON RATCHASIMA, TH",14.967,102.083,188.0,1975-05-13,0.0,29.1,36.1,23.8
TH000048431,"NAKHON RATCHASIMA, TH",14.967,102.083,188.0,1975-05-14,0.0,29.2,36.0,24.6
TH000048431,"NAKHON RATCHASIMA, TH",14.967,102.083,188.0,1975-05-15,1.0,29.5,35.3,23.8
TH000048431,"NAKHON RATCHASIMA, TH",14.967,102.083,188.0,1975-05-16,5.1,30.7,37.7,24.8
TH000048431,"NAKHON RATCHASIMA, TH",14.967,102.083,188.0,1975-05-17,1.3,30.6,36.9,24.5
TH000048431,"NAKHON RATCHASIMA, TH",14.967,102.083,188.0,1975-05-18,34.1,31.0,36.7,24.4
TH000048431,"NAKHON RATCHASIMA, TH",14.967,102.083,188.0,1975-05-19,62.1,27.0,35.0,23.3
TH000048431,"NAKHON RATCHASIMA, TH",14.967,102.083,188.0,1975-05-20,11.5,27.8,33.6,23.5
TH000048431,"NAKHON RATCHASIMA, TH",14.967,102.083,188.0,1975-05-21,2.1,28.0,35.1,24.5
TH000048431,"NAKHON RATCHASIMA, TH",14.967,102.083,188.0,1975-05-22,3.1,27.6,34.8,24.6
TH000048431,"NAKHON RATCHASIMA, TH",14.967,102.083,188.0,1975-05-23,2.1,27.6,34.0,23.2
TH000048431,"NAKHON RATCHASIMA, TH",14.967,102.083,188.0,1975-05-24,0.4,28.4,34.4,24.5
TH000048431,"NAKHON RATCHASIMA, TH",14.967,102.083,188.0,1975-05-25,2.1,27.7,33.4,24.4
TH000048431,"NAKHON RATCHASIMA, TH",14.967,102.083,188.0,1975-05-26,0.0,28.9,34.2,23.8
TH000048431,"NAKHON RATCHASIMA, TH",14.967,102.083,188.0,1975-05-27,10.7,28.5,35.9,24.4
TH000048431,"NAKHON RATCHASIMA, TH",14.967,102.083,188.0,1975-05-28,22.9,25.6,33.0,23.2
TH000048431,"NAKHON RATCHASIMA, TH",14.967,102.083,188.0,1975-05-29,0.0,28.0,34.5,23.0
TH000048431,"NAKHON RATCHASIMA, TH",14.967,102.083,188.0,1975-05-30,0.0,28.5,34.1,23.7
TH000048431,"NAKHON RATCHASIMA, TH",14.967,102.083,188.0,1975-05-31,5.1,,35.0,24.7
TH000048431,"NAKHON RATCHASIMA, TH",14.967,102.083,188.0,1975-06-01,5.4,26.8,31.1,24.0
TH000048431,"NAKHON RATCHASIMA, TH",14.967,102.083,188.0,1975-06-02,1.3,27.3,31.2,23.8
TH000048431,"NAKHON RATCHASIMA, TH",14.967,102.083,188.0,1975-06-03,0.7,27.1,32.5,23.4
TH000048431,"NAKHON RATCHASIMA, TH",14.967,102.083,188.0,1975-06-04,0.0,28.9,34.4,24.5
TH000048431,"NAKHON RATCHASIMA, TH",14.967,102.083,188.0,1975-06-05,0.0,29.8,35.4,24.6
TH000048431,"NAKHON RATCHASIMA, TH",14.967,102.083,188.0,1975-06-06,10.8,28.2,35.6,24.5
TH000048431,"NAKHON RATCHASIMA, TH",14.967,102.083,188.0,1975-06-07,0.0,29.3,35.7,23.5
TH000048431,"NAKHON RATCHASIMA, TH",14.967,102.083,188.0,1975-06-08,7.9,28.2,35.0,25.0
TH000048431,"NAKHON RATCHASIMA, TH",14.967,102.083,188.0,1975-06-09,0.2,28.8,34.1,23.5
TH000048431,"NAKHON RATCHASIMA, TH",14.967,102.083,188.0,1975-06-10,0.0,28.4,34.0,23.4
TH000048431,"NAKHON RATCHASIMA, TH",14.967,102.083,188.0,1975-06-11,0.0,29.1,34.2,24.8
TH000048431,"NAKHON RATCHASIMA, TH",14.967,102.083,188.0,1975-06-12,0.0,30.2,35.0,24.4
TH000048431,"NAKHON RATCHASIMA, TH",14.967,102.083,188.0,1975-06-13,0.0,29.3,34.0,24.0
TH000048431,"NAKHON RATCHASIMA, TH",14.967,102.083,188.0,1975-06-14,0.0,29.0,34.1,24.0
TH000048431,"NAKHON RATCHASIMA, TH",14.967,102.083,188.0,1975-06-15,0.0,29.4,34.5,24.4
TH000048431,"NAKHON RATCHASIMA, TH",14.967,102.083,188.0,1975-06-16,1.2,29.3,34.6,24.5
TH000048431,"NAKHON RATCHASIMA, TH",14.967,102.083,188.0,1975-06-17,35.1,26.8,30.6,25.0
TH000048431,"NAKHON RATCHASIMA, TH",14.967,102.083,188.0,1975-06-18,3.5,27.6,33.2,22.7
TH000048431,"NAKHON RATCHASIMA, TH",14.967,102.083,188.0,1975-06-19,2.8,27.0,31.7,23.2
TH000048431,"NAKHON RATCHASIMA, TH",14.967,102.083,188.0,1975-06-20,1.1,28.3,33.0,24.1
TH000048431,"NAKHON RATCHASIMA, TH",14.967,102.083,188.0,1975-06-21,1.9,27.6,32.7,24.5
TH000048431,"NAKHON RATCHASIMA, TH",14.967,102.083,188.0,1975-06-22,39.6,26.4,33.1,23.5
TH000048431,"NAKHON RATCHASIMA, TH",14.967,102.083,188.0,1975-06-23,0.0,28.2,33.1,22.5
TH000048431,"NAKHON RATCHASIMA, TH",14.967,102.083,188.0,1975-06-24,0.0,29.3,33.6,23.8
TH000048431,"NAKHON RATCHASIMA, TH",14.967,102.083,188.0,1975-06-25,8.1,28.6,34.4,23.7
TH000048431,"NAKHON RATCHASIMA, TH",14.967,102.083,188.0,1975-06-26,1.0,27.6,31.2,23.5
TH000048431,"NAKHON RATCHASIMA, TH",14.967,102.083,188.0,1975-06-27,0.6,26.4,29.6,22.5
TH000048431,"NAKHON RATCHASIMA, TH",14.967,102.083,188.0,1975-06-28,0.0,28.3,34.1,23.1
TH000048431,"NAKHON RATCHASIMA, TH",14.967,102.083,188.0,1975-06-29,0.0,28.1,34.0,23.6
TH000048431,"NAKHON RATCHASIMA, TH",14.967,102.083,188.0,1975-06-30,0.3,28.1,34.1,22.8
TH000048431,"NAKHON RATCHASIMA, TH",14.967,102.083,188.0,1975-07-01,0.0,29.2,34.2,23.4
TH000048431,"NAKHON RATCHASIMA, TH",14.967,102.083,188.0,1975-07-02,0.0,29.0,35.0,23.1
TH000048431,"NAKHON RATCHASIMA, TH",14.967,102.083,188.0,1975-07-03,0.0,29.9,34.7,22.5
TH000048431,"NAKHON RATCHASIMA, TH",14.967,102.083,188.0,1975-07-04,0.0,30.6,33.9,24.2
TH000048431,"NAKHON RATCHASIMA, TH",14.967,102.083,188.0,1975-07-05,0.0,29.6,35.0,25.0
TH000048431,"NAKHON RATCHASIMA, TH",14.967,102.083,188.0,1975-07-06,1.3,28.6,35.0,22.8
TH000048431,"NAKHON RATCHASIMA, TH",14.967,102.083,188.0,1975-07-07,0.0,28.0,33.3,23.5
TH000048431,"NAKHON RATCHASIMA, TH",14.967,102.083,188.0,1975-07-08,0.0,29.3,34.0,23.6
TH000048431,"NAKHON RATCHASIMA, TH",14.967,102.083,188.0,1975-07-09,0.0,29.1,34.6,23.7
TH000048431,"NAKHON RATCHASIMA, TH",14.967,102.083,188.0,1975-07-10,104.1,30.0,37.1,23.9
TH000048431,"NAKHON RATCHASIMA, TH",14.967,102.083,188.0,1975-07-11,1.0,25.3,28.0,22.0
TH000048431,"NAKHON RATCHASIMA, TH",14.967,102.083,188.0,1975-07-12,0.4,27.3,30.5,23.0
TH000048431,"NAKHON RATCHASIMA, TH",14.967,102.083,188.0,1975-07-13,0.0,29.6,33.0,23.4
TH000048431,"NAKHON RATCHASIMA, TH",14.967,102.083,188.0,1975-07-14,0.0,27.4,32.7,24.0
TH000048431,"NAKHON RATCHASIMA, TH",14.967,102.083,188.0,1975-07-15,0.9,27.4,33.6,24.1
TH000048431,"NAKHON RATCHASIMA, TH",14.967,102.083,188.0,1975-07-16,8.9,26.8,32.7,24.2
TH000048431,"NAKHON RATCHASIMA, TH",14.967,102.083,188.0,1975-07-17,0.0,26.6,31.0,22.0
TH000048431,"NAKHON RATCHASIMA, TH",14.967,102.083,188.0,1975-07-18,0.0,27.5,31.7,23.0
TH000048431,"NAKHON RATCHASIMA, TH",14.967,102.083,188.0,1975-07-19,0.0,27.3,31.7,23.3
TH000048431,"NAKHON RATCHASIMA, TH",14.967,102.083,188.0,1975-07-20,0.0,26.5,31.6,23.7
TH000048431,"NAKHON RATCHASIMA, TH",14.967,102.083,188.0,1975-07-21,0.0,27.8,33.2,23.0
TH000048431,"NAKHON RATCHASIMA, TH",14.967,102.083,188.0,1975-07-22,0.0,27.8,33.0,23.2
TH000048431,"NAKHON RATCHASIMA, TH",14.967,102.083,188.0,1975-07-23,3.5,27.1,33.5,23.3
TH000048431,"NAKHON RATCHASIMA, TH",14.967,102.083,188.0,1975-07-24,0.0,29.3,34.1,22.0
TH000048431,"NAKHON RATCHASIMA, TH",14.967,102.083,188.0,1975-07-25,17.2,26.6,35.1,22.8
TH000048431,"NAKHON RATCHASIMA, TH",14.967,102.083,188.0,1975-07-26,0.0,28.4,33.8,23.4
TH000048431,"NAKHON RATCHASIMA, TH",14.967,102.083,188.0,1975-07-27,60.4,26.6,33.7,21.7
TH000048431,"NAKHON RATCHASIMA, TH",14.967,102.083,188.0,1975-07-28,0.0,28.2,33.1,21.9
TH000048431,"NAKHON RATCHASIMA, TH",14.967,102.083,188.0,1975-07-29,1.7,28.7,35.1,23.4
TH000048431,"NAKHON RATCHASIMA, TH",14.967,102.083,188.0,1975-07-30,0.0,27.9,35.0,23.1
TH000048431,"NAKHON RATCHASIMA, TH",14.967,102.083,188.0,1975-07-31,0.0,29.4,34.5,23.7
TH000048431,"NAKHON RATCHASIMA, TH",14.967,102.083,188.0,1975-08-01,0.0,29.0,34.6,24.0
TH000048431,"NAKHON RATCHASIMA, TH",14.967,102.083,188.0,1975-08-02,0.5,27.0,31.4,24.0
TH000048431,"NAKHON RATCHASIMA, TH",14.967,102.083,188.0,1975-08-03,0.0,28.6,32.6,23.8
TH000048431,"NAKHON RATCHASIMA, TH",14.967,102.083,188.0,1975-08-04,0.0,28.3,32.8,23.6
TH000048431,"NAKHON RATCHASIMA, TH",14.967,102.083,188.0,1975-08-05,0.0,27.0,30.5,24.5
TH000048431,"NAKHON RATCHASIMA, TH",14.967,102.083,188.0,1975-08-06,0.1,28.2,33.2,24.0
TH000048431,"NAKHON RATCHASIMA, TH",14.967,102.083,188.0,1975-08-07,1.2,29.5,33.7,24.7
TH000048431,"NAKHON RATCHASIMA, TH",14.967,102.083,188.0,1975-08-08,0.0,28.5,32.8,24.2
TH000048431,"NAKHON RATCHASIMA, TH",14.967,102.083,188.0,1975-08-09,0.0,29.3,34.0,24.6
TH000048431,"NAKHON RATCHASIMA, TH",14.967,102.083,188.0,1975-08-10,0.4,28.3,32.5,25.0
TH000048431,"NAKHON RATCHASIMA, TH",14.967,102.083,188.0,1975-08-11,6.9,24.2,25.1,23.8
TH000048431,"NAKHON RATCHASIMA, TH",14.967,102.083,188.0,1975-08-12,0.0,27.6,32.1,22.9
TH000048431,"NAKHON RATCHASIMA, TH",14.967,102.083,188.0,1975-08-13,0.0,29.0,33.8,24.1
TH000048431,"NAKHON RATCHASIMA, TH",14.967,102.083,188.0,1975-08-14,3.4,27.4,33.7,24.0
TH000048431,"NAKHON RATCHASIMA, TH",14.967,102.083,188.0,1975-08-15,0.0,28.4,34.2,23.5
TH000048431,"NAKHON RATCHASIMA, TH",14.967,102.083,188.0,1975-08-16,0.0,28.3,32.8,23.8
TH000048431,"NAKHON RATCHASIMA, TH",14.967,102.083,188.0,1975-08-17,0.0,29.1,34.9,24.4
TH000048431,"NAKHON RATCHASIMA, TH",14.967,102.083,188.0,1975-08-18,0.0,29.6,36.2,24.8
TH000048431,"NAKHON RATCHASIMA, TH",14.967,102.083,188.0,1975-08-19,22.4,28.3,36.5,25.2
TH000048431,"NAKHON RATCHASIMA, TH",14.967,102.083,188.0,1975-08-20,8.7,29.0,35.1,23.8
TH000048431,"NAKHON RATCHASIMA, TH",14.967,102.083,188.0,1975-08-21,2.9,26.6,31.7,22.1
TH000048431,"NAKHON RATCHASIMA, TH",14.967,102.083,188.0,1975-08-22,0.0,28.3,33.4,23.8
TH000048431,"NAKHON RATCHASIMA, TH",14.967,102.083,188.0,1975-08-23,0.0,28.7,33.6,22.7
TH000048431,"NAKHON RATCHASIMA, TH",14.967,102.083,188.0,1975-08-24,0.0,26.9,34.0,23.0
TH000048431,"NAKHON RATCHASIMA, TH",14.967,102.083,188.0,1975-08-25,0.0,28.8,33.2,23.6
TH000048431,"NAKHON RATCHASIMA, TH",14.967,102.083,188.0,1975-08-26,1.1,28.2,33.0,24.4
TH000048431,"NAKHON RATCHASIMA, TH",14.967,102.083,188.0,1975-08-27,12.9,26.3,31.2,24.0
TH000048431,"NAKHON RATCHASIMA, TH",14.967,102.083,188.0,1975-08-28,0.0,26.5,30.3,22.0
TH000048431,"NAKHON RATCHASIMA, TH",14.967,102.083,188.0,1975-08-29,0.7,27.1,31.2,24.1
TH000048431,"NAKHON RATCHASIMA, TH",14.967,102.083,188.0,1975-08-30,0.1,26.7,29.7,22.3
TH000048431,"NAKHON RATCHASIMA, TH",14.967,102.083,188.0,1975-08-31,1.1,26.8,32.2,22.1
TH000048431,"NAKHON RATCHASIMA, TH",14.967,102.083,188.0,1975-09-01,0.0,27.2,32.6,22.5
TH000048431,"NAKHON RATCHASIMA, TH",14.967,102.083,188.0,1975-09-02,0.4,26.5,32.2,22.2
TH000048431,"NAKHON RATCHASIMA, TH",14.967,102.083,188.0,1975-09-03,0.5,26.5,32.6,22.3
TH000048431,"NAKHON RATCHASIMA, TH",14.967,102.083,188.0,1975-09-04,0.9,25.6,31.7,23.3
TH000048431,"NAKHON RATCHASIMA, TH",14.967,102.083,188.0,1975-09-05,6.9,25.9,32.5,22.2
TH000048431,"NAKHON RATCHASIMA, TH",14.967,102.083,188.0,1975-09-06,21.4,25.7,30.5,22.7
TH000048431,"NAKHON RATCHASIMA, TH",14.967,102.083,188.0,1975-09-07,8.5,27.0,31.6,22.0
TH000048431,"NAKHON RATCHASIMA, TH",14.967,102.083,188.0,1975-09-08,1.7,25.0,30.6,23.0
TH000048431,"NAKHON RATCHASIMA, TH",14.967,102.083,188.0,1975-09-09,3.0,27.2,32.2,22.4
TH000048431,"NAKHON RATCHASIMA, TH",14.967,102.083,188.0,1975-09-10,86.8,25.5,32.0,23.4
TH000048431,"NAKHON RATCHASIMA, TH",14.967,102.083,188.0,1975-09-11,0.0,27.0,31.2,22.0
TH000048431,"NAKHON RATCHASIMA, TH",14.967,102.083,188.0,1975-09-12,0.0,27.2,32.2,24.4
TH000048431,"NAKHON RATCHASIMA, TH",14.967,102.083,188.0,1975-09-13,5.2,26.7,31.8,23.2
TH000048431,"NAKHON RATCHASIMA, TH",14.967,102.083,188.0,1975-09-14,21.4,26.2,32.3,22.5
TH000048431,"NAKHON RATCHASIMA, TH",14.967,102.083,188.0,1975-09-15,8.6,25.1,31.0,22.3
TH000048431,"NAKHON RATCHASIMA, TH",14.967,102.083,188.0,1975-09-16,19.4,25.8,31.4,22.2
TH000048431,"NAKHON RATCHASIMA, TH",14.967,102.083,188.0,1975-09-17,4.3,26.6,31.4,23.7
TH000048431,"NAKHON RATCHASIMA, TH",14.967,102.083,188.0,1975-09-18,0.0,27.3,32.6,23.0
TH000048431,"NAKHON RATCHASIMA, TH",14.967,102.083,188.0,1975-09-19,0.0,27.9,34.1,22.0
TH000048431,"NAKHON RATCHASIMA, TH",14.967,102.083,188.0,1975-09-20,0.0,28.6,34.6,23.0
TH000048431,"NAKHON RATCHASIMA, TH",14.967,102.083,188.0,1975-09-21,2.2,26.0,31.5,24.2
TH000048431,"NAKHON RATCHASIMA, TH",14.967,102.083,188.0,1975-09-22,18.7,27.3,32.1,23.0
TH000048431,"NAKHON RATCHASIMA, TH",14.967,102.083,188.0,1975-09-23,0.3,26.0,30.4,22.1
TH000048431,"NAKHON RATCHASIMA, TH",14.967,102.083,188.0,1975-09-24,4.6,26.9,32.8,23.2
TH000048431,"NAKHON RATCHASIMA, TH",14.967,102.083,188.0,1975-09-25,0.0,28.6,33.6,23.2
TH000048431,"NAKHON RATCHASIMA, TH",14.967,102.083,188.0,1975-09-26,0.0,28.4,34.2,23.8
TH000048431,"NAKHON RATCHASIMA, TH",14.967,102.083,188.0,1975-09-27,0.0,28.1,32.6,24.3
TH000048431,"NAKHON RATCHASIMA, TH",14.967,102.083,188.0,1975-09-28,0.2,28.7,33.4,24.5
TH000048431,"NAKHON RATCHASIMA, TH",14.967,102.083,188.0,1975-09-29,5.6,26.5,32.6,24.0
TH000048431,"NAKHON RATCHASIMA, TH",14.967,102.083,188.0,1975-09-30,7.5,26.1,29.8,23.3
TH000048431,"NAKHON RATCHASIMA, TH",14.967,102.083,188.0,1975-10-01,20.6,26.6,31.6,22.0
TH000048431,"NAKHON RATCHASIMA, TH",14.967,102.083,188.0,1975-10-02,2.1,25.5,30.2,21.9
TH000048431,"NAKHON RATCHASIMA, TH",14.967,102.083,188.0,1975-10-03,6.6,26.1,31.0,22.7
TH000048431,"NAKHON RATCHASIMA, TH",14.967,102.083,188.0,1975-10-04,2.6,27.0,31.2,22.8
TH000048431,"NAKHON RATCHASIMA, TH",14.967,102.083,188.0,1975-10-05,0.4,27.7,33.4,23.4
TH000048431,"NAKHON RATCHASIMA, TH",14.967,102.083,188.0,1975-10-06,2.1,27.8,34.0,23.8
TH000048431,"NAKHON RATCHASIMA, TH",14.967,102.083,188.0,1975-10-07,42.2,27.7,34.2,23.5
TH000048431,"NAKHON RATCHASIMA, TH",14.967,102.083,188.0,1975-10-08,29.3,25.9,31.0,23.4
TH000048431,"NAKHON RATCHASIMA, TH",14.967,102.083,188.0,1975-10-09,14.9,25.5,30.8,22.7
TH000048431,"NAKHON RATCHASIMA, TH",14.967,102.083,188.0,1975-10-10,3.6,26.1,31.9,22.9
TH000048431,"NAKHON RATCHASIMA, TH",14.967,102.083,188.0,1975-10-11,1.6,26.8,31.8,23.1
TH000048431,"NAKHON RATCHASIMA, TH",14.967,102.083,188.0,1975-10-12,0.0,26.1,29.7,23.2
TH000048431,"NAKHON RATCHASIMA, TH",14.967,102.083,188.0,1975-10-13,0.2,28.0,32.6,23.3
TH000048431,"NAKHON RATCHASIMA, TH",14.967,102.083,188.0,1975-10-14,0.1,27.3,31.7,24.0
TH000048431,"NAKHON RATCHASIMA, TH",14.967,102.083,188.0,1975-10-15,0.3,25.6,28.3,24.0
TH000048431,"NAKHON RATCHASIMA, TH",14.967,102.083,188.0,1975-10-16,0.0,23.8,28.5,21.1
TH000048431,"NAKHON RATCHASIMA, TH",14.967,102.083,188.0,1975-10-17,0.0,24.6,28.9,20.5
TH000048431,"NAKHON RATCHASIMA, TH",14.967,102.083,188.0,1975-10-18,0.0,26.8,31.0,22.3
TH000048431,"NAKHON RATCHASIMA, TH",14.967,102.083,188.0,1975-10-19,2.4,24.9,27.3,24.0
TH000048431,"NAKHON RATCHASIMA, TH",14.967,102.083,188.0,1975-10-20,0.0,24.8,28.2,23.0
TH000048431,"NAKHON RATCHASIMA, TH",14.967,102.083,188.0,1975-10-21,0.0,25.3,29.4,22.3
TH000048431,"NAKHON RATCHASIMA, TH",14.967,102.083,188.0,1975-10-22,0.0,26.8,30.4,21.6
TH000048431,"NAKHON RATCHASIMA, TH",14.967,102.083,188.0,1975-10-23,0.0,26.6,32.0,20.6
TH000048431,"NAKHON RATCHASIMA, TH",14.967,102.083,188.0,1975-10-24,0.0,26.4,32.2,20.5
TH000048431,"NAKHON RATCHASIMA, TH",14.967,102.083,188.0,1975-10-25,0.0,27.3,32.1,20.1
TH000048431,"NAKHON RATCHASIMA, TH",14.967,102.083,188.0,1975-10-26,0.0,28.8,32.4,24.0
TH000048431,"NAKHON RATCHASIMA, TH",14.967,102.083,188.0,1975-10-27,0.7,26.8,31.4,23.3
TH000048431,"NAKHON RATCHASIMA, TH",14.967,102.083,188.0,1975-10-28,0.0,26.2,30.7,22.5
TH000048431,"NAKHON RATCHASIMA, TH",14.967,102.083,188.0,1975-10-29,0.0,27.8,33.2,23.1
TH000048431,"NAKHON RATCHASIMA, TH",14.967,102.083,188.0,1975-10-30,0.0,25.4,29.5,23.0
TH000048431,"NAKHON RATCHASIMA, TH",14.967,102.083,188.0,1975-10-31,0.0,24.0,29.1,20.7
TH000048431,"NAKHON RATCHASIMA, TH",14.967,102.083,188.0,1975-11-01,0.0,25.3,29.6,19.5
TH000048431,"NAKHON RATCHASIMA, TH",14.967,102.083,188.0,1975-11-02,0.0,23.3,28.0,20.0
TH000048431,"NAKHON RATCHASIMA, TH",14.967,102.083,188.0,1975-11-03,0.0,25.5,29.5,21.2
TH000048431,"NAKHON RATCHASIMA, TH",14.967,102.083,188.0,1975-11-04,0.0,24.7,29.0,22.4
TH000048431,"NAKHON RATCHASIMA, TH",14.967,102.083,188.0,1975-11-05,0.0,25.7,30.0,20.2
TH000048431,"NAKHON RATCHASIMA, TH",14.967,102.083,188.0,1975-11-06,0.2,24.9,28.5,22.4
TH000048431,"NAKHON RATCHASIMA, TH",14.967,102.083,188.0,1975-11-07,37.2,25.4,28.8,21.9
TH000048431,"NAKHON RATCHASIMA, TH",14.967,102.083,188.0,1975-11-08,6.5,25.4,29.5,21.7
TH000048431,"NAKHON RATCHASIMA, TH",14.967,102.083,188.0,1975-11-09,7.0,25.0,31.0,23.1
TH000048431,"NAKHON RATCHASIMA, TH",14.967,102.083,188.0,1975-11-10,0.1,26.2,31.4,22.4
TH000048431,"NAKHON RATCHASIMA, TH",14.967,102.083,188.0,1975-11-11,0.0,26.8,32.1,22.0
TH000048431,"NAKHON RATCHASIMA, TH",14.967,102.083,188.0,1975-11-12,0.0,28.0,33.5,22.0
TH000048431,"NAKHON RATCHASIMA, TH",14.967,102.083,188.0,1975-11-13,0.0,28.5,33.4,22.3
TH000048431,"NAKHON RATCHASIMA, TH",14.967,102.083,188.0,1975-11-14,0.0,26.8,31.7,23.0
TH000048431,"NAKHON RATCHASIMA, TH",14.967,102.083,188.0,1975-11-15,0.0,25.7,30.5,23.5
TH000048431,"NAKHON RATCHASIMA, TH",14.967,102.083,188.0,1975-11-16,0.0,24.8,30.3,21.1
TH000048431,"NAKHON RATCHASIMA, TH",14.967,102.083,188.0,1975-11-17,0.0,26.3,30.7,20.4
TH000048431,"NAKHON RATCHASIMA, TH",14.967,102.083,188.0,1975-11-18,0.0,25.9,30.7,21.4
TH000048431,"NAKHON RATCHASIMA, TH",14.967,102.083,188.0,1975-11-19,0.0,25.1,30.1,20.4
TH000048431,"NAKHON RATCHASIMA, TH",14.967,102.083,188.0,1975-11-20,0.0,25.7,30.3,20.5
TH000048431,"NAKHON RATCHASIMA, TH",14.967,102.083,188.0,1975-11-21,0.0,26.0,30.1,20.6
TH000048431,"NAKHON RATCHASIMA, TH",14.967,102.083,188.0,1975-11-22,0.0,25.8,29.5,19.2
TH000048431,"NAKHON RATCHASIMA, TH",14.967,102.083,188.0,1975-11-23,0.0,20.9,26.3,18.9
TH000048431,"NAKHON RATCHASIMA, TH",14.967,102.083,188.0,1975-11-24,0.0,18.5,23.4,14.0
TH000048431,"NAKHON RATCHASIMA, TH",14.967,102.083,188.0,1975-11-25,0.0,18.8,24.4,12.0
TH000048431,"NAKHON RATCHASIMA, TH",14.967,102.083,188.0,1975-11-26,0.0,19.6,26.6,13.7
TH000048431,"NAKHON RATCHASIMA, TH",14.967,102.083,188.0,1975-11-27,0.0,20.2,26.6,14.1
TH000048431,"NAKHON RATCHASIMA, TH",14.967,102.083,188.0,1975-11-28,0.0,19.6,28.6,12.6
TH000048431,"NAKHON RATCHASIMA, TH",14.967,102.083,188.0,1975-11-29,0.0,22.2,28.3,14.1
TH000048431,"NAKHON RATCHASIMA, TH",14.967,102.083,188.0,1975-11-30,0.0,21.7,29.0,16.7
TH000048431,"NAKHON RATCHASIMA, TH",14.967,102.083,188.0,1975-12-01,0.0,24.2,30.2,16.0
TH000048431,"NAKHON RATCHASIMA, TH",14.967,102.083,188.0,1975-12-02,0.0,24.7,31.0,16.4
TH000048431,"NAKHON RATCHASIMA, TH",14.967,102.083,188.0,1975-12-03,0.0,25.6,32.3,20.1
TH000048431,"NAKHON RATCHASIMA, TH",14.967,102.083,188.0,1975-12-04,0.0,27.3,34.4,21.5
TH000048431,"NAKHON RATCHASIMA, TH",14.967,102.083,188.0,1975-12-05,0.0,28.3,35.2,22.5
TH000048431,"NAKHON RATCHASIMA, TH",14.967,102.083,188.0,1975-12-06,0.0,27.8,35.5,21.6
TH000048431,"NAKHON RATCHASIMA, TH",14.967,102.083,188.0,1975-12-07,0.0,28.3,35.6,21.0
TH000048431,"NAKHON RATCHASIMA, TH",14.967,102.083,188.0,1975-12-08,0.0,27.6,34.6,21.1
TH000048431,"NAKHON RATCHASIMA, TH",14.967,102.083,188.0,1975-12-09,9.1,27.3,33.0,21.4
TH000048431,"NAKHON RATCHASIMA, TH",14.967,102.083,188.0,1975-12-10,0.6,23.9,27.2,21.9
TH000048431,"NAKHON RATCHASIMA, TH",14.967,102.083,188.0,1975-12-11,0.0,22.5,27.1,19.0
TH000048431,"NAKHON RATCHASIMA, TH",14.967,102.083,188.0,1975-12-12,0.0,20.8,26.3,16.2
TH000048431,"NAKHON RATCHASIMA, TH",14.967,102.083,188.0,1975-12-13,0.0,21.6,25.7,15.0
TH000048431,"NAKHON RATCHASIMA, TH",14.967,102.083,188.0,1975-12-14,0.0,17.2,23.4,13.8
TH000048431,"NAKHON RATCHASIMA, TH",14.967,102.083,188.0,1975-12-15,0.0,16.1,21.4,11.4
TH000048431,"NAKHON RATCHASIMA, TH",14.967,102.083,188.0,1975-12-16,0.0,16.4,22.1,10.4
TH000048431,"NAKHON RATCHASIMA, TH",14.967,102.083,188.0,1975-12-17,0.0,15.8,21.7,9.8
TH000048431,"NAKHON RATCHASIMA, TH",14.967,102.083,188.0,1975-12-18,0.0,16.8,22.8,9.0
TH000048431,"NAKHON RATCHASIMA, TH",14.967,102.083,188.0,1975-12-19,0.0,20.3,24.7,11.5
TH000048431,"NAKHON RATCHASIMA, TH",14.967,102.083,188.0,1975-12-20,0.0,21.7,26.0,16.8
TH000048431,"NAKHON RATCHASIMA, TH",14.967,102.083,188.0,1975-12-21,0.0,21.2,24.0,15.5
TH000048431,"NAKHON RATCHASIMA, TH",14.967,102.083,188.0,1975-12-22,0.0,16.3,24.1,12.0
TH000048431,"NAKHON RATCHASIMA, TH",14.967,102.083,188.0,1975-12-23,0.0,17.4,24.3,8.3
TH000048431,"NAKHON RATCHASIMA, TH",14.967,102.083,188.0,1975-12-24,0.0,16.7,24.1,8.5
TH000048431,"NAKHON RATCHASIMA, TH",14.967,102.083,188.0,1975-12-25,0.0,17.8,25.1,8.4
TH000048431,"NAKHON RATCHASIMA, TH",14.967,102.083,188.0,1975-12-26,0.0,18.8,27.1,9.4
TH000048431,"NAKHON RATCHASIMA, TH",14.967,102.083,188.0,1975-12-27,0.0,21.2,26.7,12.0
TH000048431,"NAKHON RATCHASIMA, TH",14.967,102.083,188.0,1975-12-28,0.0,17.4,23.6,11.0
TH000048431,"NAKHON RATCHASIMA, TH",14.967,102.083,188.0,1975-12-29,0.0,14.3,22.0,6.5
TH000048431,"NAKHON RATCHASIMA, TH",14.967,102.083,188.0,1975-12-30,0.0,14.7,22.4,6.5
TH000048431,"NAKHON RATCHASIMA, TH",14.967,102.083,188.0,1975-12-31,0.0,16.8,23.7,6.2
TH000048431,"NAKHON RATCHASIMA, TH",14.967,102.083,188.0,1976-01-01,0.0,18.7,26.1,7.9
TH000048431,"NAKHON RATCHASIMA, TH",14.967,102.083,188.0,1976-01-02,0.0,19.3,28.2,10.0
TH000048431,"NAKHON RATCHASIMA, TH",14.967,102.083,188.0,1976-01-03,0.0,22.0,29.9,10.1
TH000048431,"NAKHON RATCHASIMA, TH",14.967,102.083,188.0,1976-01-04,0.0,23.7,31.2,12.2
TH000048431,"NAKHON RATCHASIMA, TH",14.967,102.083,188.0,1976-01-05,0.0,23.1,31.6,15.6
TH000048431,"NAKHON RATCHASIMA, TH",14.967,102.083,188.0,1976-01-06,0.0,23.5,31.0,15.5
TH000048431,"NAKHON RATCHASIMA, TH",14.967,102.083,188.0,1976-01-07,0.0,23.5,30.5,16.3
TH000048431,"NAKHON RATCHASIMA, TH",14.967,102.083,188.0,1976-01-08,0.0,22.5,31.1,14.5
TH000048431,"NAKHON RATCHASIMA, TH",14.967,102.083,188.0,1976-01-09,0.0,21.5,30.6,14.0
TH000048431,"NAKHON RATCHASIMA, TH",14.967,102.083,188.0,1976-01-10,0.0,23.5,28.3,14.9
TH000048431,"NAKHON RATCHASIMA, TH",14.967,102.083,188.0,1976-01-11,0.0,19.4,25.0,15.0
TH000048431,"NAKHON RATCHASIMA, TH",14.967,102.083,188.0,1976-01-12,0.0,17.8,24.6,11.6
TH000048431,"NAKHON RATCHASIMA, TH",14.967,102.083,188.0,1976-01-13,0.0,16.1,24.7,9.5
TH000048431,"NAKHON RATCHASIMA, TH",14.967,102.083,188.0,1976-01-14,0.0,18.7,26.4,8.2
TH000048431,"NAKHON RATCHASIMA, TH",14.967,102.083,188.0,1976-01-15,0.0,17.0,27.1,8.0
TH000048431,"NAKHON RATCHASIMA, TH",14.967,102.083,188.0,1976-01-16,0.0,19.1,29.4,8.3
TH000048431,"NAKHON RATCHASIMA, TH",14.967,102.083,188.0,1976-01-17,0.0,23.2,31.0,9.5
TH000048431,"NAKHON RATCHASIMA, TH",14.967,102.083,188.0,1976-01-18,0.0,21.8,31.9,10.3
TH000048431,"NAKHON RATCHASIMA, TH",14.967,102.083,188.0,1976-01-19,0.0,24.0,30.5,11.9
TH000048431,"NAKHON RATCHASIMA, TH",14.967,102.083,188.0,1976-01-20,0.0,21.3,28.2,12.2
TH000048431,"NAKHON RATCHASIMA, TH",14.967,102.083,188.0,1976-01-21,0.0,21.4,30.3,12.9
TH000048431,"NAKHON RATCHASIMA, TH",14.967,102.083,188.0,1976-01-22,0.0,23.0,29.6,14.5
TH000048431,"NAKHON RATCHASIMA, TH",14.967,102.083,188.0,1976-01-23,0.0,23.0,29.5,18.8
TH000048431,"NAKHON RATCHASIMA, TH",14.967,102.083,188.0,1976-01-24,0.0,21.2,27.8,16.0
TH000048431,"NAKHON RATCHASIMA, TH",14.967,102.083,188.0,1976-01-25,0.0,23.7,30.4,15.2
TH000048431,"NAKHON RATCHASIMA, TH",14.967,102.083,188.0,1976-01-26,0.0,22.8,30.8,16.4
TH000048431,"NAKHON RATCHASIMA, TH",14.967,102.083,188.0,1976-01-27,0.0,23.0,30.5,16.0
TH000048431,"NAKHON RATCHASIMA, TH",14.967,102.083,188.0,1976-01-28,0.0,23.3,31.2,13.9
TH000048431,"NAKHON RATCHASIMA, TH",14.967,102.083,188.0,1976-01-29,0.0,22.9,30.6,14.0
TH000048431,"NAKHON RATCHASIMA, TH",14.967,102.083,188.0,1976-01-30,0.0,22.3,29.4,15.9
TH000048431,"NAKHON RATCHASIMA, TH",14.967,102.083,188.0,1976-01-31,0.0,20.7,27.7,14.0
TH000048431,"NAKHON RATCHASIMA, TH",14.967,102.083,188.0,1976-02-01,0.0,21.9,30.8,12.9
TH000048431,"NAKHON RATCHASIMA, TH",14.967,102.083,188.0,1976-02-02,0.0,23.4,31.4,15.0
TH000048431,"NAKHON RATCHASIMA, TH",14.967,102.083,188.0,1976-02-03,0.0,25.6,34.3,16.2
TH000048431,"NAKHON RATCHASIMA, TH",14.967,102.083,188.0,1976-02-04,0.0,25.5,33.1,17.1
TH000048431,"NAKHON RATCHASIMA, TH",14.967,102.083,188.0,1976-02-05,6.0,25.0,31.6,20.5
TH000048431,"NAKHON RATCHASIMA, TH",14.967,102.083,188.0,1976-02-06,0.4,21.9,26.0,20.0
TH000048431,"NAKHON RATCHASIMA, TH",14.967,102.083,188.0,1976-02-07,3.8,24.3,30.9,19.0
TH000048431,"NAKHON RATCHASIMA, TH",14.967,102.083,188.0,1976-02-08,2.7,22.0,28.7,19.5
TH000048431,"NAKHON RATCHASIMA, TH",14.967,102.083,188.0,1976-02-09,0.0,20.6,24.2,18.4
TH000048431,"NAKHON RATCHASIMA, TH",14.967,102.083,188.0,1976-02-10,0.0,23.8,30.0,17.7
TH000048431,"NAKHON RATCHASIMA, TH",14.967,102.083,188.0,1976-02-11,0.0,25.8,33.0,18.1
TH000048431,"NAKHON RATCHASIMA, TH",14.967,102.083,188.0,1976-02-12,0.0,25.9,32.5,20.0
TH000048431,"NAKHON RATCHASIMA, TH",14.967,102.083,188.0,1976-02-13,15.1,25.9,33.5,21.2
TH000048431,"NAKHON RATCHASIMA, TH",14.967,102.083,188.0,1976-02-14,0.0,27.6,34.0,21.0
TH000048431,"NAKHON RATCHASIMA, TH",14.967,102.083,188.0,1976-02-15,0.2,27.4,34.6,22.0
TH000048431,"NAKHON RATCHASIMA, TH",14.967,102.083,188.0,1976-02-16,0.0,27.8,35.4,22.7
TH000048431,"NAKHON RATCHASIMA, TH",14.967,102.083,188.0,1976-02-17,0.0,30.2,36.7,21.6
TH000048431,"NAKHON RATCHASIMA, TH",14.967,102.083,188.0,1976-02-18,0.0,28.0,36.9,21.8
TH000048431,"NAKHON RATCHASIMA, TH",14.967,102.083,188.0,1976-02-19,0.0,27.0,37.0,19.0
TH000048431,"NAKHON RATCHASIMA, TH",14.967,102.083,188.0,1976-02-20,0.0,28.0,36.3,19.6
TH000048431,"NAKHON RATCHASIMA, TH",14.967,102.083,188.0,1976-02-21,0.0,29.2,36.7,21.1
TH000048431,"NAKHON RATCHASIMA, TH",14.967,102.083,188.0,1976-02-22,0.0,31.3,36.7,22.0
TH000048431,"NAKHON RATCHASIMA, TH",14.967,102.083,188.0,1976-02-23,0.0,28.4,34.9,23.3
TH000048431,"NAKHON RATCHASIMA, TH",14.967,102.083,188.0,1976-02-24,0.0,30.0,36.0,22.4
TH000048431,"NAKHON RATCHASIMA, TH",14.967,102.083,188.0,1976-02-25,2.4,28.6,35.3,24.2
TH000048431,"NAKHON RATCHASIMA, TH",14.967,102.083,188.0,1976-02-26,0.0,28.0,36.4,22.4
TH000048431,"NAKHON RATCHASIMA, TH",14.967,102.083,188.0,1976-02-27,0.0,28.4,37.6,20.5
TH000048431,"NAKHON RATCHASIMA, TH",14.967,102.083,188.0,1976-02-28,0.0,27.7,38.1,17.6
TH000048431,"NAKHON RATCHASIMA, TH",14.967,102.083,188.0,1976-02-29,0.0,29.0,37.0,18.7
TH000048431,"NAKHON RATCHASIMA, TH",14.967,102.083,188.0,1976-03-01,0.0,26.4,34.1,16.9
TH000048431,"NAKHON RATCHASIMA, TH",14.967,102.083,188.0,1976-03-02,1.1,20.8,24.7,18.7
TH000048431,"NAKHON RATCHASIMA, TH",14.967,102.083,188.0,1976-03-03,0.1,19.8,25.4,15.9
TH000048431,"NAKHON RATCHASIMA, TH",14.967,102.083,188.0,1976-03-04,0.0,21.6,27.5,16.4
TH000048431,"NAKHON RATCHASIMA, TH",14.967,102.083,188.0,1976-03-05,0.0,25.6,33.4,16.4
TH000048431,"NAKHON RATCHASIMA, TH",14.967,102.083,188.0,1976-03-06,0.0,25.4,34.0,16.2
TH000048431,"NAKHON RATCHASIMA, TH",14.967,102.083,188.0,1976-03-07,0.0,26.1,34.6,17.1
TH000048431,"NAKHON RATCHASIMA, TH",14.967,102.083,188.0,1976-03-08,0.0,29.0,37.1,18.8
TH000048431,"NAKHON RATCHASIMA, TH",14.967,102.083,188.0,1976-03-09,0.0,29.9,38.2,21.5
TH000048431,"NAKHON RATCHASIMA, TH",14.967,102.083,188.0,1976-03-10,0.0,30.6,39.0,21.8
TH000048431,"NAKHON RATCHASIMA, TH",14.967,102.083,188.0,1976-03-11,0.0,30.0,38.1,21.6
TH000048431,"NAKHON RATCHASIMA, TH",14.967,102.083,188.0,1976-03-12,0.0,29.0,38.7,21.7
TH000048431,"NAKHON RATCHASIMA, TH",14.967,102.083,188.0,1976-03-13,4.3,26.3,37.3,23.5
TH000048431,"NAKHON RATCHASIMA, TH",14.967,102.083,188.0,1976-03-14,0.0,27.0,34.4,21.6
TH000048431,"NAKHON RATCHASIMA, TH",14.967,102.083,188.0,1976-03-15,0.0,28.6,36.1,21.7
TH000048431,"NAKHON RATCHASIMA, TH",14.967,102.083,188.0,1976-03-16,40.5,27.6,37.6,22.7
TH000048431,"NAKHON RATCHASIMA, TH",14.967,102.083,188.0,1976-03-17,0.0,29.3,37.7,21.9
TH000048431,"NAKHON RATCHASIMA, TH",14.967,102.083,188.0,1976-03-18,0.0,30.6,38.3,22.5
TH000048431,"NAKHON RATCHASIMA, TH",14.967,102.083,188.0,1976-03-19,0.0,30.3,38.4,22.5
TH000048431,"NAKHON RATCHASIMA, TH",14.967,102.083,188.0,1976-03-20,0.3,24.4,26.2,23.5
TH000048431,"NAKHON RATCHASIMA, TH",14.967,102.083,188.0,1976-03-21,0.0,27.4,33.1,22.4
TH000048431,"NAKHON RATCHASIMA, TH",14.967,102.083,188.0,1976-03-22,0.0,28.2,35.2,22.5
TH000048431,"NAKHON RATCHASIMA, TH",14.967,102.083,188.0,1976-03-23,0.0,29.2,35.5,21.6
TH000048431,"NAKHON RATCHASIMA, TH",14.967,102.083,188.0,1976-03-24,0.1,27.8,35.4,22.8
TH000048431,"NAKHON RATCHASIMA, TH",14.967,102.083,188.0,1976-03-25,2.6,27.6,35.2,22.5
TH000048431,"NAKHON RATCHASIMA, TH",14.967,102.083,188.0,1976-03-26,0.6,26.6,35.5,23.2
TH000048431,"NAKHON RATCHASIMA, TH",14.967,102.083,188.0,1976-03-27,0.0,30.0,37.0,22.4
TH000048431,"NAKHON RATCHASIMA, TH",14.967,102.083,188.0,1976-03-28,0.0,30.0,38.1,24.0
TH000048431,"NAKHON RATCHASIMA, TH",14.967,102.083,188.0,1976-03-29,0.0,31.0,38.1,24.5
TH000048431,"NAKHON RATCHASIMA, TH",14.967,102.083,188.0,1976-03-30,0.0,31.7,39.6,24.2
TH000048431,"NAKHON RATCHASIMA, TH",14.967,102.083,188.0,1976-03-31,12.7,29.2,37.9,23.0
TH000048431,"NAKHON RATCHASIMA, TH",14.967,102.083,188.0,1976-04-01,0.0,27.4,32.8,22.5
TH000048431,"NAKHON RATCHASIMA, TH",14.967,102.083,188.0,1976-04-02,0.0,30.4,36.4,23.2
TH000048431,"NAKHON RATCHASIMA, TH",14.967,102.083,188.0,1976-04-03,0.0,30.1,36.9,24.6
TH000048431,"NAKHON RATCHASIMA, TH",14.967,102.083,188.0,1976-04-04,0.7,28.9,36.6,23.6
TH000048431,"NAKHON RATCHASIMA, TH",14.967,102.083,188.0,1976-04-05,0.0,28.1,34.6,22.6
TH000048431,"NAKHON RATCHASIMA, TH",14.967,102.083,188.0,1976-04-06,0.0,30.4,37.8,23.3
TH000048431,"NAKHON RATCHASIMA, TH",14.967,102.083,188.0,1976-04-07,0.0,30.3,38.6,25.1
TH000048431,"NAKHON RATCHASIMA, TH",14.967,102.083,188.0,1976-04-08,0.0,26.9,36.5,24.0
TH000048431,"NAKHON RATCHASIMA, TH",14.967,102.083,188.0,1976-04-09,0.0,29.3,38.4,20.4
TH000048431,"NAKHON RATCHASIMA, TH",14.967,102.083,188.0,1976-04-10,0.0,29.3,38.4,22.6
TH000048431,"NAKHON RATCHASIMA, TH",14.967,102.083,188.0,1976-04-11,0.2,29.1,38.6,21.3
TH000048431,"NAKHON RATCHASIMA, TH",14.967,102.083,188.0,1976-04-12,0.0,32.2,38.6,23.3
TH000048431,"NAKHON RATCHASIMA, TH",14.967,102.083,188.0,1976-04-13,0.0,32.7,40.4,23.4
TH000048431,"NAKHON RATCHASIMA, TH",14.967,102.083,188.0,1976-04-14,0.0,32.3,40.2,24.8
TH000048431,"NAKHON RATCHASIMA, TH",14.967,102.083,188.0,1976-04-15,0.0,31.8,39.5,25.2
TH000048431,"NAKHON RATCHASIMA, TH",14.967,102.083,188.0,1976-04-16,0.0,32.8,38.7,25.2
TH000048431,"NAKHON RATCHASIMA, TH",14.967,102.083,188.0,1976-04-17,0.0,33.0,40.5,24.0
TH000048431,"NAKHON RATCHASIMA, TH",14.967,102.083,188.0,1976-04-18,0.0,32.9,40.4,24.5
TH000048431,"NAKHON RATCHASIMA, TH",14.967,102.083,188.0,1976-04-19,5.3,30.0,40.2,24.6
TH000048431,"NAKHON RATCHASIMA, TH",14.967,102.083,188.0,1976-04-20,0.0,30.6,38.8,24.5
TH000048431,"NAKHON RATCHASIMA, TH",14.967,102.083,188.0,1976-04-21,0.0,28.3,33.0,24.3
TH000048431,"NAKHON RATCHASIMA, TH",14.967,102.083,188.0,1976-04-22,0.1,28.9,36.8,23.6
TH000048431,"NAKHON RATCHASIMA, TH",14.967,102.083,188.0,1976-04-23,0.0,31.7,37.6,23.6
TH000048431,"NAKHON RATCHASIMA, TH",14.967,102.083,188.0,1976-04-24,0.0,28.3,32.5,25.1
TH000048431,"NAKHON RATCHASIMA, TH",14.967,102.083,188.0,1976-04-25,0.0,29.4,35.7,22.9
TH000048431,"NAKHON RATCHASIMA, TH",14.967,102.083,188.0,1976-04-26,0.0,30.7,38.6,23.5
TH000048431,"NAKHON RATCHASIMA, TH",14.967,102.083,188.0,1976-04-27,11.3,28.4,36.8,24.4
TH000048431,"NAKHON RATCHASIMA, TH",14.967,102.083,188.0,1976-04-28,3.6,28.6,36.7,23.0
TH000048431,"NAKHON RATCHASIMA, TH",14.967,102.083,188.0,1976-04-29,0.0,27.8,34.0,22.4
TH000048431,"NAKHON RATCHASIMA, TH",14.967,102.083,188.0,1976-04-30,0.0,28.3,35.5,24.2
TH000048431,"NAKHON RATCHASIMA, TH",14.967,102.083,188.0,1976-05-01,2.9,27.6,31.8,23.5
TH000048431,"NAKHON RATCHASIMA, TH",14.967,102.083,188.0,1976-05-02,0.0,28.3,33.0,24.5
TH000048431,"NAKHON RATCHASIMA, TH",14.967,102.083,188.0,1976-05-03,6.3,27.8,35.0,24.2
TH000048431,"NAKHON RATCHASIMA, TH",14.967,102.083,188.0,1976-05-04,7.7,27.8,35.4,23.7
TH000048431,"NAKHON RATCHASIMA, TH",14.967,102.083,188.0,1976-05-05,7.9,26.3,33.6,23.4
TH000048431,"NAKHON RATCHASIMA, TH",14.967,102.083,188.0,1976-05-06,1.3,22.9,23.8,21.5
TH000048431,"NAKHON RATCHASIMA, TH",14.967,102.083,188.0,1976-05-07,18.6,25.5,31.1,21.4
TH000048431,"NAKHON RATCHASIMA, TH",14.967,102.083,188.0,1976-05-08,0.1,28.3,33.4,22.0
TH000048431,"NAKHON RATCHASIMA, TH",14.967,102.083,188.0,1976-05-09,0.0,29.3,35.2,23.6
TH000048431,"NAKHON RATCHASIMA, TH",14.967,102.083,188.0,1976-05-10,0.0,29.4,34.9,23.4
TH000048431,"NAKHON RATCHASIMA, TH",14.967,102.083,188.0,1976-05-11,0.0,29.8,35.8,23.5
TH000048431,"NAKHON RATCHASIMA, TH",14.967,102.083,188.0,1976-05-12,4.1,28.3,35.3,24.6
TH000048431,"NAKHON RATCHASIMA, TH",14.967,102.083,188.0,1976-05-13,3.8,26.4,31.8,24.5
TH000048431,"NAKHON RATCHASIMA, TH",14.967,102.083,188.0,1976-05-14,0.1,27.3,32.2,24.0
TH000048431,"NAKHON RATCHASIMA, TH",14.967,102.083,188.0,1976-05-15,0.0,30.2,35.2,23.6
TH000048431,"NAKHON RATCHASIMA, TH",14.967,102.083,188.0,1976-05-16,0.5,30.7,37.3,24.3
TH000048431,"NAKHON RATCHASIMA, TH",14.967,102.083,188.0,1976-05-17,0.0,29.8,35.6,25.0
TH000048431,"NAKHON RATCHASIMA, TH",14.967,102.083,188.0,1976-05-18,0.0,29.6,36.0,24.7
TH000048431,"NAKHON RATCHASIMA, TH",14.967,102.083,188.0,1976-05-19,28.4,32.7,36.3,24.5
TH000048431,"NAKHON RATCHASIMA, TH",14.967,102.083,188.0,1976-05-20,0.5,29.6,35.1,24.2
TH000048431,"NAKHON RATCHASIMA, TH",14.967,102.083,188.0,1976-05-21,0.0,29.0,34.7,24.9
TH000048431,"NAKHON RATCHASIMA, TH",14.967,102.083,188.0,1976-05-22,0.2,26.8,34.0,25.0
TH000048431,"NAKHON RATCHASIMA, TH",14.967,102.083,188.0,1976-05-23,1.1,28.0,33.3,23.5
TH000048431,"NAKHON RATCHASIMA, TH",14.967,102.083,188.0,1976-05-24,18.9,28.3,33.6,24.1
TH000048431,"NAKHON RATCHASIMA, TH",14.967,102.083,188.0,1976-05-25,0.0,29.0,33.7,23.7
TH000048431,"NAKHON RATCHASIMA, TH",14.967,102.083,188.0,1976-05-26,0.0,28.2,33.8,24.5
TH000048431,"NAKHON RATCHASIMA, TH",14.967,102.083,188.0,1976-05-27,0.0,28.9,35.3,23.4
TH000048431,"NAKHON RATCHASIMA, TH",14.967,102.083,188.0,1976-05-28,0.0,28.8,34.2,23.4
TH000048431,"NAKHON RATCHASIMA, TH",14.967,102.083,188.0,1976-05-29,0.1,29.3,35.0,24.6
TH000048431,"NAKHON RATCHASIMA, TH",14.967,102.083,188.0,1976-05-30,0.0,28.2,36.2,23.9
TH000048431,"NAKHON RATCHASIMA, TH",14.967,102.083,188.0,1976-05-31,0.0,29.4,35.7,23.8
TH000048431,"NAKHON RATCHASIMA, TH",14.967,102.083,188.0,1976-06-01,0.6,28.6,35.7,25.0
TH000048431,"NAKHON RATCHASIMA, TH",14.967,102.083,188.0,1976-06-02,0.0,29.0,32.4,23.3
TH000048431,"NAKHON RATCHASIMA, TH",14.967,102.083,188.0,1976-06-03,0.2,27.7,33.7,24.1
TH000048431,"NAKHON RATCHASIMA, TH",14.967,102.083,188.0,1976-06-04,0.0,27.1,32.5,24.0
TH000048431,"NAKHON RATCHASIMA, TH",14.967,102.083,188.0,1976-06-05,1.1,28.0,33.8,23.2
TH000048431,"NAKHON RATCHASIMA, TH",14.967,102.083,188.0,1976-06-06,0.1,29.0,36.0,23.4
TH000048431,"NAKHON RATCHASIMA, TH",14.967,102.083,188.0,1976-06-07,0.0,30.6,38.4,24.2
TH000048431,"NAKHON RATCHASIMA, TH",14.967,102.083,188.0,1976-06-08,0.0,31.8,38.1,23.8
TH000048431,"NAKHON RATCHASIMA, TH",14.967,102.083,188.0,1976-06-09,0.0,32.3,37.8,24.6
TH000048431,"NAKHON RATCHASIMA, TH",14.967,102.083,188.0,1976-06-10,0.2,30.1,37.7,24.2
TH000048431,"NAKHON RATCHASIMA, TH",14.967,102.083,188.0,1976-06-11,0.0,31.5,37.4,24.8
TH000048431,"NAKHON RATCHASIMA, TH",14.967,102.083,188.0,1976-06-12,0.0,31.6,38.4,24.2
TH000048431,"NAKHON RATCHASIMA, TH",14.967,102.083,188.0,1976-06-13,0.0,30.8,38.3,23.0
TH000048431,"NAKHON RATCHASIMA, TH",14.967,102.083,188.0,1976-06-14,0.0,31.0,38.1,23.0
TH000048431,"NAKHON RATCHASIMA, TH",14.967,102.083,188.0,1976-06-15,0.0,31.8,38.7,23.3
TH000048431,"NAKHON RATCHASIMA, TH",14.967,102.083,188.0,1976-06-16,0.0,33.4,39.2,23.9
TH000048431,"NAKHON RATCHASIMA, TH",14.967,102.083,188.0,1976-06-17,0.0,32.1,39.4,25.0
TH000048431,"NAKHON RATCHASIMA, TH",14.967,102.083,188.0,1976-06-18,0.0,34.8,39.7,25.4
TH000048431,"NAKHON RATCHASIMA, TH",14.967,102.083,188.0,1976-06-19,15.1,28.2,38.7,26.0
TH000048431,"NAKHON RATCHASIMA, TH",14.967,102.083,188.0,1976-06-20,2.7,28.5,35.5,21.7
TH000048431,"NAKHON RATCHASIMA, TH",14.967,102.083,188.0,1976-06-21,0.0,29.7,35.3,24.5
TH000048431,"NAKHON RATCHASIMA, TH",14.967,102.083,188.0,1976-06-22,0.4,29.0,35.6,23.5
TH000048431,"NAKHON RATCHASIMA, TH",14.967,102.083,188.0,1976-06-23,0.0,30.2,36.0,24.7
TH000048431,"NAKHON RATCHASIMA, TH",14.967,102.083,188.0,1976-06-24,0.0,29.4,37.0,23.3
TH000048431,"NAKHON RATCHASIMA, TH",14.967,102.083,188.0,1976-06-25,0.0,32.7,37.3,25.3
TH000048431,"NAKHON RATCHASIMA, TH",14.967,102.083,188.0,1976-06-26,0.0,29.7,38.5,25.7
TH000048431,"NAKHON RATCHASIMA, TH",14.967,102.083,188.0,1976-06-27,3.2,28.2,37.4,24.0
TH000048431,"NAKHON RATCHASIMA, TH",14.967,102.083,188.0,1976-06-28,1.2,29.2,35.0,23.9
TH000048431,"NAKHON RATCHASIMA, TH",14.967,102.083,188.0,1976-06-29,0.0,30.4,37.1,24.1
TH000048431,"NAKHON RATCHASIMA, TH",14.967,102.083,188.0,1976-06-30,18.6,29.8,36.6,23.5
TH000048431,"NAKHON RATCHASIMA, TH",14.967,102.083,188.0,1976-07-01,5.2,27.8,31.9,22.5
TH000048431,"NAKHON RATCHASIMA, TH",14.967,102.083,188.0,1976-07-02,0.0,28.3,34.2,23.4
TH000048431,"NAKHON RATCHASIMA, TH",14.967,102.083,188.0,1976-07-03,1.9,27.5,34.5,23.4
TH000048431,"NAKHON RATCHASIMA, TH",14.967,102.083,188.0,1976-07-04,1.1,26.1,30.8,23.1
TH000048431,"NAKHON RATCHASIMA, TH",14.967,102.083,188.0,1976-07-05,0.0,28.8,33.1,23.4
TH000048431,"NAKHON RATCHASIMA, TH",14.967,102.083,188.0,1976-07-06,0.0,28.4,33.7,23.5
TH000048431,"NAKHON RATCHASIMA, TH",14.967,102.083,188.0,1976-07-07,0.0,28.6,34.1,23.9
TH000048431,"NAKHON RATCHASIMA, TH",14.967,102.083,188.0,1976-07-08,0.0,29.8,36.0,22.6
TH000048431,"NAKHON RATCHASIMA, TH",14.967,102.083,188.0,1976-07-09,0.0,30.7,37.0,23.2
TH000048431,"NAKHON RATCHASIMA, TH",14.967,102.083,188.0,1976-07-10,0.0,31.3,38.2,23.6
TH000048431,"NAKHON RATCHASIMA, TH",14.967,102.083,188.0,1976-07-11,14.6,28.8,38.2,25.0
TH000048431,"NAKHON RATCHASIMA, TH",14.967,102.083,188.0,1976-07-12,17.8,30.5,36.0,23.0
TH000048431,"NAKHON RATCHASIMA, TH",14.967,102.083,188.0,1976-07-13,2.3,27.6,34.2,22.6
TH000048431,"NAKHON RATCHASIMA, TH",14.967,102.083,188.0,1976-07-14,20.5,28.0,31.5,23.6
TH000048431,"NAKHON RATCHASIMA, TH",14.967,102.083,188.0,1976-07-15,15.6,26.8,33.4,21.6
TH000048431,"NAKHON RATCHASIMA, TH",14.967,102.083,188.0,1976-07-16,0.0,28.2,33.1,22.5
TH000048431,"NAKHON RATCHASIMA, TH",14.967,102.083,188.0,1976-07-17,0.0,29.7,33.7,23.2
TH000048431,"NAKHON RATCHASIMA, TH",14.967,102.083,188.0,1976-07-18,0.0,29.2,34.6,23.3
TH000048431,"NAKHON RATCHASIMA, TH",14.967,102.083,188.0,1976-07-19,0.0,29.3,33.6,24.6
TH000048431,"NAKHON RATCHASIMA, TH",14.967,102.083,188.0,1976-07-20,0.1,28.2,33.4,25.2
TH000048431,"NAKHON RATCHASIMA, TH",14.967,102.083,188.0,1976-07-21,1.2,28.0,35.0,24.7
TH000048431,"NAKHON RATCHASIMA, TH",14.967,102.083,188.0,1976-07-22,6.3,29.0,35.0,23.7
TH000048431,"NAKHON RATCHASIMA, TH",14.967,102.083,188.0,1976-07-23,31.2,27.8,35.0,23.5
TH000048431,"NAKHON RATCHASIMA, TH",14.967,102.083,188.0,1976-07-24,0.0,28.8,32.6,23.3
TH000048431,"NAKHON RATCHASIMA, TH",14.967,102.083,188.0,1976-07-25,1.2,29.2,34.4,24.5
TH000048431,"NAKHON RATCHASIMA, TH",14.967,102.083,188.0,1976-07-26,0.0,28.8,33.4,23.8
TH000048431,"NAKHON RATCHASIMA, TH",14.967,102.083,188.0,1976-07-27,0.0,30.0,35.0,24.1
TH000048431,"NAKHON RATCHASIMA, TH",14.967,102.083,188.0,1976-07-28,7.0,29.7,35.9,25.2
TH000048431,"NAKHON RATCHASIMA, TH",14.967,102.083,188.0,1976-07-29,0.6,26.7,32.1,24.0
TH000048431,"NAKHON RATCHASIMA, TH",14.967,102.083,188.0,1976-07-30,0.1,27.4,32.0,24.0
TH000048431,"NAKHON RATCHASIMA, TH",14.967,102.083,188.0,1976-07-31,0.0,28.2,31.6,24.2
TH000048431,"NAKHON RATCHASIMA, TH",14.967,102.083,188.0,1976-08-01,0.3,28.8,34.6,23.6
TH000048431,"NAKHON RATCHASIMA, TH",14.967,102.083,188.0,1976-08-02,0.0,27.3,32.5,23.7
TH000048431,"NAKHON RATCHASIMA, TH",14.967,102.083,188.0,1976-08-03,20.4,27.0,33.1,23.5
TH000048431,"NAKHON RATCHASIMA, TH",14.967,102.083,188.0,1976-08-04,1.9,26.0,32.1,22.1
TH000048431,"NAKHON RATCHASIMA, TH",14.967,102.083,188.0,1976-08-05,14.1,24.8,27.2,21.8
TH000048431,"NAKHON RATCHASIMA, TH",14.967,102.083,188.0,1976-08-06,1.0,25.4,29.7,23.0
TH000048431,"NAKHON RATCHASIMA, TH",14.967,102.083,188.0,1976-08-07,0.0,27.7,33.6,22.1
TH000048431,"NAKHON RATCHASIMA, TH",14.967,102.083,188.0,1976-08-08,0.1,27.9,33.0,24.1
TH000048431,"NAKHON RATCHASIMA, TH",14.967,102.083,188.0,1976-08-09,2.1,27.4,33.8,23.1
TH000048431,"NAKHON RATCHASIMA, TH",14.967,102.083,188.0,1976-08-10,0.3,28.4,33.0,23.2
TH000048431,"NAKHON RATCHASIMA, TH",14.967,102.083,188.0,1976-08-11,6.5,28.7,34.2,24.5
TH000048431,"NAKHON RATCHASIMA, TH",14.967,102.083,188.0,1976-08-12,0.3,26.3,30.3,22.6
TH000048431,"NAKHON RATCHASIMA, TH",14.967,102.083,188.0,1976-08-13,2.7,27.4,33.8,22.6
TH000048431,"NAKHON RATCHASIMA, TH",14.967,102.083,188.0,1976-08-14,0.0,27.8,32.3,21.5
TH000048431,"NAKHON RATCHASIMA, TH",14.967,102.083,188.0,1976-08-15,0.0,29.0,34.8,23.0
TH000048431,"NAKHON RATCHASIMA, TH",14.967,102.083,188.0,1976-08-16,0.0,27.8,33.3,21.6
TH000048431,"NAKHON RATCHASIMA, TH",14.967,102.083,188.0,1976-08-17,5.4,30.8,35.0,22.2
TH000048431,"NAKHON RATCHASIMA, TH",14.967,102.083,188.0,1976-08-18,1.1,26.9,33.1,23.5
TH000048431,"NAKHON RATCHASIMA, TH",14.967,102.083,188.0,1976-08-19,0.4,27.1,33.6,23.0
TH000048431,"NAKHON RATCHASIMA, TH",14.967,102.083,188.0,1976-08-20,6.6,28.6,34.4,23.2
TH000048431,"NAKHON RATCHASIMA, TH",14.967,102.083,188.0,1976-08-21,0.1,28.3,33.2,23.5
TH000048431,"NAKHON RATCHASIMA, TH",14.967,102.083,188.0,1976-08-22,21.5,27.0,33.2,24.2
TH000048431,"NAKHON RATCHASIMA, TH",14.967,102.083,188.0,1976-08-23,19.9,27.2,31.7,23.1
TH000048431,"NAKHON RATCHASIMA, TH",14.967,102.083,188.0,1976-08-24,2.6,26.2,29.8,22.8
TH000048431,"NAKHON RATCHASIMA, TH",14.967,102.083,188.0,1976-08-25,5.5,25.8,29.9,23.1
TH000048431,"NAKHON RATCHASIMA, TH",14.967,102.083,188.0,1976-08-26,2.2,27.4,31.7,22.8
TH000048431,"NAKHON RATCHASIMA, TH",14.967,102.083,188.0,1976-08-27,8.4,25.6,30.5,24.3
TH000048431,"NAKHON RATCHASIMA, TH",14.967,102.083,188.0,1976-08-28,5.1,25.3,29.2,22.5
TH000048431,"NAKHON RATCHASIMA, TH",14.967,102.083,188.0,1976-08-29,1.3,25.2,27.7,21.5
TH000048431,"NAKHON RATCHASIMA, TH",14.967,102.083,188.0,1976-08-30,8.7,26.9,32.5,22.8
TH000048431,"NAKHON RATCHASIMA, TH",14.967,102.083,188.0,1976-08-31,2.5,26.4,30.8,22.8
TH000048431,"NAKHON RATCHASIMA, TH",14.967,102.083,188.0,1976-09-01,0.0,27.2,31.9,23.0
TH000048431,"NAKHON RATCHASIMA, TH",14.967,102.083,188.0,1976-09-02,0.0,27.7,32.6,22.7
TH000048431,"NAKHON RATCHASIMA, TH",14.967,102.083,188.0,1976-09-03,0.0,27.4,32.8,23.5
TH000048431,"NAKHON RATCHASIMA, TH",14.967,102.083,188.0,1976-09-04,42.4,26.9,32.6,22.4
TH000048431,"NAKHON RATCHASIMA, TH",14.967,102.083,188.0,1976-09-05,6.9,25.5,29.8,20.7
TH000048431,"NAKHON RATCHASIMA, TH",14.967,102.083,188.0,1976-09-06,2.0,26.3,31.2,23.2
TH000048431,"NAKHON RATCHASIMA, TH",14.967,102.083,188.0,1976-09-07,0.0,27.7,32.6,22.5
TH000048431,"NAKHON RATCHASIMA, TH",14.967,102.083,188.0,1976-09-08,8.9,26.6,33.4,23.4
TH000048431,"NAKHON RATCHASIMA, TH",14.967,102.083,188.0,1976-09-09,0.0,28.3,33.4,22.8
TH000048431,"NAKHON RATCHASIMA, TH",14.967,102.083,188.0,1976-09-10,0.0,27.8,34.2,22.7
TH000048431,"NAKHON RATCHASIMA, TH",14.967,102.083,188.0,1976-09-11,6.5,28.4,34.7,23.5
TH000048431,"NAKHON RATCHASIMA, TH",14.967,102.083,188.0,1976-09-12,17.6,27.0,30.9,23.3
TH000048431,"NAKHON RATCHASIMA, TH",14.967,102.083,188.0,1976-09-13,22.0,25.0,29.3,22.0
TH000048431,"NAKHON RATCHASIMA, TH",14.967,102.083,188.0,1976-09-14,0.0,27.0,32.0,22.5
TH000048431,"NAKHON RATCHASIMA, TH",14.967,102.083,188.0,1976-09-15,7.4,29.5,34.3,22.5
TH000048431,"NAKHON RATCHASIMA, TH",14.967,102.083,188.0,1976-09-16,0.0,28.8,33.8,23.0
TH000048431,"NAKHON RATCHASIMA, TH",14.967,102.083,188.0,1976-09-17,27.3,27.6,34.4,24.0
TH000048431,"NAKHON RATCHASIMA, TH",14.967,102.083,188.0,1976-09-18,22.1,27.4,32.8,23.4
TH000048431,"NAKHON RATCHASIMA, TH",14.967,102.083,188.0,1976-09-19,0.0,28.0,33.1,23.2
TH000048431,"NAKHON RATCHASIMA, TH",14.967,102.083,188.0,1976-09-20,0.3,28.4,33.9,24.0
TH000048431,"NAKHON RATCHASIMA, TH",14.967,102.083,188.0,1976-09-21,3.2,27.7,31.7,24.5
TH000048431,"NAKHON RATCHASIMA, TH",14.967,102.083,188.0,1976-09-22,5.7,26.3,31.2,24.3
TH000048431,"NAKHON RATCHASIMA, TH",14.967,102.083,188.0,1976-09-23,0.6,26.5,31.0,23.7
TH000048431,"NAKHON RATCHASIMA, TH",14.967,102.083,188.0,1976-09-24,0.0,27.3,33.2,23.4
TH000048431,"NAKHON RATCHASIMA, TH",14.967,102.083,188.0,1976-09-25,0.3,28.0,34.0,24.3
TH000048431,"NAKHON RATCHASIMA, TH",14.967,102.083,188.0,1976-09-26,7.7,26.5,33.3,23.7
TH000048431,"NAKHON RATCHASIMA, TH",14.967,102.083,188.0,1976-09-27,12.4,25.7,29.6,23.1
TH000048431,"NAKHON RATCHASIMA, TH",14.967,102.083,188.0,1976-09-28,12.9,25.7,31.4,22.7
TH000048431,"NAKHON RATCHASIMA, TH",14.967,102.083,188.0,1976-09-29,0.0,28.4,33.3,22.3
TH000048431,"NAKHON RATCHASIMA, TH",14.967,102.083,188.0,1976-09-30,11.0,26.2,34.3,23.6
TH000048431,"NAKHON RATCHASIMA, TH",14.967,102.083,188.0,1976-10-01,0.5,27.2,33.7,22.5
TH000048431,"NAKHON RATCHASIMA, TH",14.967,102.083,188.0,1976-10-02,7.3,26.4,31.9,22.6
TH000048431,"NAKHON RATCHASIMA, TH",14.967,102.083,188.0,1976-10-03,3.5,25.3,29.9,21.7
TH000048431,"NAKHON RATCHASIMA, TH",14.967,102.083,188.0,1976-10-04,0.0,26.8,29.5,22.6
TH000048431,"NAKHON RATCHASIMA, TH",14.967,102.083,188.0,1976-10-05,0.0,27.7,30.7,24.3
TH000048431,"NAKHON RATCHASIMA, TH",14.967,102.083,188.0,1976-10-06,0.0,27.6,31.8,23.2
TH000048431,"NAKHON RATCHASIMA, TH",14.967,102.083,188.0,1976-10-07,0.0,27.8,33.0,22.6
TH000048431,"NAKHON RATCHASIMA, TH",14.967,102.083,188.0,1976-10-08,0.0,28.4,33.7,23.5
TH000048431,"NAKHON RATCHASIMA, TH",14.967,102.083,188.0,1976-10-09,0.0,28.0,34.1,23.0
TH000048431,"NAKHON RATCHASIMA, TH",14.967,102.083,188.0,1976-10-10,0.0,27.2,32.0,22.6
TH000048431,"NAKHON RATCHASIMA, TH",14.967,102.083,188.0,1976-10-11,0.0,26.9,30.8,22.8
TH000048431,"NAKHON RATCHASIMA, TH",14.967,102.083,188.0,1976-10-12,0.0,28.0,32.1,23.3
TH000048431,"NAKHON RATCHASIMA, TH",14.967,102.083,188.0,1976-10-13,0.9,26.4,31.7,23.6
TH000048431,"NAKHON RATCHASIMA, TH",14.967,102.083,188.0,1976-10-14,0.0,27.5,31.5,23.1
TH000048431,"NAKHON RATCHASIMA, TH",14.967,102.083,188.0,1976-10-15,0.0,27.0,30.8,23.8
TH000048431,"NAKHON RATCHASIMA, TH",14.967,102.083,188.0,1976-10-16,0.0,27.3,30.4,22.7
TH000048431,"NAKHON RATCHASIMA, TH",14.967,102.083,188.0,1976-10-17,1.8,26.4,32.2,22.9
TH000048431,"NAKHON RATCHASIMA, TH",14.967,102.083,188.0,1976-10-18,15.0,26.6,32.5,23.0
TH000048431,"NAKHON RATCHASIMA, TH",14.967,102.083,188.0,1976-10-19,0.0,27.0,31.9,23.2
TH000048431,"NAKHON RATCHASIMA, TH",14.967,102.083,188.0,1976-10-20,19.2,27.0,34.1,23.5
TH000048431,"NAKHON RATCHASIMA, TH",14.967,102.083,188.0,1976-10-21,0.0,28.3,34.1,22.2
TH000048431,"NAKHON RATCHASIMA, TH",14.967,102.083,188.0,1976-10-22,0.0,28.1,34.0,23.5
TH000048431,"NAKHON RATCHASIMA, TH",14.967,102.083,188.0,1976-10-23,0.0,28.8,34.1,22.3
TH000048431,"NAKHON RATCHASIMA, TH",14.967,102.083,188.0,1976-10-24,0.0,28.7,33.2,22.0
TH000048431,"NAKHON RATCHASIMA, TH",14.967,102.083,188.0,1976-10-25,136.0,25.3,29.1,22.6
TH000048431,"NAKHON RATCHASIMA, TH",14.967,102.083,188.0,1976-10-26,1.6,25.3,29.2,21.5
TH000048431,"NAKHON RATCHASIMA, TH",14.967,102.083,188.0,1976-10-27,1.5,27.4,32.0,22.5
TH000048431,"NAKHON RATCHASIMA, TH",14.967,102.083,188.0,1976-10-28,4.9,27.2,32.2,23.5
TH000048431,"NAKHON RATCHASIMA, TH",14.967,102.083,188.0,1976-10-29,0.8,26.2,29.4,22.4
TH000048431,"NAKHON RATCHASIMA, TH",14.967,102.083,188.0,1976-10-30,10.5,25.9,30.6,22.3
TH000048431,"NAKHON RATCHASIMA, TH",14.967,102.083,188.0,1976-10-31,32.7,25.5,28.8,22.6
TH000048431,"NAKHON RATCHASIMA, TH",14.967,102.083,188.0,1976-11-01,5.9,25.0,28.5,22.6
TH000048431,"NAKHON RATCHASIMA, TH",14.967,102.083,188.0,1976-11-02,0.0,26.2,29.8,22.4
TH000048431,"NAKHON RATCHASIMA, TH",14.967,102.083,188.0,1976-11-03,0.2,26.7,30.6,23.6
TH000048431,"NAKHON RATCHASIMA, TH",14.967,102.083,188.0,1976-11-04,0.0,26.4,30.3,24.4
TH000048431,"NAKHON RATCHASIMA, TH",14.967,102.083,188.0,1976-11-05,0.9,28.3,32.5,23.4
TH000048431,"NAKHON RATCHASIMA, TH",14.967,102.083,188.0,1976-11-06,0.0,27.5,32.3,22.6
TH000048431,"NAKHON RATCHASIMA, TH",14.967,102.083,188.0,1976-11-07,0.1,27.3,31.4,22.7
TH000048431,"NAKHON RATCHASIMA, TH",14.967,102.083,188.0,1976-11-08,0.0,26.6,30.9,23.7
TH000048431,"NAKHON RATCHASIMA, TH",14.967,102.083,188.0,1976-11-09,0.0,26.6,31.3,22.6
TH000048431,"NAKHON RATCHASIMA, TH",14.967,102.083,188.0,1976-11-10,0.0,28.2,32.0,23.1
TH000048431,"NAKHON RATCHASIMA, TH",14.967,102.083,188.0,1976-11-11,0.0,25.8,30.2,22.5
TH000048431,"NAKHON RATCHASIMA, TH",14.967,102.083,188.0,1976-11-12,0.0,26.4,31.1,21.3
TH000048431,"NAKHON RATCHASIMA, TH",14.967,102.083,188.0,1976-11-13,0.0,25.6,29.1,22.2
TH000048431,"NAKHON RATCHASIMA, TH",14.967,102.083,188.0,1976-11-14,0.0,26.2,29.6,22.4
TH000048431,"NAKHON RATCHASIMA, TH",14.967,102.083,188.0,1976-11-15,0.0,23.5,27.4,20.4
TH000048431,"NAKHON RATCHASIMA, TH",14.967,102.083,188.0,1976-11-16,0.0,25.3,29.3,20.5
TH000048431,"NAKHON RATCHASIMA, TH",14.967,102.083,188.0,1976-11-17,0.0,24.8,28.3,21.6
TH000048431,"NAKHON RATCHASIMA, TH",14.967,102.083,188.0,1976-11-18,0.0,21.5,26.3,17.6
TH000048431,"NAKHON RATCHASIMA, TH",14.967,102.083,188.0,1976-11-19,0.0,23.2,27.4,17.9
TH000048431,"NAKHON RATCHASIMA, TH",14.967,102.083,188.0,1976-11-20,0.0,22.9,26.8,19.3
TH000048431,"NAKHON RATCHASIMA, TH",14.967,102.083,188.0,1976-11-21,0.0,21.0,24.6,16.0
TH000048431,"NAKHON RATCHASIMA, TH",14.967,102.083,188.0,1976-11-22,0.0,22.8,25.6,15.3
TH000048431,"NAKHON RATCHASIMA, TH",14.967,102.083,188.0,1976-11-23,0.0,20.2,24.9,16.0
TH000048431,"NAKHON RATCHASIMA, TH",14.967,102.083,188.0,1976-11-24,0.0,18.5,23.8,13.6
TH000048431,"NAKHON RATCHASIMA, TH",14.967,102.083,188.0,1976-11-25,0.0,20.7,25.5,15.5
TH000048431,"NAKHON RATCHASIMA, TH",14.967,102.083,188.0,1976-11-26,0.0,19.7,24.2,13.6
TH000048431,"NAKHON RATCHASIMA, TH",14.967,102.083,188.0,1976-11-27,0.0,20.8,24.9,13.0
TH000048431,"NAKHON RATCHASIMA, TH",14.967,102.083,188.0,1976-11-28,0.0,19.6,24.9,13.9
TH000048431,"NAKHON RATCHASIMA, TH",14.967,102.083,188.0,1976-11-29,0.0,21.4,25.8,14.9
TH000048431,"NAKHON RATCHASIMA, TH",14.967,102.083,188.0,1976-11-30,0.0,21.5,26.3,14.6
TH000048431,"NAKHON RATCHASIMA, TH",14.967,102.083,188.0,1976-12-01,0.0,22.3,28.5,15.9
TH000048431,"NAKHON RATCHASIMA, TH",14.967,102.083,188.0,1976-12-02,0.0,22.6,29.1,16.6
TH000048431,"NAKHON RATCHASIMA, TH",14.967,102.083,188.0,1976-12-03,0.0,21.2,30.7,16.3
TH000048431,"NAKHON RATCHASIMA, TH",14.967,102.083,188.0,1976-12-04,0.0,23.6,30.7,16.6
TH000048431,"NAKHON RATCHASIMA, TH",14.967,102.083,188.0,1976-12-05,0.0,23.5,29.8,17.0
TH000048431,"NAKHON RATCHASIMA, TH",14.967,102.083,188.0,1976-12-06,0.0,23.3,29.9,15.1
TH000048431,"NAKHON RATCHASIMA, TH",14.967,102.083,188.0,1976-12-07,0.0,23.0,29.5,17.8
TH000048431,"NAKHON RATCHASIMA, TH",14.967,102.083,188.0,1976-12-08,0.0,22.8,27.2,16.3
TH000048431,"NAKHON RATCHASIMA, TH",14.967,102.083,188.0,1976-12-09,0.0,20.8,24.9,18.9
TH000048431,"NAKHON RATCHASIMA, TH",14.967,102.083,188.0,1976-12-10,0.0,18.8,25.1,14.0
TH000048431,"NAKHON RATCHASIMA, TH",14.967,102.083,188.0,1976-12-11,0.0,21.8,27.4,12.1
TH000048431,"NAKHON RATCHASIMA, TH",14.967,102.083,188.0,1976-12-12,0.0,21.6,27.9,15.8
TH000048431,"NAKHON RATCHASIMA, TH",14.967,102.083,188.0,1976-12-13,0.0,23.7,27.9,16.5
TH000048431,"NAKHON RATCHASIMA, TH",14.967,102.083,188.0,1976-12-14,0.0,21.2,27.6,19.0
TH000048431,"NAKHON RATCHASIMA, TH",14.967,102.083,188.0,1976-12-15,0.0,24.0,28.7,15.4
TH000048431,"NAKHON RATCHASIMA, TH",14.967,102.083,188.0,1976-12-16,0.0,24.7,30.9,15.5
TH000048431,"NAKHON RATCHASIMA, TH",14.967,102.083,188.0,1976-12-17,0.0,24.8,31.1,16.9
TH000048431,"NAKHON RATCHASIMA, TH",14.967,102.083,188.0,1976-12-18,0.0,25.2,31.3,18.2
TH000048431,"NAKHON RATCHASIMA, TH",14.967,102.083,188.0,1976-12-19,0.0,26.3,31.3,21.6
TH000048431,"NAKHON RATCHASIMA, TH",14.967,102.083,188.0,1976-12-20,0.0,25.7,32.0,19.9
TH000048431,"NAKHON RATCHASIMA, TH",14.967,102.083,188.0,1976-12-21,0.0,26.8,32.0,19.0
TH000048431,"NAKHON RATCHASIMA, TH",14.967,102.083,188.0,1976-12-22,0.0,26.2,32.9,18.9
TH000048431,"NAKHON RATCHASIMA, TH",14.967,102.083,188.0,1976-12-23,0.0,28.2,34.2,18.7
TH000048431,"NAKHON RATCHASIMA, TH",14.967,102.083,188.0,1976-12-24,0.0,29.5,35.8,21.0
TH000048431,"NAKHON RATCHASIMA, TH",14.967,102.083,188.0,1976-12-25,0.0,28.0,34.8,20.9
TH000048431,"NAKHON RATCHASIMA, TH",14.967,102.083,188.0,1976-12-26,0.0,28.0,34.1,21.4
TH000048431,"NAKHON RATCHASIMA, TH",14.967,102.083,188.0,1976-12-27,0.0,25.2,28.9,22.1
TH000048431,"NAKHON RATCHASIMA, TH",14.967,102.083,188.0,1976-12-28,0.0,23.0,26.6,19.5
TH000048431,"NAKHON RATCHASIMA, TH",14.967,102.083,188.0,1976-12-29,0.0,22.6,26.6,15.6
TH000048431,"NAKHON RATCHASIMA, TH",14.967,102.083,188.0,1976-12-30,0.0,23.0,27.6,16.1
TH000048431,"NAKHON RATCHASIMA, TH",14.967,102.083,188.0,1976-12-31,0.0,23.4,29.2,18.7
TH000048431,"NAKHON RATCHASIMA, TH",14.967,102.083,188.0,1977-01-01,0.0,25.4,30.5,19.4
TH000048431,"NAKHON RATCHASIMA, TH",14.967,102.083,188.0,1977-01-02,0.0,25.0,28.9,19.7
TH000048431,"NAKHON RATCHASIMA, TH",14.967,102.083,188.0,1977-01-03,0.0,23.8,29.4,18.0
TH000048431,"NAKHON RATCHASIMA, TH",14.967,102.083,188.0,1977-01-04,0.0,21.6,25.3,20.4
TH000048431,"NAKHON RATCHASIMA, TH",14.967,102.083,188.0,1977-01-05,0.0,18.8,25.5,15.3
TH000048431,"NAKHON RATCHASIMA, TH",14.967,102.083,188.0,1977-01-06,0.0,22.4,28.7,15.9
TH000048431,"NAKHON RATCHASIMA, TH",14.967,102.083,188.0,1977-01-07,0.0,25.3,32.0,16.0
TH000048431,"NAKHON RATCHASIMA, TH",14.967,102.083,188.0,1977-01-08,0.0,28.0,33.6,18.4
TH000048431,"NAKHON RATCHASIMA, TH",14.967,102.083,188.0,1977-01-09,0.0,25.8,34.7,17.8
TH000048431,"NAKHON RATCHASIMA, TH",14.967,102.083,188.0,1977-01-10,0.0,25.2,30.0,18.5
TH000048431,"NAKHON RATCHASIMA, TH",14.967,102.083,188.0,1977-01-11,0.0,25.3,30.8,19.0
TH000048431,"NAKHON RATCHASIMA, TH",14.967,102.083,188.0,1977-01-12,0.0,23.9,32.0,18.2
TH000048431,"NAKHON RATCHASIMA, TH",14.967,102.083,188.0,1977-01-13,0.0,25.7,31.5,18.7
TH000048431,"NAKHON RATCHASIMA, TH",14.967,102.083,188.0,1977-01-14,0.0,21.8,28.4,18.0
TH000048431,"NAKHON RATCHASIMA, TH",14.967,102.083,188.0,1977-01-15,0.0,22.7,28.8,16.4
TH000048431,"NAKHON RATCHASIMA, TH",14.967,102.083,188.0,1977-01-16,0.0,22.6,31.0,14.7
TH000048431,"NAKHON RATCHASIMA, TH",14.967,102.083,188.0,1977-01-17,0.0,24.2,31.7,16.0
TH000048431,"NAKHON RATCHASIMA, TH",14.967,102.083,188.0,1977-01-18,0.0,24.0,30.8,14.9
TH000048431,"NAKHON RATCHASIMA, TH",14.967,102.083,188.0,1977-01-19,0.0,23.8,31.0,14.6
TH000048431,"NAKHON RATCHASIMA, TH",14.967,102.083,188.0,1977-01-20,0.0,24.0,30.9,15.5
TH000048431,"NAKHON RATCHASIMA, TH",14.967,102.083,188.0,1977-01-21,0.0,25.8,31.7,16.6
TH000048431,"NAKHON RATCHASIMA, TH",14.967,102.083,188.0,1977-01-22,0.0,25.6,31.8,18.9
TH000048431,"NAKHON RATCHASIMA, TH",14.967,102.083,188.0,1977-01-23,0.0,23.4,27.5,19.4
TH000048431,"NAKHON RATCHASIMA, TH",14.967,102.083,188.0,1977-01-24,0.0,24.4,30.6,15.4
TH000048431,"NAKHON RATCHASIMA, TH",14.967,102.083,188.0,1977-01-25,0.0,27.2,33.2,15.9
TH000048431,"NAKHON RATCHASIMA, TH",14.967,102.083,188.0,1977-01-26,0.0,26.6,34.7,18.0
TH000048431,"NAKHON RATCHASIMA, TH",14.967,102.083,188.0,1977-01-27,0.0,25.2,36.1,17.6
TH000048431,"NAKHON RATCHASIMA, TH",14.967,102.083,188.0,1977-01-28,0.0,26.8,34.3,18.5
TH000048431,"NAKHON RATCHASIMA, TH",14.967,102.083,188.0,1977-01-29,0.0,27.7,34.8,19.9
TH000048431,"NAKHON RATCHASIMA, TH",14.967,102.083,188.0,1977-01-30,0.0,27.7,33.7,20.1
TH000048431,"NAKHON RATCHASIMA, TH",14.967,102.083,188.0,1977-01-31,0.0,27.3,33.4,21.3
TH000048431,"NAKHON RATCHASIMA, TH",14.967,102.083,188.0,1977-02-01,0.0,28.4,34.7,22.0
TH000048431,"NAKHON RATCHASIMA, TH",14.967,102.083,188.0,1977-02-02,0.0,29.0,34.4,22.3
TH000048431,"NAKHON RATCHASIMA, TH",14.967,102.083,188.0,1977-02-03,0.0,22.8,28.2,20.6
TH000048431,"NAKHON RATCHASIMA, TH",14.967,102.083,188.0,1977-02-04,0.0,22.3,26.8,18.1
TH000048431,"NAKHON RATCHASIMA, TH",14.967,102.083,188.0,1977-02-05,0.0,22.2,27.6,16.4
TH000048431,"NAKHON RATCHASIMA, TH",14.967,102.083,188.0,1977-02-06,0.0,21.3,27.2,15.0
TH000048431,"NAKHON RATCHASIMA, TH",14.967,102.083,188.0,1977-02-07,0.0,22.7,28.3,14.5
TH000048431,"NAKHON RATCHASIMA, TH",14.967,102.083,188.0,1977-02-08,0.0,23.3,30.3,16.1
TH000048431,"NAKHON RATCHASIMA, TH",14.967,102.083,188.0,1977-02-09,0.0,24.4,31.6,16.4
TH000048431,"NAKHON RATCHASIMA, TH",14.967,102.083,188.0,1977-02-10,0.0,22.2,27.0,15.5
TH000048431,"NAKHON RATCHASIMA, TH",14.967,102.083,188.0,1977-02-11,0.0,21.3,27.0,14.6
TH000048431,"NAKHON RATCHASIMA, TH",14.967,102.083,188.0,1977-02-12,0.0,22.8,30.8,14.2
TH000048431,"NAKHON RATCHASIMA, TH",14.967,102.083,188.0,1977-02-13,0.0,26.4,35.1,15.2
TH000048431,"NAKHON RATCHASIMA, TH",14.967,102.083,188.0,1977-02-14,0.0,28.3,35.0,19.5
TH000048431,"NAKHON RATCHASIMA, TH",14.967,102.083,188.0,1977-02-15,0.0,25.6,29.9,20.0
TH000048431,"NAKHON RATCHASIMA, TH",14.967,102.083,188.0,1977-02-16,0.0,23.6,29.8,18.1
TH000048431,"NAKHON RATCHASIMA, TH",14.967,102.083,188.0,1977-02-17,0.0,23.0,27.7,16.4
TH000048431,"NAKHON RATCHASIMA, TH",14.967,102.083,188.0,1977-02-18,0.0,20.7,27.2,14.4
TH000048431,"NAKHON RATCHASIMA, TH",14.967,102.083,188.0,1977-02-19,0.0,22.2,29.5,15.5
TH000048431,"NAKHON RATCHASIMA, TH",14.967,102.083,188.0,1977-02-20,0.0,25.7,33.8,13.9
TH000048431,"NAKHON RATCHASIMA, TH",14.967,102.083,188.0,1977-02-21,0.0,24.4,30.6,19.7
TH000048431,"NAKHON RATCHASIMA, TH",14.967,102.083,188.0,1977-02-22,0.0,19.4,25.9,14.3
TH000048431,"NAKHON RATCHASIMA, TH",14.967,102.083,188.0,1977-02-23,0.0,21.0,27.3,13.0
TH000048431,"NAKHON RATCHASIMA, TH",14.967,102.083,188.0,1977-02-24,0.0,23.2,31.2,14.7
TH000048431,"NAKHON RATCHASIMA, TH",14.967,102.083,188.0,1977-02-25,0.0,27.7,34.9,17.5
TH000048431,"NAKHON RATCHASIMA, TH",14.967,102.083,188.0,1977-02-26,0.0,28.6,37.3,18.5
TH000048431,"NAKHON RATCHASIMA, TH",14.967,102.083,188.0,1977-02-27,0.0,30.0,37.2,20.6
TH000048431,"NAKHON RATCHASIMA, TH",14.967,102.083,188.0,1977-02-28,0.0,29.6,38.6,23.5
TH000048431,"NAKHON RATCHASIMA, TH",14.967,102.083,188.0,1977-03-01,0.0,30.0,38.2,22.8
TH000048431,"NAKHON RATCHASIMA, TH",14.967,102.083,188.0,1977-03-02,0.0,33.0,40.0,22.2
TH000048431,"NAKHON RATCHASIMA, TH",14.967,102.083,188.0,1977-03-03,0.3,27.7,32.6,23.3
TH000048431,"NAKHON RATCHASIMA, TH",14.967,102.083,188.0,1977-03-04,0.0,21.4,26.6,17.8
TH000048431,"NAKHON RATCHASIMA, TH",14.967,102.083,188.0,1977-03-05,0.0,21.6,27.7,14.0
TH000048431,"NAKHON RATCHASIMA, TH",14.967,102.083,188.0,1977-03-06,0.0,21.4,28.2,12.4
TH000048431,"NAKHON RATCHASIMA, TH",14.967,102.083,188.0,1977-03-07,0.0,23.3,30.2,14.0
TH000048431,"NAKHON RATCHASIMA, TH",14.967,102.083,188.0,1977-03-08,0.0,23.9,33.6,15.5
TH000048431,"NAKHON RATCHASIMA, TH",14.967,102.083,188.0,1977-03-09,0.0,27.6,35.5,16.2
TH000048431,"NAKHON RATCHASIMA, TH",14.967,102.083,188.0,1977-03-10,0.0,27.1,34.5,19.3
TH000048431,"NAKHON RATCHASIMA, TH",14.967,102.083,188.0,1977-03-11,0.7,29.2,36.3,21.3
TH000048431,"NAKHON RATCHASIMA, TH",14.967,102.083,188.0,1977-03-12,0.0,30.0,35.8,23.1
TH000048431,"NAKHON RATCHASIMA, TH",14.967,102.083,188.0,1977-03-13,0.0,29.0,36.4,22.2
TH000048431,"NAKHON RATCHASIMA, TH",14.967,102.083,188.0,1977-03-14,0.0,29.8,37.7,22.5
TH000048431,"NAKHON RATCHASIMA, TH",14.967,102.083,188.0,1977-03-15,0.0,31.4,38.8,21.8
TH000048431,"NAKHON RATCHASIMA, TH",14.967,102.083,188.0,1977-03-16,0.0,29.8,38.6,22.6
TH000048431,"NAKHON RATCHASIMA, TH",14.967,102.083,188.0,1977-03-17,0.0,32.7,39.2,23.0
TH000048431,"NAKHON RATCHASIMA, TH",14.967,102.083,188.0,1977-03-18,0.0,32.3,39.2,23.5
TH000048431,"NAKHON RATCHASIMA, TH",14.967,102.083,188.0,1977-03-19,0.0,31.2,38.8,24.5
TH000048431,"NAKHON RATCHASIMA, TH",14.967,102.083,188.0,1977-03-20,21.7,26.4,37.0,21.6
TH000048431,"NAKHON RATCHASIMA, TH",14.967,102.083,188.0,1977-03-21,0.0,27.3,33.0,22.8
TH000048431,"NAKHON RATCHASIMA, TH",14.967,102.083,188.0,1977-03-22,0.0,29.7,35.4,23.9
TH000048431,"NAKHON RATCHASIMA, TH",14.967,102.083,188.0,1977-03-23,0.0,30.4,36.3,23.8
TH000048431,"NAKHON RATCHASIMA, TH",14.967,102.083,188.0,1977-03-24,0.0,29.3,33.7,24.6
TH000048431,"NAKHON RATCHASIMA, TH",14.967,102.083,188.0,1977-03-25,0.0,23.9,30.2,18.5
TH000048431,"NAKHON RATCHASIMA, TH",14.967,102.083,188.0,1977-03-26,0.0,27.8,34.7,19.5
TH000048431,"NAKHON RATCHASIMA, TH",14.967,102.083,188.0,1977-03-27,0.0,30.8,37.7,21.5
TH000048431,"NAKHON RATCHASIMA, TH",14.967,102.083,188.0,1977-03-28,0.0,31.3,38.0,23.6
TH000048431,"NAKHON RATCHASIMA, TH",14.967,102.083,188.0,1977-03-29,0.0,30.3,37.9,24.5
TH000048431,"NAKHON RATCHASIMA, TH",14.967,102.083,188.0,1977-03-30,0.0,31.3,38.6,24.1
TH000048431,"NAKHON RATCHASIMA, TH",14.967,102.083,188.0,1977-03-31,0.0,25.4,29.8,23.5
TH000048431,"NAKHON RATCHASIMA, TH",14.967,102.083,188.0,1977-04-01,0.0,24.6,30.1,21.6
TH000048431,"NAKHON RATCHASIMA, TH",14.967,102.083,188.0,1977-04-02,0.0,27.8,33.9,21.0
TH000048431,"NAKHON RATCHASIMA, TH",14.967,102.083,188.0,1977-04-03,21.8,26.9,35.2,21.1
TH000048431,"NAKHON RATCHASIMA, TH",14.967,102.083,188.0,1977-04-04,0.0,27.2,31.6,21.1
TH000048431,"NAKHON RATCHASIMA, TH",14.967,102.083,188.0,1977-04-05,0.1,27.7,34.6,23.4
TH000048431,"NAKHON RATCHASIMA, TH",14.967,102.083,188.0,1977-04-06,0.0,29.0,34.6,22.1
TH000048431,"NAKHON RATCHASIMA, TH",14.967,102.083,188.0,1977-04-07,0.0,29.8,37.7,22.7
TH000048431,"NAKHON RATCHASIMA, TH",14.967,102.083,188.0,1977-04-08,0.0,30.4,37.9,23.6
TH000048431,"NAKHON RATCHASIMA, TH",14.967,102.083,188.0,1977-04-09,0.0,30.3,38.5,21.8
TH000048431,"NAKHON RATCHASIMA, TH",14.967,102.083,188.0,1977-04-10,0.0,29.3,38.6,24.0
TH000048431,"NAKHON RATCHASIMA, TH",14.967,102.083,188.0,1977-04-11,0.8,28.2,38.0,23.2
TH000048431,"NAKHON RATCHASIMA, TH",14.967,102.083,188.0,1977-04-12,16.7,28.1,37.9,23.3
TH000048431,"NAKHON RATCHASIMA, TH",14.967,102.083,188.0,1977-04-13,0.0,30.0,36.8,23.1
TH000048431,"NAKHON RATCHASIMA, TH",14.967,102.083,188.0,1977-04-14,0.0,28.8,36.5,24.8
TH000048431,"NAKHON RATCHASIMA, TH",14.967,102.083,188.0,1977-04-15,0.0,30.8,37.8,23.4
TH000048431,"NAKHON RATCHASIMA, TH",14.967,102.083,188.0,1977-04-16,0.0,32.8,39.8,24.0
TH000048431,"NAKHON RATCHASIMA, TH",14.967,102.083,188.0,1977-04-17,0.0,32.0,40.2,24.0
TH000048431,"NAKHON RATCHASIMA, TH",14.967,102.083,188.0,1977-04-18,0.0,33.5,41.5,24.5
TH000048431,"NAKHON RATCHASIMA, TH",14.967,102.083,188.0,1977-04-19,43.8,24.8,29.1,22.1
TH000048431,"NAKHON RATCHASIMA, TH",14.967,102.083,188.0,1977-04-20,0.0,27.7,31.7,22.8
TH000048431,"NAKHON RATCHASIMA, TH",14.967,102.083,188.0,1977-04-21,0.0,28.9,36.8,23.1
TH000048431,"NAKHON RATCHASIMA, TH",14.967,102.083,188.0,1977-04-22,0.0,29.7,35.7,23.0
TH000048431,"NAKHON RATCHASIMA, TH",14.967,102.083,188.0,1977-04-23,0.0,29.0,36.2,24.7
TH000048431,"NAKHON RATCHASIMA, TH",14.967,102.083,188.0,1977-04-24,0.0,27.8,35.1,24.3
TH000048431,"NAKHON RATCHASIMA, TH",14.967,102.083,188.0,1977-04-25,0.0,27.6,35.3,24.3
TH000048431,"NAKHON RATCHASIMA, TH",14.967,102.083,188.0,1977-04-26,2.0,27.6,36.3,23.5
TH000048431,"NAKHON RATCHASIMA, TH",14.967,102.083,188.0,1977-04-27,0.0,31.7,38.3,23.3
TH000048431,"NAKHON RATCHASIMA, TH",14.967,102.083,188.0,1977-04-28,0.0,32.3,39.3,24.2
TH000048431,"NAKHON RATCHASIMA, TH",14.967,102.083,188.0,1977-04-29,0.0,32.0,40.0,24.9
TH000048431,"NAKHON RATCHASIMA, TH",14.967,102.083,188.0,1977-04-30,0.0,31.2,38.1,24.9
TH000048431,"NAKHON RATCHASIMA, TH",14.967,102.083,188.0,1977-05-01,12.0,27.5,35.9,22.4
TH000048431,"NAKHON RATCHASIMA, TH",14.967,102.083,188.0,1977-05-02,0.0,27.5,33.5,22.4
TH000048431,"NAKHON RATCHASIMA, TH",14.967,102.083,188.0,1977-05-03,10.3,25.8,32.8,23.8
TH000048431,"NAKHON RATCHASIMA, TH",14.967,102.083,188.0,1977-05-04,0.0,30.2,35.0,23.0
TH000048431,"NAKHON RATCHASIMA, TH",14.967,102.083,188.0,1977-05-05,1.2,25.5,31.9,23.5
TH000048431,"NAKHON RATCHASIMA, TH",14.967,102.083,188.0,1977-05-06,0.0,27.8,33.2,23.0
TH000048431,"NAKHON RATCHASIMA, TH",14.967,102.083,188.0,1977-05-07,22.6,27.8,34.9,23.5
TH000048431,"NAKHON RATCHASIMA, TH",14.967,102.083,188.0,1977-05-08,0.0,29.6,34.6,22.9
TH000048431,"NAKHON RATCHASIMA, TH",14.967,102.083,188.0,1977-05-09,6.5,27.8,35.2,23.5
TH000048431,"NAKHON RATCHASIMA, TH",14.967,102.083,188.0,1977-05-10,0.0,29.2,34.3,22.6
TH000048431,"NAKHON RATCHASIMA, TH",14.967,102.083,188.0,1977-05-11,0.0,30.2,35.3,24.2
TH000048431,"NAKHON RATCHASIMA, TH",14.967,102.083,188.0,1977-05-12,13.8,29.4,35.2,23.4
TH000048431,"NAKHON RATCHASIMA, TH",14.967,102.083,188.0,1977-05-13,0.4,27.4,32.2,24.2
TH000048431,"NAKHON RATCHASIMA, TH",14.967,102.083,188.0,1977-05-14,0.0,28.8,35.1,23.7
TH000048431,"NAKHON RATCHASIMA, TH",14.967,102.083,188.0,1977-05-15,0.0,29.0,35.3,24.0
TH000048431,"NAKHON RATCHASIMA, TH",14.967,102.083,188.0,1977-05-16,0.0,29.6,36.1,24.0
TH000048431,"NAKHON RATCHASIMA, TH",14.967,102.083,188.0,1977-05-17,0.0,28.5,35.7,23.0
TH000048431,"NAKHON RATCHASIMA, TH",14.967,102.083,188.0,1977-05-18,0.0,30.5,36.0,23.6
TH000048431,"NAKHON RATCHASIMA, TH",14.967,102.083,188.0,1977-05-19,0.0,30.8,36.7,24.1
TH000048431,"NAKHON RATCHASIMA, TH",14.967,102.083,188.0,1977-05-20,0.0,31.2,38.2,23.5
TH000048431,"NAKHON RATCHASIMA, TH",14.967,102.083,188.0,1977-05-21,0.0,29.5,38.1,24.2
TH000048431,"NAKHON RATCHASIMA, TH",14.967,102.083,188.0,1977-05-22,0.4,32.0,37.8,24.3
TH000048431,"NAKHON RATCHASIMA, TH",14.967,102.083,188.0,1977-05-23,2.8,26.4,33.7,24.1
TH000048431,"NAKHON RATCHASIMA, TH",14.967,102.083,188.0,1977-05-24,6.9,27.5,34.0,23.7
TH000048431,"NAKHON RATCHASIMA, TH",14.967,102.083,188.0,1977-05-25,0.0,27.9,35.4,24.2
TH000048431,"NAKHON RATCHASIMA, TH",14.967,102.083,188.0,1977-05-26,0.0,30.6,37.3,24.1
TH000048431,"NAKHON RATCHASIMA, TH",14.967,102.083,188.0,1977-05-27,0.0,32.6,38.0,23.7
TH000048431,"NAKHON RATCHASIMA, TH",14.967,102.083,188.0,1977-05-28,0.0,30.7,36.9,24.4
TH000048431,"NAKHON RATCHASIMA, TH",14.967,102.083,188.0,1977-05-29,0.0,29.3,37.5,24.6
TH000048431,"NAKHON RATCHASIMA, TH",14.967,102.083,188.0,1977-05-30,0.0,29.0,35.5,25.4
TH000048431,"NAKHON RATCHASIMA, TH",14.967,102.083,188.0,1977-05-31,0.0,31.8,37.6,24.7
TH000048431,"NAKHON RATCHASIMA, TH",14.967,102.083,188.0,1977-06-01,0.0,29.8,37.8,23.6
TH000048431,"NAKHON RATCHASIMA, TH",14.967,102.083,188.0,1977-06-02,0.4,31.3,37.9,23.1
TH000048431,"NAKHON RATCHASIMA, TH",14.967,102.083,188.0,1977-06-03,0.2,30.5,38.0,23.5
TH000048431,"NAKHON RATCHASIMA, TH",14.967,102.083,188.0,1977-06-04,4.3,27.7,36.9,24.1
TH000048431,"NAKHON RATCHASIMA, TH",14.967,102.083,188.0,1977-06-05,22.0,28.0,38.2,23.5
TH000048431,"NAKHON RATCHASIMA, TH",14.967,102.083,188.0,1977-06-06,0.0,32.6,38.3,23.5
TH000048431,"NAKHON RATCHASIMA, TH",14.967,102.083,188.0,1977-06-07,0.4,29.2,38.8,23.8
TH000048431,"NAKHON RATCHASIMA, TH",14.967,102.083,188.0,1977-06-08,0.0,30.4,38.7,24.5
TH000048431,"NAKHON RATCHASIMA, TH",14.967,102.083,188.0,1977-06-09,0.0,32.3,38.7,24.5
TH000048431,"NAKHON RATCHASIMA, TH",14.967,102.083,188.0,1977-06-10,0.0,29.8,37.6,25.4
TH000048431,"NAKHON RATCHASIMA, TH",14.967,102.083,188.0,1977-06-11,0.5,32.0,36.1,24.0
TH000048431,"NAKHON RATCHASIMA, TH",14.967,102.083,188.0,1977-06-12,32.6,28.3,35.1,24.0
TH000048431,"NAKHON RATCHASIMA, TH",14.967,102.083,188.0,1977-06-13,0.0,30.0,35.1,24.0
TH000048431,"NAKHON RATCHASIMA, TH",14.967,102.083,188.0,1977-06-14,0.0,29.9,36.0,24.3
TH000048431,"NAKHON RATCHASIMA, TH",14.967,102.083,188.0,1977-06-15,0.0,30.8,37.3,24.6
TH000048431,"NAKHON RATCHASIMA, TH",14.967,102.083,188.0,1977-06-16,0.0,31.3,36.6,23.8
TH000048431,"NAKHON RATCHASIMA, TH",14.967,102.083,188.0,1977-06-17,0.0,31.3,38.4,25.4
TH000048431,"NAKHON RATCHASIMA, TH",14.967,102.083,188.0,1977-06-18,0.0,31.0,36.8,25.7
TH000048431,"NAKHON RATCHASIMA, TH",14.967,102.083,188.0,1977-06-19,0.0,30.0,38.0,24.3
TH000048431,"NAKHON RATCHASIMA, TH",14.967,102.083,188.0,1977-06-20,0.1,31.0,35.7,25.0
TH000048431,"NAKHON RATCHASIMA, TH",14.967,102.083,188.0,1977-06-21,0.0,30.2,35.9,24.0
TH000048431,"NAKHON RATCHASIMA, TH",14.967,102.083,188.0,1977-06-22,0.0,30.7,37.0,24.3
TH000048431,"NAKHON RATCHASIMA, TH",14.967,102.083,188.0,1977-06-23,0.7,29.4,39.0,24.6
TH000048431,"NAKHON RATCHASIMA, TH",14.967,102.083,188.0,1977-06-24,0.0,30.0,35.6,25.0
TH000048431,"NAKHON RATCHASIMA, TH",14.967,102.083,188.0,1977-06-25,0.0,31.0,38.0,25.0
TH000048431,"NAKHON RATCHASIMA, TH",14.967,102.083,188.0,1977-06-26,0.0,31.5,36.6,24.7
TH000048431,"NAKHON RATCHASIMA, TH",14.967,102.083,188.0,1977-06-27,0.0,30.4,37.2,25.6
TH000048431,"NAKHON RATCHASIMA, TH",14.967,102.083,188.0,1977-06-28,0.0,31.7,39.1,25.0
TH000048431,"NAKHON RATCHASIMA, TH",14.967,102.083,188.0,1977-06-29,0.8,30.0,38.2,24.8
TH000048431,"NAKHON RATCHASIMA, TH",14.967,102.083,188.0,1977-06-30,2.6,27.4,33.9,24.3
TH000048431,"NAKHON RATCHASIMA, TH",14.967,102.083,188.0,1977-07-01,0.0,29.8,37.0,24.6
TH000048431,"NAKHON RATCHASIMA, TH",14.967,102.083,188.0,1977-07-02,0.0,30.4,36.4,22.7
TH000048431,"NAKHON RATCHASIMA, TH",14.967,102.083,188.0,1977-07-03,0.0,29.5,36.2,24.5
TH000048431,"NAKHON RATCHASIMA, TH",14.967,102.083,188.0,1977-07-04,3.2,30.4,36.5,24.7
TH000048431,"NAKHON RATCHASIMA, TH",14.967,102.083,188.0,1977-07-05,0.0,29.8,35.8,24.2
TH000048431,"NAKHON RATCHASIMA, TH",14.967,102.083,188.0,1977-07-06,15.6,28.4,37.1,24.0
TH000048431,"NAKHON RATCHASIMA, TH",14.967,102.083,188.0,1977-07-07,0.1,27.0,31.6,23.7
TH000048431,"NAKHON RATCHASIMA, TH",14.967,102.083,188.0,1977-07-08,0.5,28.5,35.5,23.5
TH000048431,"NAKHON RATCHASIMA, TH",14.967,102.083,188.0,1977-07-09,0.0,30.4,35.3,24.2
TH000048431,"NAKHON RATCHASIMA, TH",14.967,102.083,188.0,1977-07-10,0.0,31.0,38.8,23.5
TH000048431,"NAKHON RATCHASIMA, TH",14.967,102.083,188.0,1977-07-11,0.2,30.3,40.0,24.7
TH000048431,"NAKHON RATCHASIMA, TH",14.967,102.083,188.0,1977-07-12,4.5,27.5,36.8,25.5
TH000048431,"NAKHON RATCHASIMA, TH",14.967,102.083,188.0,1977-07-13,0.0,30.8,36.7,24.3
TH000048431,"NAKHON RATCHASIMA, TH",14.967,102.083,188.0,1977-07-14,12.1,27.4,34.7,25.0
TH000048431,"NAKHON RATCHASIMA, TH",14.967,102.083,188.0,1977-07-15,0.1,27.5,33.2,24.4
TH000048431,"NAKHON RATCHASIMA, TH",14.967,102.083,188.0,1977-07-16,0.2,28.2,35.2,24.1
TH000048431,"NAKHON RATCHASIMA, TH",14.967,102.083,188.0,1977-07-17,0.0,27.6,33.7,24.2
TH000048431,"NAKHON RATCHASIMA, TH",14.967,102.083,188.0,1977-07-18,2.4,29.2,35.1,23.0
TH000048431,"NAKHON RATCHASIMA, TH",14.967,102.083,188.0,1977-07-19,0.0,30.4,37.3,24.0
TH000048431,"NAKHON RATCHASIMA, TH",14.967,102.083,188.0,1977-07-20,0.0,30.7,35.9,25.2
TH000048431,"NAKHON RATCHASIMA, TH",14.967,102.083,188.0,1977-07-21,0.7,30.0,37.2,25.7
TH000048431,"NAKHON RATCHASIMA, TH",14.967,102.083,188.0,1977-07-22,1.0,28.4,33.1,24.9
TH000048431,"NAKHON RATCHASIMA, TH",14.967,102.083,188.0,1977-07-23,2.4,27.0,33.1,24.3
TH000048431,"NAKHON RATCHASIMA, TH",14.967,102.083,188.0,1977-07-24,0.0,27.6,33.6,24.1
TH000048431,"NAKHON RATCHASIMA, TH",14.967,102.083,188.0,1977-07-25,0.1,29.5,36.2,24.9
TH000048431,"NAKHON RATCHASIMA, TH",14.967,102.083,188.0,1977-07-26,0.0,29.8,37.0,23.5
TH000048431,"NAKHON RATCHASIMA, TH",14.967,102.083,188.0,1977-07-27,0.0,30.0,35.8,24.4
TH000048431,"NAKHON RATCHASIMA, TH",14.967,102.083,188.0,1977-07-28,14.9,28.4,36.8,25.0
TH000048431,"NAKHON RATCHASIMA, TH",14.967,102.083,188.0,1977-07-29,8.0,26.7,32.2,23.0
TH000048431,"NAKHON RATCHASIMA, TH",14.967,102.083,188.0,1977-07-30,0.0,26.8,31.7,22.7
TH000048431,"NAKHON RATCHASIMA, TH",14.967,102.083,188.0,1977-07-31,0.0,28.6,35.0,23.2
TH000048431,"NAKHON RATCHASIMA, TH",14.967,102.083,188.0,1977-08-01,0.0,29.7,36.0,23.7
TH000048431,"NAKHON RATCHASIMA, TH",14.967,102.083,188.0,1977-08-02,0.0,29.1,35.5,22.9
TH000048431,"NAKHON RATCHASIMA, TH",14.967,102.083,188.0,1977-08-03,0.0,29.0,34.0,24.6
TH000048431,"NAKHON RATCHASIMA, TH",14.967,102.083,188.0,1977-08-04,0.1,29.4,34.5,23.5
TH000048431,"NAKHON RATCHASIMA, TH",14.967,102.083,188.0,1977-08-05,0.0,29.3,34.8,25.0
TH000048431,"NAKHON RATCHASIMA, TH",14.967,102.083,188.0,1977-08-06,8.7,27.4,36.6,24.0
TH000048431,"NAKHON RATCHASIMA, TH",14.967,102.083,188.0,1977-08-07,22.3,26.2,33.5,23.6
TH000048431,"NAKHON RATCHASIMA, TH",14.967,102.083,188.0,1977-08-08,0.5,29.0,34.5,22.9
TH000048431,"NAKHON RATCHASIMA, TH",14.967,102.083,188.0,1977-08-09,0.0,29.2,35.7,24.5
TH000048431,"NAKHON RATCHASIMA, TH",14.967,102.083,188.0,1977-08-10,6.8,28.8,35.8,24.1
TH000048431,"NAKHON RATCHASIMA, TH",14.967,102.083,188.0,1977-08-11,5.7,27.2,34.1,22.6
TH000048431,"NAKHON RATCHASIMA, TH",14.967,102.083,188.0,1977-08-12,0.0,29.8,35.7,23.0
TH000048431,"NAKHON RATCHASIMA, TH",14.967,102.083,188.0,1977-08-13,0.0,30.3,36.9,23.7
TH000048431,"NAKHON RATCHASIMA, TH",14.967,102.083,188.0,1977-08-14,0.0,31.0,37.8,23.8
TH000048431,"NAKHON RATCHASIMA, TH",14.967,102.083,188.0,1977-08-15,0.0,31.6,38.1,24.9
TH000048431,"NAKHON RATCHASIMA, TH",14.967,102.083,188.0,1977-08-16,0.1,29.9,37.8,25.9
TH000048431,"NAKHON RATCHASIMA, TH",14.967,102.083,188.0,1977-08-17,23.7,28.1,33.4,24.3
TH000048431,"NAKHON RATCHASIMA, TH",14.967,102.083,188.0,1977-08-18,62.2,26.0,30.4,22.8
TH000048431,"NAKHON RATCHASIMA, TH",14.967,102.083,188.0,1977-08-19,8.5,26.2,31.6,22.5
TH000048431,"NAKHON RATCHASIMA, TH",14.967,102.083,188.0,1977-08-20,22.2,27.3,33.1,23.5
TH000048431,"NAKHON RATCHASIMA, TH",14.967,102.083,188.0,1977-08-21,4.0,25.8,29.4,23.6
TH000048431,"NAKHON RATCHASIMA, TH",14.967,102.083,188.0,1977-08-22,28.0,26.8,32.0,23.6
TH000048431,"NAKHON RATCHASIMA, TH",14.967,102.083,188.0,1977-08-23,0.0,28.5,33.2,23.4
TH000048431,"NAKHON RATCHASIMA, TH",14.967,102.083,188.0,1977-08-24,1.8,26.4,30.4,24.9
TH000048431,"NAKHON RATCHASIMA, TH",14.967,102.083,188.0,1977-08-25,40.9,27.6,32.5,23.9
TH000048431,"NAKHON RATCHASIMA, TH",14.967,102.083,188.0,1977-08-26,18.3,26.2,32.0,24.1
TH000048431,"NAKHON RATCHASIMA, TH",14.967,102.083,188.0,1977-08-27,11.2,26.8,32.6,23.5
TH000048431,"NAKHON RATCHASIMA, TH",14.967,102.083,188.0,1977-08-28,3.4,28.6,33.2,23.4
TH000048431,"NAKHON RATCHASIMA, TH",14.967,102.083,188.0,1977-08-29,18.3,27.1,33.8,22.9
TH000048431,"NAKHON RATCHASIMA, TH",14.967,102.083,188.0,1977-08-30,0.0,26.6,30.8,24.3
TH000048431,"NAKHON RATCHASIMA, TH",14.967,102.083,188.0,1977-08-31,2.9,28.0,31.6,22.9
TH000048431,"NAKHON RATCHASIMA, TH",14.967,102.083,188.0,1977-09-01,0.0,27.3,32.0,24.0
TH000048431,"NAKHON RATCHASIMA, TH",14.967,102.083,188.0,1977-09-02,1.2,27.4,33.0,24.0
TH000048431,"NAKHON RATCHASIMA, TH",14.967,102.083,188.0,1977-09-03,0.3,27.2,33.5,23.9
TH000048431,"NAKHON RATCHASIMA, TH",14.967,102.083,188.0,1977-09-04,5.2,28.3,32.1,23.6
TH000048431,"NAKHON RATCHASIMA, TH",14.967,102.083,188.0,1977-09-05,1.5,25.4,27.3,23.0
TH000048431,"NAKHON RATCHASIMA, TH",14.967,102.083,188.0,1977-09-06,0.0,28.0,31.7,24.2
TH000048431,"NAKHON RATCHASIMA, TH",14.967,102.083,188.0,1977-09-07,9.5,27.6,32.8,23.1
TH000048431,"NAKHON RATCHASIMA, TH",14.967,102.083,188.0,1977-09-08,0.0,26.0,29.4,23.4
TH000048431,"NAKHON RATCHASIMA, TH",14.967,102.083,188.0,1977-09-09,8.9,26.7,32.1,23.5
TH000048431,"NAKHON RATCHASIMA, TH",14.967,102.083,188.0,1977-09-10,21.4,26.2,31.0,22.8
TH000048431,"NAKHON RATCHASIMA, TH",14.967,102.083,188.0,1977-09-11,2.6,25.0,26.4,23.2
TH000048431,"NAKHON RATCHASIMA, TH",14.967,102.083,188.0,1977-09-12,0.0,26.7,31.1,22.4
TH000048431,"NAKHON RATCHASIMA, TH",14.967,102.083,188.0,1977-09-13,0.0,28.2,33.3,22.4
TH000048431,"NAKHON RATCHASIMA, TH",14.967,102.083,188.0,1977-09-14,8.2,25.3,29.8,22.8
TH000048431,"NAKHON RATCHASIMA, TH",14.967,102.083,188.0,1977-09-15,2.1,25.3,30.7,22.6
TH000048431,"NAKHON RATCHASIMA, TH",14.967,102.083,188.0,1977-09-16,0.0,27.1,32.5,22.7
TH000048431,"NAKHON RATCHASIMA, TH",14.967,102.083,188.0,1977-09-17,20.5,27.4,33.1,23.5
TH000048431,"NAKHON RATCHASIMA, TH",14.967,102.083,188.0,1977-09-18,1.6,27.2,33.8,23.6
TH000048431,"NAKHON RATCHASIMA, TH",14.967,102.083,188.0,1977-09-19,12.9,26.8,33.5,23.1
TH000048431,"NAKHON RATCHASIMA, TH",14.967,102.083,188.0,1977-09-20,13.7,26.5,32.6,23.5
TH000048431,"NAKHON RATCHASIMA, TH",14.967,102.083,188.0,1977-09-21,11.0,26.6,30.4,22.0
TH000048431,"NAKHON RATCHASIMA, TH",14.967,102.083,188.0,1977-09-22,6.3,26.5,29.5,23.1
TH000048431,"NAKHON RATCHASIMA, TH",14.967,102.083,188.0,1977-09-23,0.0,26.1,29.7,23.0
TH000048431,"NAKHON RATCHASIMA, TH",14.967,102.083,188.0,1977-09-24,0.0,26.8,31.8,22.0
TH000048431,"NAKHON RATCHASIMA, TH",14.967,102.083,188.0,1977-09-25,0.0,27.6,33.1,22.3
TH000048431,"NAKHON RATCHASIMA, TH",14.967,102.083,188.0,1977-09-26,0.0,28.5,33.1,23.6
TH000048431,"NAKHON RATCHASIMA, TH",14.967,102.083,188.0,1977-09-27,0.0,27.6,31.7,22.8
TH000048431,"NAKHON RATCHASIMA, TH",14.967,102.083,188.0,1977-09-28,59.4,25.8,30.0,21.4
TH000048431,"NAKHON RATCHASIMA, TH",14.967,102.083,188.0,1977-09-29,0.0,26.7,31.6,21.4
TH000048431,"NAKHON RATCHASIMA, TH",14.967,102.083,188.0,1977-09-30,0.0,27.8,31.6,22.4
TH000048431,"NAKHON RATCHASIMA, TH",14.967,102.083,188.0,1977-10-01,0.0,27.6,31.2,25.0
TH000048431,"NAKHON RATCHASIMA, TH",14.967,102.083,188.0,1977-10-02,0.0,27.6,31.9,23.6
TH000048431,"NAKHON RATCHASIMA, TH",14.967,102.083,188.0,1977-10-03,0.2,26.7,31.8,23.5
TH000048431,"NAKHON RATCHASIMA, TH",14.967,102.083,188.0,1977-10-04,0.0,28.0,33.4,22.5
TH000048431,"NAKHON RATCHASIMA, TH",14.967,102.083,188.0,1977-10-05,0.0,29.0,34.0,23.6
TH000048431,"NAKHON RATCHASIMA, TH",14.967,102.083,188.0,1977-10-06,0.0,28.1,33.9,23.9
TH000048431,"NAKHON RATCHASIMA, TH",14.967,102.083,188.0,1977-10-07,0.0,28.0,33.5,22.9
TH000048431,"NAKHON RATCHASIMA, TH",14.967,102.083,188.0,1977-10-08,0.0,28.2,32.0,23.4
TH000048431,"NAKHON RATCHASIMA, TH",14.967,102.083,188.0,1977-10-09,0.0,26.3,29.8,24.0
TH000048431,"NAKHON RATCHASIMA, TH",14.967,102.083,188.0,1977-10-10,0.0,26.6,30.0,22.9
TH000048431,"NAKHON RATCHASIMA, TH",14.967,102.083,188.0,1977-10-11,0.0,26.8,29.5,23.7
TH000048431,"NAKHON RATCHASIMA, TH",14.967,102.083,188.0,1977-10-12,0.0,26.8,30.8,23.1
TH000048431,"NAKHON RATCHASIMA, TH",14.967,102.083,188.0,1977-10-13,0.0,28.0,31.4,23.6
TH000048431,"NAKHON RATCHASIMA, TH",14.967,102.083,188.0,1977-10-14,4.2,25.7,30.8,22.2
TH000048431,"NAKHON RATCHASIMA, TH",14.967,102.083,188.0,1977-10-15,0.0,28.3,32.4,22.5
TH000048431,"NAKHON RATCHASIMA, TH",14.967,102.083,188.0,1977-10-16,0.0,28.0,32.3,23.5
TH000048431,"NAKHON RATCHASIMA, TH",14.967,102.083,188.0,1977-10-17,0.0,27.8,31.7,23.6
TH000048431,"NAKHON RATCHASIMA, TH",14.967,102.083,188.0,1977-10-18,0.0,28.0,32.1,23.1
TH000048431,"NAKHON RATCHASIMA, TH",14.967,102.083,188.0,1977-10-19,0.0,28.2,31.5,23.4
TH000048431,"NAKHON RATCHASIMA, TH",14.967,102.083,188.0,1977-10-20,0.0,27.3,31.8,23.6
TH000048431,"NAKHON RATCHASIMA, TH",14.967,102.083,188.0,1977-10-21,0.0,27.0,31.2,22.6
TH000048431,"NAKHON RATCHASIMA, TH",14.967,102.083,188.0,1977-10-22,0.0,26.6,30.8,21.4
TH000048431,"NAKHON RATCHASIMA, TH",14.967,102.083,188.0,1977-10-23,6.6,27.5,31.3,20.6
TH000048431,"NAKHON RATCHASIMA, TH",14.967,102.083,188.0,1977-10-24,21.6,26.6,31.8,22.6
TH000048431,"NAKHON RATCHASIMA, TH",14.967,102.083,188.0,1977-10-25,7.1,27.2,32.3,23.3
TH000048431,"NAKHON RATCHASIMA, TH",14.967,102.083,188.0,1977-10-26,20.7,25.4,30.4,21.5
TH000048431,"NAKHON RATCHASIMA, TH",14.967,102.083,188.0,1977-10-27,23.4,25.9,30.5,21.6
TH000048431,"NAKHON RATCHASIMA, TH",14.967,102.083,188.0,1977-10-28,0.0,26.0,29.8,22.2
TH000048431,"NAKHON RATCHASIMA, TH",14.967,102.083,188.0,1977-10-29,0.0,27.7,32.6,23.0
TH000048431,"NAKHON RATCHASIMA, TH",14.967,102.083,188.0,1977-10-30,0.0,27.5,31.7,23.7
TH000048431,"NAKHON RATCHASIMA, TH",14.967,102.083,188.0,1977-10-31,0.0,27.2,31.8,22.4
TH000048431,"NAKHON RATCHASIMA, TH",14.967,102.083,188.0,1977-11-01,0.0,26.5,30.8,21.6
TH000048431,"NAKHON RATCHASIMA, TH",14.967,102.083,188.0,1977-11-02,0.0,26.2,29.7,21.8
TH000048431,"NAKHON RATCHASIMA, TH",14.967,102.083,188.0,1977-11-03,0.0,25.5,29.7,21.5
TH000048431,"NAKHON RATCHASIMA, TH",14.967,102.083,188.0,1977-11-04,0.0,26.5,30.0,21.7
TH000048431,"NAKHON RATCHASIMA, TH",14.967,102.083,188.0,1977-11-05,0.0,25.3,29.4,21.6
TH000048431,"NAKHON RATCHASIMA, TH",14.967,102.083,188.0,1977-11-06,0.0,25.3,29.9,22.0
TH000048431,"NAKHON RATCHASIMA, TH",14.967,102.083,188.0,1977-11-07,0.0,27.4,32.0,22.2
TH000048431,"NAKHON RATCHASIMA, TH",14.967,102.083,188.0,1977-11-08,0.0,27.6,31.2,22.5
TH000048431,"NAKHON RATCHASIMA, TH",14.967,102.083,188.0,1977-11-09,0.0,26.7,30.4,21.8
TH000048431,"NAKHON RATCHASIMA, TH",14.967,102.083,188.0,1977-11-10,0.0,25.5,28.7,22.9
TH000048431,"NAKHON RATCHASIMA, TH",14.967,102.083,188.0,1977-11-11,0.0,25.2,29.0,22.4
TH000048431,"NAKHON RATCHASIMA, TH",14.967,102.083,188.0,1977-11-12,0.0,25.6,27.9,20.7
TH000048431,"NAKHON RATCHASIMA, TH",14.967,102.083,188.0,1977-11-13,0.0,24.8,28.4,20.5
TH000048431,"NAKHON RATCHASIMA, TH",14.967,102.083,188.0,1977-11-14,0.0,24.2,27.9,18.6
TH000048431,"NAKHON RATCHASIMA, TH",14.967,102.083,188.0,1977-11-15,0.0,21.5,26.8,16.4
TH000048431,"NAKHON RATCHASIMA, TH",14.967,102.083,188.0,1977-11-16,0.0,21.7,26.1,14.6
TH000048431,"NAKHON RATCHASIMA, TH",14.967,102.083,188.0,1977-11-17,0.0,19.0,26.6,13.7
TH000048431,"NAKHON RATCHASIMA, TH",14.967,102.083,188.0,1977-11-18,0.0,20.7,26.4,14.0
TH000048431,"NAKHON RATCHASIMA, TH",14.967,102.083,188.0,1977-11-19,0.0,20.6,26.9,14.5
TH000048431,"NAKHON RATCHASIMA, TH",14.967,102.083,188.0,1977-11-20,0.0,22.3,27.2,15.5
TH000048431,"NAKHON RATCHASIMA, TH",14.967,102.083,188.0,1977-11-21,0.0,21.9,28.4,15.5
TH000048431,"NAKHON RATCHASIMA, TH",14.967,102.083,188.0,1977-11-22,0.0,23.1,29.6,15.7
TH000048431,"NAKHON RATCHASIMA, TH",14.967,102.083,188.0,1977-11-23,0.0,23.2,29.5,16.9
TH000048431,"NAKHON RATCHASIMA, TH",14.967,102.083,188.0,1977-11-24,0.0,25.2,30.5,18.0
TH000048431,"NAKHON RATCHASIMA, TH",14.967,102.083,188.0,1977-11-25,0.0,24.2,31.7,17.8
TH000048431,"NAKHON RATCHASIMA, TH",14.967,102.083,188.0,1977-11-26,0.0,26.8,33.0,18.8
TH000048431,"NAKHON RATCHASIMA, TH",14.967,102.083,188.0,1977-11-27,2.3,27.4,33.1,21.5
TH000048431,"NAKHON RATCHASIMA, TH",14.967,102.083,188.0,1977-11-28,0.7,21.2,23.2,19.4
TH000048431,"NAKHON RATCHASIMA, TH",14.967,102.083,188.0,1977-11-29,0.0,22.9,26.0,19.0
TH000048431,"NAKHON RATCHASIMA, TH",14.967,102.083,188.0,1977-11-30,0.0,23.2,27.6,17.0
TH000048431,"NAKHON RATCHASIMA, TH",14.967,102.083,188.0,1977-12-01,0.0,22.0,26.8,17.5
TH000048431,"NAKHON RATCHASIMA, TH",14.967,102.083,188.0,1977-12-02,0.0,20.8,25.6,16.0
TH000048431,"NAKHON RATCHASIMA, TH",14.967,102.083,188.0,1977-12-03,0.0,20.3,26.4,14.0
TH000048431,"NAKHON RATCHASIMA, TH",14.967,102.083,188.0,1977-12-04,0.0,20.3,27.1,13.6
TH000048431,"NAKHON RATCHASIMA, TH",14.967,102.083,188.0,1977-12-05,0.0,22.0,28.2,13.5
TH000048431,"NAKHON RATCHASIMA, TH",14.967,102.083,188.0,1977-12-06,0.0,21.2,28.3,12.5
TH000048431,"NAKHON RATCHASIMA, TH",14.967,102.083,188.0,1977-12-07,0.0,23.3,28.4,17.7
TH000048431,"NAKHON RATCHASIMA, TH",14.967,102.083,188.0,1977-12-08,0.0,23.0,28.2,15.9
TH000048431,"NAKHON RATCHASIMA, TH",14.967,102.083,188.0,1977-12-09,0.0,20.8,27.1,15.5
TH000048431,"NAKHON RATCHASIMA, TH",14.967,102.083,188.0,1977-12-10,0.0,22.8,28.6,14.5
TH000048431,"NAKHON RATCHASIMA, TH",14.967,102.083,188.0,1977-12-11,0.0,22.2,29.7,14.7
TH000048431,"NAKHON RATCHASIMA, TH",14.967,102.083,188.0,1977-12-12,0.0,22.7,29.7,15.0
TH000048431,"NAKHON RATCHASIMA, TH",14.967,102.083,188.0,1977-12-13,0.0,20.2,29.2,14.9
TH000048431,"NAKHON RATCHASIMA, TH",14.967,102.083,188.0,1977-12-14,0.0,21.9,29.7,14.2
TH000048431,"NAKHON RATCHASIMA, TH",14.967,102.083,188.0,1977-12-15,0.0,23.0,30.8,14.7
TH000048431,"NAKHON RATCHASIMA, TH",14.967,102.083,188.0,1977-12-16,0.0,25.0,31.5,16.7
TH000048431,"NAKHON RATCHASIMA, TH",14.967,102.083,188.0,1977-12-17,0.0,25.8,32.0,18.6
TH000048431,"NAKHON RATCHASIMA, TH",14.967,102.083,188.0,1977-12-18,0.0,25.8,32.3,19.4
TH000048431,"NAKHON RATCHASIMA, TH",14.967,102.083,188.0,1977-12-19,0.0,25.3,32.0,19.5
TH000048431,"NAKHON RATCHASIMA, TH",14.967,102.083,188.0,1977-12-20,0.0,25.3,31.7,18.0
TH000048431,"NAKHON RATCHASIMA, TH",14.967,102.083,188.0,1977-12-21,0.0,24.0,32.0,17.7
TH000048431,"NAKHON RATCHASIMA, TH",14.967,102.083,188.0,1977-12-22,0.0,24.8,32.5,17.1
TH000048431,"NAKHON RATCHASIMA, TH",14.967,102.083,188.0,1977-12-23,0.0,26.4,33.4,18.0
TH000048431,"NAKHON RATCHASIMA, TH",14.967,102.083,188.0,1977-12-24,0.0,27.2,33.0,20.0
TH000048431,"NAKHON RATCHASIMA, TH",14.967,102.083,188.0,1977-12-25,6.1,25.5,32.1,19.8
TH000048431,"NAKHON RATCHASIMA, TH",14.967,102.083,188.0,1977-12-26,0.0,25.1,29.6,20.1
TH000048431,"NAKHON RATCHASIMA, TH",14.967,102.083,188.0,1977-12-27,0.0,24.8,30.0,19.3
TH000048431,"NAKHON RATCHASIMA, TH",14.967,102.083,188.0,1977-12-28,0.0,26.0,31.5,19.2
TH000048431,"NAKHON RATCHASIMA, TH",14.967,102.083,188.0,1977-12-29,0.0,26.9,34.1,19.5
TH000048431,"NAKHON RATCHASIMA, TH",14.967,102.083,188.0,1977-12-30,0.0,29.3,35.6,20.8
TH000048431,"NAKHON RATCHASIMA, TH",14.967,102.083,188.0,1977-12-31,0.0,27.8,35.5,22.0
TH000048431,"NAKHON RATCHASIMA, TH",14.967,102.083,188.0,1978-01-01,0.0,28.4,35.3,22.0
TH000048431,"NAKHON RATCHASIMA, TH",14.967,102.083,188.0,1978-01-02,0.0,28.0,33.5,20.5
TH000048431,"NAKHON RATCHASIMA, TH",14.967,102.083,188.0,1978-01-03,0.0,23.5,28.0,18.9
TH000048431,"NAKHON RATCHASIMA, TH",14.967,102.083,188.0,1978-01-04,0.0,22.5,26.6,20.5
TH000048431,"NAKHON RATCHASIMA, TH",14.967,102.083,188.0,1978-01-05,0.0,21.3,25.7,18.1
TH000048431,"NAKHON RATCHASIMA, TH",14.967,102.083,188.0,1978-01-06,0.0,20.5,26.4,14.7
TH000048431,"NAKHON RATCHASIMA, TH",14.967,102.083,188.0,1978-01-07,0.0,23.2,29.8,14.9
TH000048431,"NAKHON RATCHASIMA, TH",14.967,102.083,188.0,1978-01-08,0.0,24.7,31.0,15.4
TH000048431,"NAKHON RATCHASIMA, TH",14.967,102.083,188.0,1978-01-09,0.0,25.7,32.0,18.8
TH000048431,"NAKHON RATCHASIMA, TH",14.967,102.083,188.0,1978-01-10,0.0,24.8,29.6,19.5
TH000048431,"NAKHON RATCHASIMA, TH",14.967,102.083,188.0,1978-01-11,0.0,24.8,29.6,18.4
TH000048431,"NAKHON RATCHASIMA, TH",14.967,102.083,188.0,1978-01-12,0.0,29.0,33.5,20.2
TH000048431,"NAKHON RATCHASIMA, TH",14.967,102.083,188.0,1978-01-13,0.0,26.3,34.8,18.8
TH000048431,"NAKHON RATCHASIMA, TH",14.967,102.083,188.0,1978-01-14,0.0,28.2,34.8,19.4
TH000048431,"NAKHON RATCHASIMA, TH",14.967,102.083,188.0,1978-01-15,0.0,29.4,35.0,21.0
TH000048431,"NAKHON RATCHASIMA, TH",14.967,102.083,188.0,1978-01-16,0.0,27.5,35.8,21.2
TH000048431,"NAKHON RATCHASIMA, TH",14.967,102.083,188.0,1978-01-17,0.0,27.3,34.7,20.0
TH000048431,"NAKHON RATCHASIMA, TH",14.967,102.083,188.0,1978-01-18,0.0,26.4,31.3,20.3
TH000048431,"NAKHON RATCHASIMA, TH",14.967,102.083,188.0,1978-01-19,0.0,22.4,28.8,19.4
TH000048431,"NAKHON RATCHASIMA, TH",14.967,102.083,188.0,1978-01-20,0.0,24.8,31.2,16.5
TH000048431,"NAKHON RATCHASIMA, TH",14.967,102.083,188.0,1978-01-21,0.0,21.8,27.1,17.4
TH000048431,"NAKHON RATCHASIMA, TH",14.967,102.083,188.0,1978-01-22,0.0,20.2,26.7,15.4
TH000048431,"NAKHON RATCHASIMA, TH",14.967,102.083,188.0,1978-01-23,0.0,23.3,31.2,12.9
TH000048431,"NAKHON RATCHASIMA, TH",14.967,102.083,188.0,1978-01-24,0.0,26.0,33.6,13.8
TH000048431,"NAKHON RATCHASIMA, TH",14.967,102.083,188.0,1978-01-25,0.0,24.9,35.0,15.8
TH000048431,"NAKHON RATCHASIMA, TH",14.967,102.083,188.0,1978-01-26,0.0,26.1,35.1,16.9
TH000048431,"NAKHON RATCHASIMA, TH",14.967,102.083,188.0,1978-01-27,0.0,28.3,34.8,20.3
TH000048431,"NAKHON RATCHASIMA, TH",14.967,102.083,188.0,1978-01-28,0.0,29.5,36.7,21.0
TH000048431,"NAKHON RATCHASIMA, TH",14.967,102.083,188.0,1978-01-29,0.0,28.7,35.3,21.3
TH000048431,"NAKHON RATCHASIMA, TH",14.967,102.083,188.0,1978-01-30,0.0,28.7,35.2,22.5
TH000048431,"NAKHON RATCHASIMA, TH",14.967,102.083,188.0,1978-01-31,0.0,27.3,33.7,21.3
TH000048431,"NAKHON RATCHASIMA, TH",14.967,102.083,188.0,1978-02-01,2.0,25.4,30.4,23.5
TH000048431,"NAKHON RATCHASIMA, TH",14.967,102.083,188.0,1978-02-02,0.0,20.5,25.8,20.5
TH000048431,"NAKHON RATCHASIMA, TH",14.967,102.083,188.0,1978-02-03,0.0,25.2,30.7,18.1
TH000048431,"NAKHON RATCHASIMA, TH",14.967,102.083,188.0,1978-02-04,0.0,28.2,32.8,19.5
TH000048431,"NAKHON RATCHASIMA, TH",14.967,102.083,188.0,1978-02-05,0.0,27.4,34.1,20.6
TH000048431,"NAKHON RATCHASIMA, TH",14.967,102.083,188.0,1978-02-06,0.0,28.7,35.3,20.6
TH000048431,"NAKHON RATCHASIMA, TH",14.967,102.083,188.0,1978-02-07,0.0,29.3,35.4,22.1
TH000048431,"NAKHON RATCHASIMA, TH",14.967,102.083,188.0,1978-02-08,0.0,28.6,35.1,23.3
TH000048431,"NAKHON RATCHASIMA, TH",14.967,102.083,188.0,1978-02-09,0.0,29.7,36.0,22.6
TH000048431,"NAKHON RATCHASIMA, TH",14.967,102.083,188.0,1978-02-10,0.0,30.3,37.0,24.2
TH000048431,"NAKHON RATCHASIMA, TH",14.967,102.083,188.0,1978-02-11,0.0,29.8,37.0,22.5
TH000048431,"NAKHON RATCHASIMA, TH",14.967,102.083,188.0,1978-02-12,0.0,30.7,36.8,24.0
TH000048431,"NAKHON RATCHASIMA, TH",14.967,102.083,188.0,1978-02-13,41.6,28.8,37.1,22.5
TH000048431,"NAKHON RATCHASIMA, TH",14.967,102.083,188.0,1978-02-14,0.0,29.0,35.7,22.5
TH000048431,"NAKHON RATCHASIMA, TH",14.967,102.083,188.0,1978-02-15,0.0,30.2,36.0,23.4
TH000048431,"NAKHON RATCHASIMA, TH",14.967,102.083,188.0,1978-02-16,0.0,24.8,29.6,21.8
TH000048431,"NAKHON RATCHASIMA, TH",14.967,102.083,188.0,1978-02-17,0.0,21.8,26.1,19.6
TH000048431,"NAKHON RATCHASIMA, TH",14.967,102.083,188.0,1978-02-18,0.0,21.7,25.6,17.1
TH000048431,"NAKHON RATCHASIMA, TH",14.967,102.083,188.0,1978-02-19,0.0,23.4,29.5,16.5
TH000048431,"NAKHON RATCHASIMA, TH",14.967,102.083,188.0,1978-02-20,0.0,26.2,31.5,19.3
TH000048431,"NAKHON RATCHASIMA, TH",14.967,102.083,188.0,1978-02-21,0.0,27.3,31.8,20.5
TH000048431,"NAKHON RATCHASIMA, TH",14.967,102.083,188.0,1978-02-22,1.9,23.5,24.7,22.5
TH000048431,"NAKHON RATCHASIMA, TH",14.967,102.083,188.0,1978-02-23,0.0,23.2,27.7,20.6
TH000048431,"NAKHON RATCHASIMA, TH",14.967,102.083,188.0,1978-02-24,0.0,26.2,32.6,19.5
TH000048431,"NAKHON RATCHASIMA, TH",14.967,102.083,188.0,1978-02-25,0.0,26.0,33.5,20.6
TH000048431,"NAKHON RATCHASIMA, TH",14.967,102.083,188.0,1978-02-26,0.1,20.5,23.1,20.0
TH000048431,"NAKHON RATCHASIMA, TH",14.967,102.083,188.0,1978-02-27,0.0,24.2,29.6,18.8
TH000048431,"NAKHON RATCHASIMA, TH",14.967,102.083,188.0,1978-02-28,0.0,26.6,33.1,18.9
TH000048431,"NAKHON RATCHASIMA, TH",14.967,102.083,188.0,1978-03-01,0.0,28.3,35.8,19.4
TH000048431,"NAKHON RATCHASIMA, TH",14.967,102.083,188.0,1978-03-02,5.3,28.8,37.2,21.5
TH000048431,"NAKHON RATCHASIMA, TH",14.967,102.083,188.0,1978-03-03,1.2,28.2,35.4,22.1
TH000048431,"NAKHON RATCHASIMA, TH",14.967,102.083,188.0,1978-03-04,0.0,29.1,36.2,21.4
TH000048431,"NAKHON RATCHASIMA, TH",14.967,102.083,188.0,1978-03-05,0.0,29.5,37.2,22.5
TH000048431,"NAKHON RATCHASIMA, TH",14.967,102.083,188.0,1978-03-06,0.0,30.0,37.2,23.0
TH000048431,"NAKHON RATCHASIMA, TH",14.967,102.083,188.0,1978-03-07,0.0,31.1,39.7,22.7
TH000048431,"NAKHON RATCHASIMA, TH",14.967,102.083,188.0,1978-03-08,0.0,31.4,40.5,22.5
TH000048431,"NAKHON RATCHASIMA, TH",14.967,102.083,188.0,1978-03-09,0.0,30.4,40.4,20.5
TH000048431,"NAKHON RATCHASIMA, TH",14.967,102.083,188.0,1978-03-10,0.0,29.7,37.6,22.0
TH000048431,"NAKHON RATCHASIMA, TH",14.967,102.083,188.0,1978-03-11,0.0,32.0,40.1,22.8
TH000048431,"NAKHON RATCHASIMA, TH",14.967,102.083,188.0,1978-03-12,0.0,30.2,39.5,20.0
TH000048431,"NAKHON RATCHASIMA, TH",14.967,102.083,188.0,1978-03-13,0.1,28.2,37.5,22.5
TH000048431,"NAKHON RATCHASIMA, TH",14.967,102.083,188.0,1978-03-14,8.7,29.0,38.0,23.1
TH000048431,"NAKHON RATCHASIMA, TH",14.967,102.083,188.0,1978-03-15,0.0,28.3,35.8,22.5
TH000048431,"NAKHON RATCHASIMA, TH",14.967,102.083,188.0,1978-03-16,0.0,29.6,36.8,23.6
TH000048431,"NAKHON RATCHASIMA, TH",14.967,102.083,188.0,1978-03-17,0.0,27.8,35.7,22.2
TH000048431,"NAKHON RATCHASIMA, TH",14.967,102.083,188.0,1978-03-18,0.0,29.3,37.7,24.3
TH000048431,"NAKHON RATCHASIMA, TH",14.967,102.083,188.0,1978-03-19,0.0,30.2,38.0,23.6
TH000048431,"NAKHON RATCHASIMA, TH",14.967,102.083,188.0,1978-03-20,0.0,29.7,38.0,23.4
TH000048431,"NAKHON RATCHASIMA, TH",14.967,102.083,188.0,1978-03-21,0.0,31.5,39.1,24.2
TH000048431,"NAKHON RATCHASIMA, TH",14.967,102.083,188.0,1978-03-22,0.0,32.6,40.4,24.3
TH000048431,"NAKHON RATCHASIMA, TH",14.967,102.083,188.0,1978-03-23,0.2,32.2,40.0,24.0
TH000048431,"NAKHON RATCHASIMA, TH",14.967,102.083,188.0,1978-03-24,0.0,29.0,38.3,24.7
TH000048431,"NAKHON RATCHASIMA, TH",14.967,102.083,188.0,1978-03-25,0.0,30.2,37.5,24.0
TH000048431,"NAKHON RATCHASIMA, TH",14.967,102.083,188.0,1978-03-26,0.0,30.0,38.1,23.6
TH000048431,"NAKHON RATCHASIMA, TH",14.967,102.083,188.0,1978-03-27,0.0,29.0,38.5,23.7
TH000048431,"NAKHON RATCHASIMA, TH",14.967,102.083,188.0,1978-03-28,6.4,32.2,40.1,23.0
TH000048431,"NAKHON RATCHASIMA, TH",14.967,102.083,188.0,1978-03-29,6.9,30.5,37.5,25.0
TH000048431,"NAKHON RATCHASIMA, TH",14.967,102.083,188.0,1978-03-30,0.0,29.1,38.1,23.5
TH000048431,"NAKHON RATCHASIMA, TH",14.967,102.083,188.0,1978-03-31,0.1,30.0,39.9,23.3
TH000048431,"NAKHON RATCHASIMA, TH",14.967,102.083,188.0,1978-04-01,0.0,32.0,40.4,22.4
TH000048431,"NAKHON RATCHASIMA, TH",14.967,102.083,188.0,1978-04-02,0.0,33.5,40.2,24.4
TH000048431,"NAKHON RATCHASIMA, TH",14.967,102.083,188.0,1978-04-03,0.0,31.4,37.9,24.1
TH000048431,"NAKHON RATCHASIMA, TH",14.967,102.083,188.0,1978-04-04,0.0,31.3,38.0,24.0
TH000048431,"NAKHON RATCHASIMA, TH",14.967,102.083,188.0,1978-04-05,0.0,30.3,38.0,25.0
TH000048431,"NAKHON RATCHASIMA, TH",14.967,102.083,188.0,1978-04-06,0.0,33.0,40.4,24.5
TH000048431,"NAKHON RATCHASIMA, TH",14.967,102.083,188.0,1978-04-07,0.0,32.7,40.2,25.2
TH000048431,"NAKHON RATCHASIMA, TH",14.967,102.083,188.0,1978-04-08,0.6,32.0,40.2,25.0
TH000048431,"NAKHON RATCHASIMA, TH",14.967,102.083,188.0,1978-04-09,0.0,31.6,39.0,24.4
TH000048431,"NAKHON RATCHASIMA, TH",14.967,102.083,188.0,1978-04-10,0.0,29.6,37.2,24.7
TH000048431,"NAKHON RATCHASIMA, TH",14.967,102.083,188.0,1978-04-11,0.0,30.5,37.7,25.3
TH000048431,"NAKHON RATCHASIMA, TH",14.967,102.083,188.0,1978-04-12,6.1,28.7,35.4,22.4
TH000048431,"NAKHON RATCHASIMA, TH",14.967,102.083,188.0,1978-04-13,0.0,28.2,33.3,22.2
TH000048431,"NAKHON RATCHASIMA, TH",14.967,102.083,188.0,1978-04-14,8.4,27.7,36.2,23.1
TH000048431,"NAKHON RATCHASIMA, TH",14.967,102.083,188.0,1978-04-15,0.1,27.6,32.3,23.6
TH000048431,"NAKHON RATCHASIMA, TH",14.967,102.083,188.0,1978-04-16,0.2,29.8,36.8,22.6
TH000048431,"NAKHON RATCHASIMA, TH",14.967,102.083,188.0,1978-04-17,0.0,29.8,35.4,23.1
TH000048431,"NAKHON RATCHASIMA, TH",14.967,102.083,188.0,1978-04-18,0.1,27.6,35.1,23.4
TH000048431,"NAKHON RATCHASIMA, TH",14.967,102.083,188.0,1978-04-19,0.0,30.0,36.5,22.7
TH000048431,"NAKHON RATCHASIMA, TH",14.967,102.083,188.0,1978-04-20,0.0,31.2,38.5,24.0
TH000048431,"NAKHON RATCHASIMA, TH",14.967,102.083,188.0,1978-04-21,0.2,31.6,38.4,24.4
TH000048431,"NAKHON RATCHASIMA, TH",14.967,102.083,188.0,1978-04-22,0.0,31.5,40.0,24.4
TH000048431,"NAKHON RATCHASIMA, TH",14.967,102.083,188.0,1978-04-23,4.6,26.8,35.9,25.8
TH000048431,"NAKHON RATCHASIMA, TH",14.967,102.083,188.0,1978-04-24,0.0,28.6,37.9,23.1
TH000048431,"NAKHON RATCHASIMA, TH",14.967,102.083,188.0,1978-04-25,0.0,31.8,37.8,24.3
TH000048431,"NAKHON RATCHASIMA, TH",14.967,102.083,188.0,1978-04-26,5.5,31.8,38.0,25.5
TH000048431,"NAKHON RATCHASIMA, TH",14.967,102.083,188.0,1978-04-27,0.0,29.5,37.0,25.4
TH000048431,"NAKHON RATCHASIMA, TH",14.967,102.083,188.0,1978-04-28,3.8,31.0,37.6,24.4
TH000048431,"NAKHON RATCHASIMA, TH",14.967,102.083,188.0,1978-04-29,0.0,33.0,38.7,24.5
TH000048431,"NAKHON RATCHASIMA, TH",14.967,102.083,188.0,1978-04-30,0.0,32.2,39.2,25.3
TH000048431,"NAKHON RATCHASIMA, TH",14.967,102.083,188.0,1978-05-01,1.9,31.7,40.0,26.5
TH000048431,"NAKHON RATCHASIMA, TH",14.967,102.083,188.0,1978-05-02,2.8,28.4,37.9,25.6
TH000048431,"NAKHON RATCHASIMA, TH",14.967,102.083,188.0,1978-05-03,0.0,30.3,36.3,24.1
TH000048431,"NAKHON RATCHASIMA, TH",14.967,102.083,188.0,1978-05-04,0.0,31.4,39.0,24.5
TH000048431,"NAKHON RATCHASIMA, TH",14.967,102.083,188.0,1978-05-05,0.5,30.7,38.6,25.5
TH000048431,"NAKHON RATCHASIMA, TH",14.967,102.083,188.0,1978-05-06,3.0,25.4,30.5,22.6
TH000048431,"NAKHON RATCHASIMA, TH",14.967,102.083,188.0,1978-05-07,0.0,28.2,34.0,23.1
TH000048431,"NAKHON RATCHASIMA, TH",14.967,102.083,188.0,1978-05-08,1.1,29.6,34.6,24.4
TH000048431,"NAKHON RATCHASIMA, TH",14.967,102.083,188.0,1978-05-09,0.3,30.7,36.8,24.9
TH000048431,"NAKHON RATCHASIMA, TH",14.967,102.083,188.0,1978-05-10,0.0,28.4,34.7,24.9
TH000048431,"NAKHON RATCHASIMA, TH",14.967,102.083,188.0,1978-05-11,32.8,27.4,33.6,23.5
TH000048431,"NAKHON RATCHASIMA, TH",14.967,102.083,188.0,1978-05-12,11.3,27.6,35.2,23.2
TH000048431,"NAKHON RATCHASIMA, TH",14.967,102.083,188.0,1978-05-13,21.2,27.0,33.5,23.0
TH000048431,"NAKHON RATCHASIMA, TH",14.967,102.083,188.0,1978-05-14,11.0,24.8,28.3,22.5
TH000048431,"NAKHON RATCHASIMA, TH",14.967,102.083,188.0,1978-05-15,3.6,26.4,33.0,23.9
TH000048431,"NAKHON RATCHASIMA, TH",14.967,102.083,188.0,1978-05-16,3.2,27.7,31.7,24.6
TH000048431,"NAKHON RATCHASIMA, TH",14.967,102.083,188.0,1978-05-17,11.9,27.4,33.4,23.4
TH000048431,"NAKHON RATCHASIMA, TH",14.967,102.083,188.0,1978-05-18,0.0,28.0,33.9,24.1
TH000048431,"NAKHON RATCHASIMA, TH",14.967,102.083,188.0,1978-05-19,0.0,30.2,35.3,25.0
TH000048431,"NAKHON RATCHASIMA, TH",14.967,102.083,188.0,1978-05-20,0.0,29.6,36.3,25.1
TH000048431,"NAKHON RATCHASIMA, TH",14.967,102.083,188.0,1978-05-21,0.0,29.8,37.0,25.4
TH000048431,"NAKHON RATCHASIMA, TH",14.967,102.083,188.0,1978-05-22,0.0,31.8,36.6,26.9
TH000048431,"NAKHON RATCHASIMA, TH",14.967,102.083,188.0,1978-05-23,0.0,30.2,37.1,25.5
TH000048431,"NAKHON RATCHASIMA, TH",14.967,102.083,188.0,1978-05-24,0.9,30.3,36.3,25.5
TH000048431,"NAKHON RATCHASIMA, TH",14.967,102.083,188.0,1978-05-25,0.5,29.3,35.7,24.1
TH000048431,"NAKHON RATCHASIMA, TH",14.967,102.083,188.0,1978-05-26,5.6,27.4,34.6,24.5
TH000048431,"NAKHON RATCHASIMA, TH",14.967,102.083,188.0,1978-05-27,0.0,28.8,35.1,25.0
TH000048431,"NAKHON RATCHASIMA, TH",14.967,102.083,188.0,1978-05-28,0.0,29.6,35.6,24.5
TH000048431,"NAKHON RATCHASIMA, TH",14.967,102.083,188.0,1978-05-29,0.0,29.0,35.1,24.1
TH000048431,"NAKHON RATCHASIMA, TH",14.967,102.083,188.0,1978-05-30,0.0,29.5,36.2,24.1
TH000048431,"NAKHON RATCHASIMA, TH",14.967,102.083,188.0,1978-05-31,0.0,30.4,36.6,24.6
TH000048431,"NAKHON RATCHASIMA, TH",14.967,102.083,188.0,1978-06-01,0.0,29.8,35.5,25.2
TH000048431,"NAKHON RATCHASIMA, TH",14.967,102.083,188.0,1978-06-02,0.0,29.7,35.5,25.4
TH000048431,"NAKHON RATCHASIMA, TH",14.967,102.083,188.0,1978-06-03,0.0,31.3,36.4,25.4
TH000048431,"NAKHON RATCHASIMA, TH",14.967,102.083,188.0,1978-06-04,0.5,29.9,37.6,25.5
TH000048431,"NAKHON RATCHASIMA, TH",14.967,102.083,188.0,1978-06-05,0.0,31.0,37.2,24.7
TH000048431,"NAKHON RATCHASIMA, TH",14.967,102.083,188.0,1978-06-06,0.0,29.0,35.9,25.3
TH000048431,"NAKHON RATCHASIMA, TH",14.967,102.083,188.0,1978-06-07,0.0,31.2,35.6,24.8
TH000048431,"NAKHON RATCHASIMA, TH",14.967,102.083,188.0,1978-06-08,0.0,32.0,36.3,25.0
TH000048431,"NAKHON RATCHASIMA, TH",14.967,102.083,188.0,1978-06-09,5.0,28.8,36.2,24.7
TH000048431,"NAKHON RATCHASIMA, TH",14.967,102.083,188.0,1978-06-10,0.0,29.6,34.1,24.0
TH000048431,"NAKHON RATCHASIMA, TH",14.967,102.083,188.0,1978-06-11,7.3,27.4,33.5,24.3
TH000048431,"NAKHON RATCHASIMA, TH",14.967,102.083,188.0,1978-06-12,2.4,26.4,35.6,23.6
TH000048431,"NAKHON RATCHASIMA, TH",14.967,102.083,188.0,1978-06-13,0.0,29.3,36.0,23.8
TH000048431,"NAKHON RATCHASIMA, TH",14.967,102.083,188.0,1978-06-14,0.0,29.9,35.9,23.4
TH000048431,"NAKHON RATCHASIMA, TH",14.967,102.083,188.0,1978-06-15,0.0,31.2,37.6,24.5
TH000048431,"NAKHON RATCHASIMA, TH",14.967,102.083,188.0,1978-06-16,31.3,27.7,36.7,25.1
TH000048431,"NAKHON RATCHASIMA, TH",14.967,102.083,188.0,1978-06-17,0.0,27.6,33.1,23.8
TH000048431,"NAKHON RATCHASIMA, TH",14.967,102.083,188.0,1978-06-18,0.0,27.6,34.0,24.7
TH000048431,"NAKHON RATCHASIMA, TH",14.967,102.083,188.0,1978-06-19,0.0,27.6,32.9,23.5
TH000048431,"NAKHON RATCHASIMA, TH",14.967,102.083,188.0,1978-06-20,0.0,29.5,35.1,23.5
TH000048431,"NAKHON RATCHASIMA, TH",14.967,102.083,188.0,1978-06-21,4.8,28.8,35.7,24.9
TH000048431,"NAKHON RATCHASIMA, TH",14.967,102.083,188.0,1978-06-22,0.0,28.3,33.9,23.6
TH000048431,"NAKHON RATCHASIMA, TH",14.967,102.083,188.0,1978-06-23,4.4,28.6,34.1,24.7
TH000048431,"NAKHON RATCHASIMA, TH",14.967,102.083,188.0,1978-06-24,1.0,27.7,33.1,23.9
TH000048431,"NAKHON RATCHASIMA, TH",14.967,102.083,188.0,1978-06-25,0.0,29.4,35.4,24.9
TH000048431,"NAKHON RATCHASIMA, TH",14.967,102.083,188.0,1978-06-26,0.1,27.8,33.5,25.5
TH000048431,"NAKHON RATCHASIMA, TH",14.967,102.083,188.0,1978-06-27,0.0,28.1,34.7,24.9
TH000048431,"NAKHON RATCHASIMA, TH",14.967,102.083,188.0,1978-06-28,0.0,30.3,36.2,23.7
TH000048431,"NAKHON RATCHASIMA, TH",14.967,102.083,188.0,1978-06-29,5.2,28.6,37.5,24.3
TH000048431,"NAKHON RATCHASIMA, TH",14.967,102.083,188.0,1978-06-30,0.0,29.7,36.0,23.1
TH000048431,"NAKHON RATCHASIMA, TH",14.967,102.083,188.0,1978-07-01,7.1,26.8,30.1,25.0
TH000048431,"NAKHON RATCHASIMA, TH",14.967,102.083,188.0,1978-07-02,7.3,26.3,30.6,22.5
TH000048431,"NAKHON RATCHASIMA, TH",14.967,102.083,188.0,1978-07-03,1.3,26.8,32.0,23.8
TH000048431,"NAKHON RATCHASIMA, TH",14.967,102.083,188.0,1978-07-04,0.0,28.1,32.2,23.9
TH000048431,"NAKHON RATCHASIMA, TH",14.967,102.083,188.0,1978-07-05,1.7,25.9,31.0,24.2
TH000048431,"NAKHON RATCHASIMA, TH",14.967,102.083,188.0,1978-07-06,0.4,25.8,30.2,23.4
TH000048431,"NAKHON RATCHASIMA, TH",14.967,102.083,188.0,1978-07-07,4.2,26.1,29.9,22.6
TH000048431,"NAKHON RATCHASIMA, TH",14.967,102.083,188.0,1978-07-08,2.3,27.1,32.0,23.9
TH000048431,"NAKHON RATCHASIMA, TH",14.967,102.083,188.0,1978-07-09,12.8,25.5,29.3,23.0
TH000048431,"NAKHON RATCHASIMA, TH",14.967,102.083,188.0,1978-07-10,2.7,25.5,30.1,23.6
TH000048431,"NAKHON RATCHASIMA, TH",14.967,102.083,188.0,1978-07-11,1.0,26.2,30.0,23.5
TH000048431,"NAKHON RATCHASIMA, TH",14.967,102.083,188.0,1978-07-12,7.7,27.4,33.8,23.5
TH000048431,"NAKHON RATCHASIMA, TH",14.967,102.083,188.0,1978-07-13,0.0,27.4,33.1,22.6
TH000048431,"NAKHON RATCHASIMA, TH",14.967,102.083,188.0,1978-07-14,0.1,28.0,32.9,22.1
TH000048431,"NAKHON RATCHASIMA, TH",14.967,102.083,188.0,1978-07-15,1.0,27.1,31.5,24.0
TH000048431,"NAKHON RATCHASIMA, TH",14.967,102.083,188.0,1978-07-16,7.6,27.0,35.0,23.7
TH000048431,"NAKHON RATCHASIMA, TH",14.967,102.083,188.0,1978-07-17,0.0,29.1,35.0,23.5
TH000048431,"NAKHON RATCHASIMA, TH",14.967,102.083,188.0,1978-07-18,0.0,28.9,35.1,23.7
TH000048431,"NAKHON RATCHASIMA, TH",14.967,102.083,188.0,1978-07-19,0.0,28.8,35.1,23.5
TH000048431,"NAKHON RATCHASIMA, TH",14.967,102.083,188.0,1978-07-20,0.0,27.8,35.2,24.4
TH000048431,"NAKHON RATCHASIMA, TH",14.967,102.083,188.0,1978-07-21,12.6,26.0,32.4,24.0
TH000048431,"NAKHON RATCHASIMA, TH",14.967,102.083,188.0,1978-07-22,0.2,26.6,30.5,22.6
TH000048431,"NAKHON RATCHASIMA, TH",14.967,102.083,188.0,1978-07-23,0.4,27.4,32.4,23.5
TH000048431,"NAKHON RATCHASIMA, TH",14.967,102.083,188.0,1978-07-24,0.0,28.8,34.3,23.4
TH000048431,"NAKHON RATCHASIMA, TH",14.967,102.083,188.0,1978-07-25,0.0,29.4,35.4,23.6
TH000048431,"NAKHON RATCHASIMA, TH",14.967,102.083,188.0,1978-07-26,0.0,31.2,36.2,23.9
TH000048431,"NAKHON RATCHASIMA, TH",14.967,102.083,188.0,1978-07-27,0.0,29.1,36.2,24.5
TH000048431,"NAKHON RATCHASIMA, TH",14.967,102.083,188.0,1978-07-28,0.0,30.1,36.0,23.5
TH000048431,"NAKHON RATCHASIMA, TH",14.967,102.083,188.0,1978-07-29,7.5,29.5,35.2,24.6
TH000048431,"NAKHON RATCHASIMA, TH",14.967,102.083,188.0,1978-07-30,8.7,27.2,33.0,24.5
TH000048431,"NAKHON RATCHASIMA, TH",14.967,102.083,188.0,1978-07-31,0.0,28.8,34.0,25.0
TH000048431,"NAKHON RATCHASIMA, TH",14.967,102.083,188.0,1978-08-01,0.0,29.7,34.5,24.9
TH000048431,"NAKHON RATCHASIMA, TH",14.967,102.083,188.0,1978-08-02,0.0,29.2,35.0,24.6
TH000048431,"NAKHON RATCHASIMA, TH",14.967,102.083,188.0,1978-08-03,3.1,28.1,35.4,24.4
TH000048431,"NAKHON RATCHASIMA, TH",14.967,102.083,188.0,1978-08-04,0.0,29.2,35.9,24.0
TH000048431,"NAKHON RATCHASIMA, TH",14.967,102.083,188.0,1978-08-05,0.1,29.2,35.5,24.4
TH000048431,"NAKHON RATCHASIMA, TH",14.967,102.083,188.0,1978-08-06,0.0,28.6,35.3,24.0
TH000048431,"NAKHON RATCHASIMA, TH",14.967,102.083,188.0,1978-08-07,0.0,28.4,33.5,25.0
TH000048431,"NAKHON RATCHASIMA, TH",14.967,102.083,188.0,1978-08-08,0.0,28.8,35.4,24.0
TH000048431,"NAKHON RATCHASIMA, TH",14.967,102.083,188.0,1978-08-09,2.1,27.6,32.8,24.9
TH000048431,"NAKHON RATCHASIMA, TH",14.967,102.083,188.0,1978-08-10,12.9,26.6,33.4,24.0
TH000048431,"NAKHON RATCHASIMA, TH",14.967,102.083,188.0,1978-08-11,4.6,25.9,29.9,22.8
TH000048431,"NAKHON RATCHASIMA, TH",14.967,102.083,188.0,1978-08-12,11.3,24.1,25.5,22.4
TH000048431,"NAKHON RATCHASIMA, TH",14.967,102.083,188.0,1978-08-13,0.9,24.9,26.3,22.5
TH000048431,"NAKHON RATCHASIMA, TH",14.967,102.083,188.0,1978-08-14,3.4,26.0,32.2,23.8
TH000048431,"NAKHON RATCHASIMA, TH",14.967,102.083,188.0,1978-08-15,1.2,28.7,33.6,23.8
TH000048431,"NAKHON RATCHASIMA, TH",14.967,102.083,188.0,1978-08-16,25.5,24.7,26.3,23.5
TH000048431,"NAKHON RATCHASIMA, TH",14.967,102.083,188.0,1978-08-17,7.7,26.1,32.8,23.8
TH000048431,"NAKHON RATCHASIMA, TH",14.967,102.083,188.0,1978-08-18,2.3,27.2,32.6,22.5
TH000048431,"NAKHON RATCHASIMA, TH",14.967,102.083,188.0,1978-08-19,0.0,28.4,33.9,23.0
TH000048431,"NAKHON RATCHASIMA, TH",14.967,102.083,188.0,1978-08-20,0.0,29.0,34.2,24.0
TH000048431,"NAKHON RATCHASIMA, TH",14.967,102.083,188.0,1978-08-21,0.0,28.3,33.4,24.4
TH000048431,"NAKHON RATCHASIMA, TH",14.967,102.083,188.0,1978-08-22,0.1,28.1,34.9,24.6
TH000048431,"NAKHON RATCHASIMA, TH",14.967,102.083,188.0,1978-08-23,0.0,29.0,34.5,23.1
TH000048431,"NAKHON RATCHASIMA, TH",14.967,102.083,188.0,1978-08-24,0.0,28.2,34.7,22.2
TH000048431,"NAKHON RATCHASIMA, TH",14.967,102.083,188.0,1978-08-25,0.4,27.7,32.7,23.0
TH000048431,"NAKHON RATCHASIMA, TH",14.967,102.083,188.0,1978-08-26,0.0,27.1,32.5,23.5
TH000048431,"NAKHON RATCHASIMA, TH",14.967,102.083,188.0,1978-08-27,0.0,30.0,35.2,22.9
TH000048431,"NAKHON RATCHASIMA, TH",14.967,102.083,188.0,1978-08-28,0.0,29.0,36.3,24.5
TH000048431,"NAKHON RATCHASIMA, TH",14.967,102.083,188.0,1978-08-29,0.0,29.1,36.5,22.8
TH000048431,"NAKHON RATCHASIMA, TH",14.967,102.083,188.0,1978-08-30,0.0,30.5,36.3,23.5
TH000048431,"NAKHON RATCHASIMA, TH",14.967,102.083,188.0,1978-08-31,0.5,28.0,34.7,24.4
TH000048431,"NAKHON RATCHASIMA, TH",14.967,102.083,188.0,1978-09-01,26.3,27.3,32.2,24.5
TH000048431,"NAKHON RATCHASIMA, TH",14.967,102.083,188.0,1978-09-02,0.2,27.2,32.5,22.5
TH000048431,"NAKHON RATCHASIMA, TH",14.967,102.083,188.0,1978-09-03,0.0,28.4,34.3,22.6
TH000048431,"NAKHON RATCHASIMA, TH",14.967,102.083,188.0,1978-09-04,0.0,29.7,35.8,23.1
TH000048431,"NAKHON RATCHASIMA, TH",14.967,102.083,188.0,1978-09-05,0.0,29.8,35.6,23.5
TH000048431,"NAKHON RATCHASIMA, TH",14.967,102.083,188.0,1978-09-06,0.0,30.8,36.4,24.1
TH000048431,"NAKHON RATCHASIMA, TH",14.967,102.083,188.0,1978-09-07,0.0,28.5,36.5,24.0
TH000048431,"NAKHON RATCHASIMA, TH",14.967,102.083,188.0,1978-09-08,0.5,27.4,35.0,24.4
TH000048431,"NAKHON RATCHASIMA, TH",14.967,102.083,188.0,1978-09-09,0.0,27.6,33.9,23.5
TH000048431,"NAKHON RATCHASIMA, TH",14.967,102.083,188.0,1978-09-10,19.1,27.8,34.4,24.0
TH000048431,"NAKHON RATCHASIMA, TH",14.967,102.083,188.0,1978-09-11,1.6,25.6,30.9,23.5
TH000048431,"NAKHON RATCHASIMA, TH",14.967,102.083,188.0,1978-09-12,0.0,26.7,32.0,22.9
TH000048431,"NAKHON RATCHASIMA, TH",14.967,102.083,188.0,1978-09-13,0.0,28.2,33.5,23.5
TH000048431,"NAKHON RATCHASIMA, TH",14.967,102.083,188.0,1978-09-14,13.2,29.2,34.2,23.0
TH000048431,"NAKHON RATCHASIMA, TH",14.967,102.083,188.0,1978-09-15,4.5,27.7,31.5,24.0
TH000048431,"NAKHON RATCHASIMA, TH",14.967,102.083,188.0,1978-09-16,4.0,26.5,29.5,23.1
TH000048431,"NAKHON RATCHASIMA, TH",14.967,102.083,188.0,1978-09-17,4.8,27.0,32.8,23.1
TH000048431,"NAKHON RATCHASIMA, TH",14.967,102.083,188.0,1978-09-18,6.8,24.8,27.2,22.6
TH000048431,"NAKHON RATCHASIMA, TH",14.967,102.083,188.0,1978-09-19,9.9,24.8,27.3,23.7
TH000048431,"NAKHON RATCHASIMA, TH",14.967,102.083,188.0,1978-09-20,13.9,24.3,29.2,22.2
TH000048431,"NAKHON RATCHASIMA, TH",14.967,102.083,188.0,1978-09-21,9.6,24.1,26.5,21.9
TH000048431,"NAKHON RATCHASIMA, TH",14.967,102.083,188.0,1978-09-22,4.5,27.1,32.0,22.4
TH000048431,"NAKHON RATCHASIMA, TH",14.967,102.083,188.0,1978-09-23,8.3,27.4,32.7,22.8
TH000048431,"NAKHON RATCHASIMA, TH",14.967,102.083,188.0,1978-09-24,0.2,27.1,31.8,22.3
TH000048431,"NAKHON RATCHASIMA, TH",14.967,102.083,188.0,1978-09-25,0.5,27.2,32.0,23.0
TH000048431,"NAKHON RATCHASIMA, TH",14.967,102.083,188.0,1978-09-26,0.0,28.1,32.2,22.9
TH000048431,"NAKHON RATCHASIMA, TH",14.967,102.083,188.0,1978-09-27,15.9,25.8,29.4,22.9
TH000048431,"NAKHON RATCHASIMA, TH",14.967,102.083,188.0,1978-09-28,1.6,26.1,30.8,22.6
TH000048431,"NAKHON RATCHASIMA, TH",14.967,102.083,188.0,1978-09-29,34.3,25.5,31.5,23.0
TH000048431,"NAKHON RATCHASIMA, TH",14.967,102.083,188.0,1978-09-30,19.6,24.4,28.0,23.0
TH000048431,"NAKHON RATCHASIMA, TH",14.967,102.083,188.0,1978-10-01,35.1,25.0,28.9,23.0
TH000048431,"NAKHON RATCHASIMA, TH",14.967,102.083,188.0,1978-10-02,0.0,25.4,31.8,22.7
TH000048431,"NAKHON RATCHASIMA, TH",14.967,102.083,188.0,1978-10-03,0.0,28.6,33.6,23.5
TH000048431,"NAKHON RATCHASIMA, TH",14.967,102.083,188.0,1978-10-04,0.7,28.7,33.4,23.2
TH000048431,"NAKHON RATCHASIMA, TH",14.967,102.083,188.0,1978-10-05,2.9,25.6,28.5,24.1
TH000048431,"NAKHON RATCHASIMA, TH",14.967,102.083,188.0,1978-10-06,21.1,26.7,30.4,22.1
TH000048431,"NAKHON RATCHASIMA, TH",14.967,102.083,188.0,1978-10-07,0.0,27.0,30.4,24.2
TH000048431,"NAKHON RATCHASIMA, TH",14.967,102.083,188.0,1978-10-08,0.0,28.4,31.8,23.5
TH000048431,"NAKHON RATCHASIMA, TH",14.967,102.083,188.0,1978-10-09,0.0,27.6,31.3,24.1
TH000048431,"NAKHON RATCHASIMA, TH",14.967,102.083,188.0,1978-10-10,0.0,26.8,30.5,23.1
TH000048431,"NAKHON RATCHASIMA, TH",14.967,102.083,188.0,1978-10-11,0.0,27.3,31.4,23.4
TH000048431,"NAKHON RATCHASIMA, TH",14.967,102.083,188.0,1978-10-12,0.0,26.6,31.3,23.7
TH000048431,"NAKHON RATCHASIMA, TH",14.967,102.083,188.0,1978-10-13,0.0,26.5,30.8,20.9
TH000048431,"NAKHON RATCHASIMA, TH",14.967,102.083,188.0,1978-10-14,0.0,27.0,31.7,22.3
TH000048431,"NAKHON RATCHASIMA, TH",14.967,102.083,188.0,1978-10-15,0.0,24.4,31.1,20.0
TH000048431,"NAKHON RATCHASIMA, TH",14.967,102.083,188.0,1978-10-16,0.0,24.8,30.1,17.9
TH000048431,"NAKHON RATCHASIMA, TH",14.967,102.083,188.0,1978-10-17,0.0,25.0,30.3,19.0
TH000048431,"NAKHON RATCHASIMA, TH",14.967,102.083,188.0,1978-10-18,0.0,26.0,31.0,19.9
TH000048431,"NAKHON RATCHASIMA, TH",14.967,102.083,188.0,1978-10-19,0.0,27.4,31.6,23.2
TH000048431,"NAKHON RATCHASIMA, TH",14.967,102.083,188.0,1978-10-20,0.0,25.8,31.5,23.1
TH000048431,"NAKHON RATCHASIMA, TH",14.967,102.083,188.0,1978-10-21,0.0,27.0,31.5,20.9
TH000048431,"NAKHON RATCHASIMA, TH",14.967,102.083,188.0,1978-10-22,19.0,28.7,31.7,22.5
TH000048431,"NAKHON RATCHASIMA, TH",14.967,102.083,188.0,1978-10-23,7.2,25.6,29.7,22.1
TH000048431,"NAKHON RATCHASIMA, TH",14.967,102.083,188.0,1978-10-24,0.5,25.8,29.6,22.2
TH000048431,"NAKHON RATCHASIMA, TH",14.967,102.083,188.0,1978-10-25,0.0,26.6,31.5,23.0
TH000048431,"NAKHON RATCHASIMA, TH",14.967,102.083,188.0,1978-10-26,0.0,27.6,31.6,24.0
TH000048431,"NAKHON RATCHASIMA, TH",14.967,102.083,188.0,1978-10-27,2.6,27.3,32.1,23.1
TH000048431,"NAKHON RATCHASIMA, TH",14.967,102.083,188.0,1978-10-28,0.0,25.4,30.0,23.4
TH000048431,"NAKHON RATCHASIMA, TH",14.967,102.083,188.0,1978-10-29,0.0,21.4,26.2,16.2
TH000048431,"NAKHON RATCHASIMA, TH",14.967,102.083,188.0,1978-10-30,0.0,22.6,25.6,18.0
TH000048431,"NAKHON RATCHASIMA, TH",14.967,102.083,188.0,1978-10-31,0.0,24.6,28.6,20.2
TH000048431,"NAKHON RATCHASIMA, TH",14.967,102.083,188.0,1978-11-01,0.0,23.8,28.4,19.0
TH000048431,"NAKHON RATCHASIMA, TH",14.967,102.083,188.0,1978-11-02,0.0,22.1,28.5,15.4
TH000048431,"NAKHON RATCHASIMA, TH",14.967,102.083,188.0,1978-11-03,0.0,24.2,28.2,15.5
TH000048431,"NAKHON RATCHASIMA, TH",14.967,102.083,188.0,1978-11-04,1.2,23.2,27.0,22.0
TH000048431,"NAKHON RATCHASIMA, TH",14.967,102.083,188.0,1978-11-05,16.9,23.4,25.0,21.3
TH000048431,"NAKHON RATCHASIMA, TH",14.967,102.083,188.0,1978-11-06,12.4,24.5,28.7,22.3
TH000048431,"NAKHON RATCHASIMA, TH",14.967,102.083,188.0,1978-11-07,0.0,25.8,30.0,22.4
TH000048431,"NAKHON RATCHASIMA, TH",14.967,102.083,188.0,1978-11-08,0.0,25.0,30.0,20.9
TH000048431,"NAKHON RATCHASIMA, TH",14.967,102.083,188.0,1978-11-09,0.0,25.2,30.7,20.3
TH000048431,"NAKHON RATCHASIMA, TH",14.967,102.083,188.0,1978-11-10,0.0,25.6,31.2,20.2
TH000048431,"NAKHON RATCHASIMA, TH",14.967,102.083,188.0,1978-11-11,0.0,27.2,31.3,21.6
TH000048431,"NAKHON RATCHASIMA, TH",14.967,102.083,188.0,1978-11-12,0.0,25.7,29.3,22.0
TH000048431,"NAKHON RATCHASIMA, TH",14.967,102.083,188.0,1978-11-13,0.0,23.6,28.1,20.2
TH000048431,"NAKHON RATCHASIMA, TH",14.967,102.083,188.0,1978-11-14,0.0,26.0,29.9,19.1
TH000048431,"NAKHON RATCHASIMA, TH",14.967,102.083,188.0,1978-11-15,0.0,26.2,29.8,20.0
TH000048431,"NAKHON RATCHASIMA, TH",14.967,102.083,188.0,1978-11-16,0.0,26.4,31.3,20.9
TH000048431,"NAKHON RATCHASIMA, TH",14.967,102.083,188.0,1978-11-17,0.0,25.4,29.9,23.0
TH000048431,"NAKHON RATCHASIMA, TH",14.967,102.083,188.0,1978-11-18,0.0,25.5,31.0,20.5
TH000048431,"NAKHON RATCHASIMA, TH",14.967,102.083,188.0,1978-11-19,0.0,25.4,30.8,19.9
TH000048431,"NAKHON RATCHASIMA, TH",14.967,102.083,188.0,1978-11-20,0.0,24.8,30.5,19.2
TH000048431,"NAKHON RATCHASIMA, TH",14.967,102.083,188.0,1978-11-21,0.0,24.8,30.8,19.5
TH000048431,"NAKHON RATCHASIMA, TH",14.967,102.083,188.0,1978-11-22,0.0,26.0,31.1,18.5
TH000048431,"NAKHON RATCHASIMA, TH",14.967,102.083,188.0,1978-11-23,0.0,24.4,31.1,18.0
TH000048431,"NAKHON RATCHASIMA, TH",14.967,102.083,188.0,1978-11-24,0.0,25.5,30.6,17.1
TH000048431,"NAKHON RATCHASIMA, TH",14.967,102.083,188.0,1978-11-25,0.0,23.5,30.9,16.8
TH000048431,"NAKHON RATCHASIMA, TH",14.967,102.083,188.0,1978-11-26,0.0,24.3,31.0,16.1
TH000048431,"NAKHON RATCHASIMA, TH",14.967,102.083,188.0,1978-11-27,0.0,24.6,30.7,17.0
TH000048431,"NAKHON RATCHASIMA, TH",14.967,102.083,188.0,1978-11-28,0.0,23.6,29.9,18.8
TH000048431,"NAKHON RATCHASIMA, TH",14.967,102.083,188.0,1978-11-29,0.0,22.3,27.9,16.5
TH000048431,"NAKHON RATCHASIMA, TH",14.967,102.083,188.0,1978-11-30,0.0,22.7,28.4,16.9
TH000048431,"NAKHON RATCHASIMA, TH",14.967,102.083,188.0,1978-12-01,0.0,22.6,29.0,15.6
TH000048431,"NAKHON RATCHASIMA, TH",14.967,102.083,188.0,1978-12-02,0.0,24.8,29.5,17.1
TH000048431,"NAKHON RATCHASIMA, TH",14.967,102.083,188.0,1978-12-03,0.0,21.9,28.4,17.8
TH000048431,"NAKHON RATCHASIMA, TH",14.967,102.083,188.0,1978-12-04,0.0,23.8,29.8,15.1
TH000048431,"NAKHON RATCHASIMA, TH",14.967,102.083,188.0,1978-12-05,0.0,24.5,28.7,20.4
TH000048431,"NAKHON RATCHASIMA, TH",14.967,102.083,188.0,1978-12-06,0.0,24.2,29.3,21.1
TH000048431,"NAKHON RATCHASIMA, TH",14.967,102.083,188.0,1978-12-07,0.0,25.2,30.8,19.2
TH000048431,"NAKHON RATCHASIMA, TH",14.967,102.083,188.0,1978-12-08,0.0,25.5,31.6,20.0
TH000048431,"NAKHON RATCHASIMA, TH",14.967,102.083,188.0,1978-12-09,0.0,25.5,32.0,20.5
TH000048431,"NAKHON RATCHASIMA, TH",14.967,102.083,188.0,1978-12-10,0.0,25.6,30.9,19.4
TH000048431,"NAKHON RATCHASIMA, TH",14.967,102.083,188.0,1978-12-11,0.0,25.0,29.0,19.0
TH000048431,"NAKHON RATCHASIMA, TH",14.967,102.083,188.0,1978-12-12,0.0,23.0,28.6,17.4
TH000048431,"NAKHON RATCHASIMA, TH",14.967,102.083,188.0,1978-12-13,0.0,23.3,29.9,16.7
TH000048431,"NAKHON RATCHASIMA, TH",14.967,102.083,188.0,1978-12-14,0.0,22.7,28.5,15.6
TH000048431,"NAKHON RATCHASIMA, TH",14.967,102.083,188.0,1978-12-15,0.0,20.0,26.8,12.5
TH000048431,"NAKHON RATCHASIMA, TH",14.967,102.083,188.0,1978-12-16,0.0,20.6,26.9,12.6
TH000048431,"NAKHON RATCHASIMA, TH",14.967,102.083,188.0,1978-12-17,0.0,21.6,28.2,12.5
TH000048431,"NAKHON RATCHASIMA, TH",14.967,102.083,188.0,1978-12-18,0.0,22.3,29.4,13.6
TH000048431,"NAKHON RATCHASIMA, TH",14.967,102.083,188.0,1978-12-19,0.0,23.0,29.7,13.3
TH000048431,"NAKHON RATCHASIMA, TH",14.967,102.083,188.0,1978-12-20,0.0,22.8,29.7,14.5
TH000048431,"NAKHON RATCHASIMA, TH",14.967,102.083,188.0,1978-12-21,0.0,24.3,31.2,15.5
TH000048431,"NAKHON RATCHASIMA, TH",14.967,102.083,188.0,1978-12-22,0.0,25.5,31.0,19.2
TH000048431,"NAKHON RATCHASIMA, TH",14.967,102.083,188.0,1978-12-23,0.0,25.0,30.1,18.8
TH000048431,"NAKHON RATCHASIMA, TH",14.967,102.083,188.0,1978-12-24,0.0,23.4,30.0,16.5
TH000048431,"NAKHON RATCHASIMA, TH",14.967,102.083,188.0,1978-12-25,0.0,25.0,31.9,14.7
TH000048431,"NAKHON RATCHASIMA, TH",14.967,102.083,188.0,1978-12-26,0.0,26.4,34.5,17.1
TH000048431,"NAKHON RATCHASIMA, TH",14.967,102.083,188.0,1978-12-27,0.0,25.3,34.1,18.9
TH000048431,"NAKHON RATCHASIMA, TH",14.967,102.083,188.0,1978-12-28,0.0,25.5,32.2,17.4
TH000048431,"NAKHON RATCHASIMA, TH",14.967,102.083,188.0,1978-12-29,0.0,25.0,31.1,16.9
TH000048431,"NAKHON RATCHASIMA, TH",14.967,102.083,188.0,1978-12-30,0.0,23.6,30.2,15.0
TH000048431,"NAKHON RATCHASIMA, TH",14.967,102.083,188.0,1978-12-31,0.0,23.3,30.7,15.4
TH000048431,"NAKHON RATCHASIMA, TH",14.967,102.083,188.0,1979-01-01,0.0,25.2,32.1,16.6
TH000048431,"NAKHON RATCHASIMA, TH",14.967,102.083,188.0,1979-01-02,0.0,25.8,32.0,17.0
TH000048431,"NAKHON RATCHASIMA, TH",14.967,102.083,188.0,1979-01-03,0.0,24.3,32.2,16.6
TH000048431,"NAKHON RATCHASIMA, TH",14.967,102.083,188.0,1979-01-04,0.0,24.4,32.5,16.7
TH000048431,"NAKHON RATCHASIMA, TH",14.967,102.083,188.0,1979-01-05,0.0,26.3,33.6,16.9
TH000048431,"NAKHON RATCHASIMA, TH",14.967,102.083,188.0,1979-01-06,0.0,27.1,35.0,18.8
TH000048431,"NAKHON RATCHASIMA, TH",14.967,102.083,188.0,1979-01-07,0.0,28.5,34.1,21.0
TH000048431,"NAKHON RATCHASIMA, TH",14.967,102.083,188.0,1979-01-08,0.0,23.8,29.3,22.2
TH000048431,"NAKHON RATCHASIMA, TH",14.967,102.083,188.0,1979-01-09,0.0,26.7,31.9,18.8
TH000048431,"NAKHON RATCHASIMA, TH",14.967,102.083,188.0,1979-01-10,0.0,25.4,33.1,22.5
TH000048431,"NAKHON RATCHASIMA, TH",14.967,102.083,188.0,1979-01-11,0.0,27.4,35.2,21.5
TH000048431,"NAKHON RATCHASIMA, TH",14.967,102.083,188.0,1979-01-12,0.0,27.3,34.8,21.4
TH000048431,"NAKHON RATCHASIMA, TH",14.967,102.083,188.0,1979-01-13,0.0,26.5,34.1,22.0
TH000048431,"NAKHON RATCHASIMA, TH",14.967,102.083,188.0,1979-01-14,0.0,28.3,34.6,20.4
TH000048431,"NAKHON RATCHASIMA, TH",14.967,102.083,188.0,1979-01-15,0.0,26.0,34.3,20.5
TH000048431,"NAKHON RATCHASIMA, TH",14.967,102.083,188.0,1979-01-16,0.0,23.8,31.4,19.5
TH000048431,"NAKHON RATCHASIMA, TH",14.967,102.083,188.0,1979-01-17,0.0,26.0,34.1,16.9
TH000048431,"NAKHON RATCHASIMA, TH",14.967,102.083,188.0,1979-01-18,0.0,25.9,35.2,18.4
TH000048431,"NAKHON RATCHASIMA, TH",14.967,102.083,188.0,1979-01-19,0.0,25.2,33.7,20.4
TH000048431,"NAKHON RATCHASIMA, TH",14.967,102.083,188.0,1979-01-20,0.0,25.8,32.9,20.0
TH000048431,"NAKHON RATCHASIMA, TH",14.967,102.083,188.0,1979-01-21,0.0,27.0,33.1,18.4
TH000048431,"NAKHON RATCHASIMA, TH",14.967,102.083,188.0,1979-01-22,0.0,25.7,32.7,18.5
TH000048431,"NAKHON RATCHASIMA, TH",14.967,102.083,188.0,1979-01-23,0.0,26.1,33.5,18.6
TH000048431,"NAKHON RATCHASIMA, TH",14.967,102.083,188.0,1979-01-24,0.0,26.5,33.1,18.1
TH000048431,"NAKHON RATCHASIMA, TH",14.967,102.083,188.0,1979-01-25,0.0,25.5,32.7,17.9
TH000048431,"NAKHON RATCHASIMA, TH",14.967,102.083,188.0,1979-01-26,0.0,22.3,33.7,16.6
TH000048431,"NAKHON RATCHASIMA, TH",14.967,102.083,188.0,1979-01-27,0.0,26.8,35.8,16.5
TH000048431,"NAKHON RATCHASIMA, TH",14.967,102.083,188.0,1979-01-28,0.0,28.3,35.4,20.9
TH000048431,"NAKHON RATCHASIMA, TH",14.967,102.083,188.0,1979-01-29,0.0,28.6,35.6,20.4
TH000048431,"NAKHON RATCHASIMA, TH",14.967,102.083,188.0,1979-01-30,0.0,28.6,36.9,20.5
TH000048431,"NAKHON RATCHASIMA, TH",14.967,102.083,188.0,1979-01-31,0.0,28.0,37.1,20.1
TH000048431,"NAKHON RATCHASIMA, TH",14.967,102.083,188.0,1979-02-01,0.0,20.8,25.6,17.4
TH000048431,"NAKHON RATCHASIMA, TH",14.967,102.083,188.0,1979-02-02,0.0,23.3,30.4,15.5
TH000048431,"NAKHON RATCHASIMA, TH",14.967,102.083,188.0,1979-02-03,0.0,25.8,34.9,17.6
TH000048431,"NAKHON RATCHASIMA, TH",14.967,102.083,188.0,1979-02-04,0.0,29.4,35.9,19.5
TH000048431,"NAKHON RATCHASIMA, TH",14.967,102.083,188.0,1979-02-05,0.0,27.6,34.6,22.1
TH000048431,"NAKHON RATCHASIMA, TH",14.967,102.083,188.0,1979-02-06,0.0,25.8,32.1,20.5
TH000048431,"NAKHON RATCHASIMA, TH",14.967,102.083,188.0,1979-02-07,0.0,25.1,33.2,18.1
TH000048431,"NAKHON RATCHASIMA, TH",14.967,102.083,188.0,1979-02-08,0.0,27.3,35.3,18.5
TH000048431,"NAKHON RATCHASIMA, TH",14.967,102.083,188.0,1979-02-09,0.0,28.6,35.9,19.6
TH000048431,"NAKHON RATCHASIMA, TH",14.967,102.083,188.0,1979-02-10,4.9,28.2,34.6,22.4
TH000048431,"NAKHON RATCHASIMA, TH",14.967,102.083,188.0,1979-02-11,0.0,26.8,34.4,21.3
TH000048431,"NAKHON RATCHASIMA, TH",14.967,102.083,188.0,1979-02-12,1.8,27.2,36.0,20.5
TH000048431,"NAKHON RATCHASIMA, TH",14.967,102.083,188.0,1979-02-13,0.0,28.9,37.4,21.2
TH000048431,"NAKHON RATCHASIMA, TH",14.967,102.083,188.0,1979-02-14,0.0,29.3,36.3,20.9
TH000048431,"NAKHON RATCHASIMA, TH",14.967,102.083,188.0,1979-02-15,0.0,28.4,34.2,23.9
TH000048431,"NAKHON RATCHASIMA, TH",14.967,102.083,188.0,1979-02-16,0.0,27.6,33.8,21.9
TH000048431,"NAKHON RATCHASIMA, TH",14.967,102.083,188.0,1979-02-17,0.0,29.0,36.1,19.5
TH000048431,"NAKHON RATCHASIMA, TH",14.967,102.083,188.0,1979-02-18,0.0,30.5,36.9,21.3
TH000048431,"NAKHON RATCHASIMA, TH",14.967,102.083,188.0,1979-02-19,0.0,29.8,38.2,23.5
TH000048431,"NAKHON RATCHASIMA, TH",14.967,102.083,188.0,1979-02-20,0.0,31.0,39.3,22.1
TH000048431,"NAKHON RATCHASIMA, TH",14.967,102.083,188.0,1979-02-21,0.0,31.2,39.4,21.0
TH000048431,"NAKHON RATCHASIMA, TH",14.967,102.083,188.0,1979-02-22,0.0,30.4,39.8,19.4
TH000048431,"NAKHON RATCHASIMA, TH",14.967,102.083,188.0,1979-02-23,0.0,28.4,38.6,20.2
TH000048431,"NAKHON RATCHASIMA, TH",14.967,102.083,188.0,1979-02-24,0.0,29.8,38.5,21.5
TH000048431,"NAKHON RATCHASIMA, TH",14.967,102.083,188.0,1979-02-25,0.0,29.9,39.3,20.1
TH000048431,"NAKHON RATCHASIMA, TH",14.967,102.083,188.0,1979-02-26,0.0,30.3,40.1,22.5
TH000048431,"NAKHON RATCHASIMA, TH",14.967,102.083,188.0,1979-02-27,0.0,30.4,38.4,23.5
TH000048431,"NAKHON RATCHASIMA, TH",14.967,102.083,188.0,1979-02-28,0.0,29.1,35.5,23.9
TH000048431,"NAKHON RATCHASIMA, TH",14.967,102.083,188.0,1979-03-01,0.0,28.3,35.7,22.8
TH000048431,"NAKHON RATCHASIMA, TH",14.967,102.083,188.0,1979-03-02,0.0,27.5,35.1,21.4
TH000048431,"NAKHON RATCHASIMA, TH",14.967,102.083,188.0,1979-03-03,0.0,29.4,37.1,20.2
TH000048431,"NAKHON RATCHASIMA, TH",14.967,102.083,188.0,1979-03-04,0.0,29.9,38.1,20.5
TH000048431,"NAKHON RATCHASIMA, TH",14.967,102.083,188.0,1979-03-05,0.0,30.4,40.0,22.5
TH000048431,"NAKHON RATCHASIMA, TH",14.967,102.083,188.0,1979-03-06,0.0,31.4,41.0,23.3
TH000048431,"NAKHON RATCHASIMA, TH",14.967,102.083,188.0,1979-03-07,0.0,30.4,41.1,24.0
TH000048431,"NAKHON RATCHASIMA, TH",14.967,102.083,188.0,1979-03-08,0.0,30.4,41.2,20.4
TH000048431,"NAKHON RATCHASIMA, TH",14.967,102.083,188.0,1979-03-09,0.0,30.9,41.7,18.9
TH000048431,"NAKHON RATCHASIMA, TH",14.967,102.083,188.0,1979-03-10,0.0,31.7,40.8,20.3
TH000048431,"NAKHON RATCHASIMA, TH",14.967,102.083,188.0,1979-03-11,0.0,31.5,40.3,22.3
TH000048431,"NAKHON RATCHASIMA, TH",14.967,102.083,188.0,1979-03-12,0.0,32.4,40.9,22.0
TH000048431,"NAKHON RATCHASIMA, TH",14.967,102.083,188.0,1979-03-13,0.0,30.4,41.7,22.1
TH000048431,"NAKHON RATCHASIMA, TH",14.967,102.083,188.0,1979-03-14,0.0,31.5,41.3,20.7
TH000048431,"NAKHON RATCHASIMA, TH",14.967,102.083,188.0,1979-03-15,0.0,32.2,39.6,24.1
TH000048431,"NAKHON RATCHASIMA, TH",14.967,102.083,188.0,1979-03-16,0.0,31.0,40.5,23.8
TH000048431,"NAKHON RATCHASIMA, TH",14.967,102.083,188.0,1979-03-17,0.0,31.5,40.1,23.0
TH000048431,"NAKHON RATCHASIMA, TH",14.967,102.083,188.0,1979-03-18,0.0,33.7,40.6,24.0
TH000048431,"NAKHON RATCHASIMA, TH",14.967,102.083,188.0,1979-03-19,0.0,31.5,41.4,25.0
TH000048431,"NAKHON RATCHASIMA, TH",14.967,102.083,188.0,1979-03-20,0.0,33.2,41.0,23.4
TH000048431,"NAKHON RATCHASIMA, TH",14.967,102.083,188.0,1979-03-21,0.0,32.8,41.7,24.0
TH000048431,"NAKHON RATCHASIMA, TH",14.967,102.083,188.0,1979-03-22,0.0,32.0,41.5,24.4
TH000048431,"NAKHON RATCHASIMA, TH",14.967,102.083,188.0,1979-03-23,0.0,32.0,40.9,23.8
TH000048431,"NAKHON RATCHASIMA, TH",14.967,102.083,188.0,1979-03-24,0.0,32.6,41.1,24.0
TH000048431,"NAKHON RATCHASIMA, TH",14.967,102.083,188.0,1979-03-25,0.0,30.2,38.2,25.4
TH000048431,"NAKHON RATCHASIMA, TH",14.967,102.083,188.0,1979-03-26,0.0,32.3,39.5,24.5
TH000048431,"NAKHON RATCHASIMA, TH",14.967,102.083,188.0,1979-03-27,0.0,32.5,41.0,25.2
TH000048431,"NAKHON RATCHASIMA, TH",14.967,102.083,188.0,1979-03-28,0.0,31.0,40.2,27.3
TH000048431,"NAKHON RATCHASIMA, TH",14.967,102.083,188.0,1979-03-29,0.0,31.3,40.3,25.0
TH000048431,"NAKHON RATCHASIMA, TH",14.967,102.083,188.0,1979-03-30,0.0,32.2,41.7,22.7
TH000048431,"NAKHON RATCHASIMA, TH",14.967,102.083,188.0,1979-03-31,0.0,35.6,42.3,22.5
TH000048431,"NAKHON RATCHASIMA, TH",14.967,102.083,188.0,1979-04-01,0.0,33.6,42.3,22.6
TH000048431,"NAKHON RATCHASIMA, TH",14.967,102.083,188.0,1979-04-02,0.0,32.8,42.5,23.0
TH000048431,"NAKHON RATCHASIMA, TH",14.967,102.083,188.0,1979-04-03,0.0,32.3,41.6,23.5
TH000048431,"NAKHON RATCHASIMA, TH",14.967,102.083,188.0,1979-04-04,0.0,33.2,40.3,25.2
TH000048431,"NAKHON RATCHASIMA, TH",14.967,102.083,188.0,1979-04-05,0.0,33.4,40.8,25.0
TH000048431,"NAKHON RATCHASIMA, TH",14.967,102.083,188.0,1979-04-06,0.0,34.7,41.9,25.1
TH000048431,"NAKHON RATCHASIMA, TH",14.967,102.083,188.0,1979-04-07,0.0,35.3,42.7,25.1
TH000048431,"NAKHON RATCHASIMA, TH",14.967,102.083,188.0,1979-04-08,0.0,34.3,42.4,25.5
TH000048431,"NAKHON RATCHASIMA, TH",14.967,102.083,188.0,1979-04-09,0.0,33.2,41.8,27.5
TH000048431,"NAKHON RATCHASIMA, TH",14.967,102.083,188.0,1979-04-10,0.1,26.5,31.6,27.4
TH000048431,"NAKHON RATCHASIMA, TH",14.967,102.083,188.0,1979-04-11,0.0,30.7,35.6,23.0
TH000048431,"NAKHON RATCHASIMA, TH",14.967,102.083,188.0,1979-04-12,0.0,31.4,38.6,25.9
TH000048431,"NAKHON RATCHASIMA, TH",14.967,102.083,188.0,1979-04-13,12.3,29.9,32.4,24.5
TH000048431,"NAKHON RATCHASIMA, TH",14.967,102.083,188.0,1979-04-14,0.2,25.6,29.6,22.9
TH000048431,"NAKHON RATCHASIMA, TH",14.967,102.083,188.0,1979-04-15,0.0,28.4,34.7,22.5
TH000048431,"NAKHON RATCHASIMA, TH",14.967,102.083,188.0,1979-04-16,0.0,31.8,36.9,23.9
TH000048431,"NAKHON RATCHASIMA, TH",14.967,102.083,188.0,1979-04-17,0.0,31.8,38.6,25.5
TH000048431,"NAKHON RATCHASIMA, TH",14.967,102.083,188.0,1979-04-18,0.7,31.2,38.8,26.0
TH000048431,"NAKHON RATCHASIMA, TH",14.967,102.083,188.0,1979-04-19,0.0,30.2,40.3,26.0
TH000048431,"NAKHON RATCHASIMA, TH",14.967,102.083,188.0,1979-04-20,0.1,29.6,38.3,25.9
TH000048431,"NAKHON RATCHASIMA, TH",14.967,102.083,188.0,1979-04-21,0.0,30.4,34.7,24.6
TH000048431,"NAKHON RATCHASIMA, TH",14.967,102.083,188.0,1979-04-22,0.0,30.0,36.2,24.2
TH000048431,"NAKHON RATCHASIMA, TH",14.967,102.083,188.0,1979-04-23,0.9,29.6,37.6,24.4
TH000048431,"NAKHON RATCHASIMA, TH",14.967,102.083,188.0,1979-04-24,7.6,28.2,35.0,25.7
TH000048431,"NAKHON RATCHASIMA, TH",14.967,102.083,188.0,1979-04-25,0.0,29.8,35.9,23.1
TH000048431,"NAKHON RATCHASIMA, TH",14.967,102.083,188.0,1979-04-26,0.0,29.8,38.8,26.3
TH000048431,"NAKHON RATCHASIMA, TH",14.967,102.083,188.0,1979-04-27,0.0,29.2,36.0,25.7
TH000048431,"NAKHON RATCHASIMA, TH",14.967,102.083,188.0,1979-04-28,10.6,27.8,35.2,24.5
TH000048431,"NAKHON RATCHASIMA, TH",14.967,102.083,188.0,1979-04-29,16.8,27.2,36.4,24.0
TH000048431,"NAKHON RATCHASIMA, TH",14.967,102.083,188.0,1979-04-30,1.7,27.9,34.9,24.0
TH000048431,"NAKHON RATCHASIMA, TH",14.967,102.083,188.0,1979-05-01,0.0,29.7,36.6,24.8
TH000048431,"NAKHON RATCHASIMA, TH",14.967,102.083,188.0,1979-05-02,5.2,31.0,37.0,25.0
TH000048431,"NAKHON RATCHASIMA, TH",14.967,102.083,188.0,1979-05-03,0.3,29.6,35.5,24.8
TH000048431,"NAKHON RATCHASIMA, TH",14.967,102.083,188.0,1979-05-04,0.0,29.2,37.2,24.3
TH000048431,"NAKHON RATCHASIMA, TH",14.967,102.083,188.0,1979-05-05,0.0,31.2,38.0,25.6
TH000048431,"NAKHON RATCHASIMA, TH",14.967,102.083,188.0,1979-05-06,0.0,32.0,38.1,26.0
TH000048431,"NAKHON RATCHASIMA, TH",14.967,102.083,188.0,1979-05-07,13.6,28.5,38.0,25.0
TH000048431,"NAKHON RATCHASIMA, TH",14.967,102.083,188.0,1979-05-08,0.5,28.1,36.0,24.5
TH000048431,"NAKHON RATCHASIMA, TH",14.967,102.083,188.0,1979-05-09,9.5,27.0,32.8,25.5
TH000048431,"NAKHON RATCHASIMA, TH",14.967,102.083,188.0,1979-05-10,5.7,28.4,36.9,24.7
TH000048431,"NAKHON RATCHASIMA, TH",14.967,102.083,188.0,1979-05-11,0.3,30.0,36.1,24.4
TH000048431,"NAKHON RATCHASIMA, TH",14.967,102.083,188.0,1979-05-12,0.0,29.3,36.6,25.5
TH000048431,"NAKHON RATCHASIMA, TH",14.967,102.083,188.0,1979-05-13,0.0,31.0,36.5,25.1
TH000048431,"NAKHON RATCHASIMA, TH",14.967,102.083,188.0,1979-05-14,0.0,32.8,38.4,26.0
TH000048431,"NAKHON RATCHASIMA, TH",14.967,102.083,188.0,1979-05-15,0.0,32.2,38.4,27.0
TH000048431,"NAKHON RATCHASIMA, TH",14.967,102.083,188.0,1979-05-16,0.0,31.0,36.0,26.8
TH000048431,"NAKHON RATCHASIMA, TH",14.967,102.083,188.0,1979-05-17,0.2,30.2,35.6,25.0
TH000048431,"NAKHON RATCHASIMA, TH",14.967,102.083,188.0,1979-05-18,9.2,27.8,36.8,25.5
TH000048431,"NAKHON RATCHASIMA, TH",14.967,102.083,188.0,1979-05-19,0.0,26.7,30.5,24.0
TH000048431,"NAKHON RATCHASIMA, TH",14.967,102.083,188.0,1979-05-20,7.9,26.3,30.3,24.0
TH000048431,"NAKHON RATCHASIMA, TH",14.967,102.083,188.0,1979-05-21,25.0,26.2,30.1,23.5
TH000048431,"NAKHON RATCHASIMA, TH",14.967,102.083,188.0,1979-05-22,17.8,25.7,29.9,23.6
TH000048431,"NAKHON RATCHASIMA, TH",14.967,102.083,188.0,1979-05-23,2.5,27.5,31.8,23.4
TH000048431,"NAKHON RATCHASIMA, TH",14.967,102.083,188.0,1979-05-24,0.0,28.3,33.5,24.1
TH000048431,"NAKHON RATCHASIMA, TH",14.967,102.083,188.0,1979-05-25,0.0,30.4,35.1,25.0
TH000048431,"NAKHON RATCHASIMA, TH",14.967,102.083,188.0,1979-05-26,0.0,30.5,35.9,24.5
TH000048431,"NAKHON RATCHASIMA, TH",14.967,102.083,188.0,1979-05-27,0.0,31.5,36.4,25.4
TH000048431,"NAKHON RATCHASIMA, TH",14.967,102.083,188.0,1979-05-28,0.0,31.4,36.7,26.0
TH000048431,"NAKHON RATCHASIMA, TH",14.967,102.083,188.0,1979-05-29,0.0,31.6,37.5,26.3
TH000048431,"NAKHON RATCHASIMA, TH",14.967,102.083,188.0,1979-05-30,2.2,29.4,36.7,26.1
TH000048431,"NAKHON RATCHASIMA, TH",14.967,102.083,188.0,1979-05-31,0.0,30.0,36.0,25.5
TH000048431,"NAKHON RATCHASIMA, TH",14.967,102.083,188.0,1979-06-01,0.0,30.1,36.2,26.3
TH000048431,"NAKHON RATCHASIMA, TH",14.967,102.083,188.0,1979-06-02,0.2,30.8,36.5,25.2
TH000048431,"NAKHON RATCHASIMA, TH",14.967,102.083,188.0,1979-06-03,0.0,28.6,36.5,25.2
TH000048431,"NAKHON RATCHASIMA, TH",14.967,102.083,188.0,1979-06-04,13.2,28.4,34.8,25.7
TH000048431,"NAKHON RATCHASIMA, TH",14.967,102.083,188.0,1979-06-05,0.0,29.8,35.2,24.8
TH000048431,"NAKHON RATCHASIMA, TH",14.967,102.083,188.0,1979-06-06,1.3,28.6,36.0,25.5
TH000048431,"NAKHON RATCHASIMA, TH",14.967,102.083,188.0,1979-06-07,9.4,26.2,31.4,24.5
TH000048431,"NAKHON RATCHASIMA, TH",14.967,102.083,188.0,1979-06-08,0.0,29.4,35.2,24.9
TH000048431,"NAKHON RATCHASIMA, TH",14.967,102.083,188.0,1979-06-09,7.4,28.4,35.4,25.5
TH000048431,"NAKHON RATCHASIMA, TH",14.967,102.083,188.0,1979-06-10,0.0,29.0,34.5,25.1
TH000048431,"NAKHON RATCHASIMA, TH",14.967,102.083,188.0,1979-06-11,0.5,28.2,34.3,25.2
TH000048431,"NAKHON RATCHASIMA, TH",14.967,102.083,188.0,1979-06-12,11.8,25.6,30.4,24.0
TH000048431,"NAKHON RATCHASIMA, TH",14.967,102.083,188.0,1979-06-13,5.5,27.0,31.4,23.6
TH000048431,"NAKHON RATCHASIMA, TH",14.967,102.083,188.0,1979-06-14,0.4,26.8,31.8,24.7
TH000048431,"NAKHON RATCHASIMA, TH",14.967,102.083,188.0,1979-06-15,0.0,27.4,32.5,24.5
TH000048431,"NAKHON RATCHASIMA, TH",14.967,102.083,188.0,1979-06-16,0.5,30.0,31.7,25.0
TH000048431,"NAKHON RATCHASIMA, TH",14.967,102.083,188.0,1979-06-17,8.5,28.1,35.6,25.0
TH000048431,"NAKHON RATCHASIMA, TH",14.967,102.083,188.0,1979-06-18,11.0,29.3,35.6,24.5
TH000048431,"NAKHON RATCHASIMA, TH",14.967,102.083,188.0,1979-06-19,3.1,28.4,34.1,25.2
TH000048431,"NAKHON RATCHASIMA, TH",14.967,102.083,188.0,1979-06-20,1.7,27.6,33.5,25.3
TH000048431,"NAKHON RATCHASIMA, TH",14.967,102.083,188.0,1979-06-21,0.0,28.4,32.5,24.8
TH000048431,"NAKHON RATCHASIMA, TH",14.967,102.083,188.0,1979-06-22,0.0,28.3,33.0,25.4
TH000048431,"NAKHON RATCHASIMA, TH",14.967,102.083,188.0,1979-06-23,0.0,28.0,32.0,25.2
TH000048431,"NAKHON RATCHASIMA, TH",14.967,102.083,188.0,1979-06-24,0.9,28.8,32.1,25.7
TH000048431,"NAKHON RATCHASIMA, TH",14.967,102.083,188.0,1979-06-25,0.1,28.4,32.3,25.0
TH000048431,"NAKHON RATCHASIMA, TH",14.967,102.083,188.0,1979-06-26,0.0,29.5,35.7,24.5
TH000048431,"NAKHON RATCHASIMA, TH",14.967,102.083,188.0,1979-06-27,1.9,28.0,34.5,24.8
TH000048431,"NAKHON RATCHASIMA, TH",14.967,102.083,188.0,1979-06-28,0.9,27.8,33.2,25.2
TH000048431,"NAKHON RATCHASIMA, TH",14.967,102.083,188.0,1979-06-29,7.4,28.7,34.2,24.5
TH000048431,"NAKHON RATCHASIMA, TH",14.967,102.083,188.0,1979-06-30,0.4,28.8,34.4,24.1
TH000048431,"NAKHON RATCHASIMA, TH",14.967,102.083,188.0,1979-07-01,3.7,27.4,33.8,23.5
TH000048431,"NAKHON RATCHASIMA, TH",14.967,102.083,188.0,1979-07-02,0.0,28.0,31.5,23.5
TH000048431,"NAKHON RATCHASIMA, TH",14.967,102.083,188.0,1979-07-03,0.0,29.4,34.2,24.3
TH000048431,"NAKHON RATCHASIMA, TH",14.967,102.083,188.0,1979-07-04,0.0,29.5,35.1,24.0
TH000048431,"NAKHON RATCHASIMA, TH",14.967,102.083,188.0,1979-07-05,0.0,29.1,33.6,25.4
TH000048431,"NAKHON RATCHASIMA, TH",14.967,102.083,188.0,1979-07-06,0.0,30.0,35.2,24.9
TH000048431,"NAKHON RATCHASIMA, TH",14.967,102.083,188.0,1979-07-07,0.0,28.8,34.7,24.5
TH000048431,"NAKHON RATCHASIMA, TH",14.967,102.083,188.0,1979-07-08,0.0,29.6,34.7,25.0
TH000048431,"NAKHON RATCHASIMA, TH",14.967,102.083,188.0,1979-07-09,0.0,30.3,34.9,25.0
TH000048431,"NAKHON RATCHASIMA, TH",14.967,102.083,188.0,1979-07-10,0.0,30.0,35.9,24.9
TH000048431,"NAKHON RATCHASIMA, TH",14.967,102.083,188.0,1979-07-11,8.9,27.8,33.3,25.2
TH000048431,"NAKHON RATCHASIMA, TH",14.967,102.083,188.0,1979-07-12,0.0,28.8,34.1,24.7
TH000048431,"NAKHON RATCHASIMA, TH",14.967,102.083,188.0,1979-07-13,0.7,28.4,35.9,23.9
TH000048431,"NAKHON RATCHASIMA, TH",14.967,102.083,188.0,1979-07-14,0.0,30.6,37.2,24.4
TH000048431,"NAKHON RATCHASIMA, TH",14.967,102.083,188.0,1979-07-15,33.3,27.9,37.4,24.4
TH000048431,"NAKHON RATCHASIMA, TH",14.967,102.083,188.0,1979-07-16,0.7,28.2,35.4,23.6
TH000048431,"NAKHON RATCHASIMA, TH",14.967,102.083,188.0,1979-07-17,0.0,29.0,35.7,24.6
TH000048431,"NAKHON RATCHASIMA, TH",14.967,102.083,188.0,1979-07-18,0.0,30.5,36.1,24.4
TH000048431,"NAKHON RATCHASIMA, TH",14.967,102.083,188.0,1979-07-19,0.0,31.7,36.7,24.6
TH000048431,"NAKHON RATCHASIMA, TH",14.967,102.083,188.0,1979-07-20,0.8,30.6,37.3,24.8
TH000048431,"NAKHON RATCHASIMA, TH",14.967,102.083,188.0,1979-07-21,0.0,30.7,36.2,25.4
TH000048431,"NAKHON RATCHASIMA, TH",14.967,102.083,188.0,1979-07-22,1.1,27.8,35.8,25.0
TH000048431,"NAKHON RATCHASIMA, TH",14.967,102.083,188.0,1979-07-23,0.1,28.4,34.3,24.5
TH000048431,"NAKHON RATCHASIMA, TH",14.967,102.083,188.0,1979-07-24,0.0,29.9,35.4,24.1
TH000048431,"NAKHON RATCHASIMA, TH",14.967,102.083,188.0,1979-07-25,0.0,29.1,36.2,25.0
TH000048431,"NAKHON RATCHASIMA, TH",14.967,102.083,188.0,1979-07-26,0.0,30.2,36.5,25.5
TH000048431,"NAKHON RATCHASIMA, TH",14.967,102.083,188.0,1979-07-27,8.5,27.0,33.7,24.5
TH000048431,"NAKHON RATCHASIMA, TH",14.967,102.083,188.0,1979-07-28,0.0,28.5,33.3,23.7
TH000048431,"NAKHON RATCHASIMA, TH",14.967,102.083,188.0,1979-07-29,0.0,28.8,35.5,23.8
TH000048431,"NAKHON RATCHASIMA, TH",14.967,102.083,188.0,1979-07-30,0.0,29.4,34.5,24.0
TH000048431,"NAKHON RATCHASIMA, TH",14.967,102.083,188.0,1979-07-31,0.0,29.8,34.6,24.4
TH000048431,"NAKHON RATCHASIMA, TH",14.967,102.083,188.0,1979-08-01,0.0,29.1,33.7,24.8
TH000048431,"NAKHON RATCHASIMA, TH",14.967,102.083,188.0,1979-08-02,3.3,27.8,35.4,24.6
TH000048431,"NAKHON RATCHASIMA, TH",14.967,102.083,188.0,1979-08-03,0.0,28.2,31.4,24.2
TH000048431,"NAKHON RATCHASIMA, TH",14.967,102.083,188.0,1979-08-04,0.0,28.2,33.5,24.9
TH000048431,"NAKHON RATCHASIMA, TH",14.967,102.083,188.0,1979-08-05,0.0,28.5,32.9,25.6
TH000048431,"NAKHON RATCHASIMA, TH",14.967,102.083,188.0,1979-08-06,0.0,28.6,33.7,25.5
TH000048431,"NAKHON RATCHASIMA, TH",14.967,102.083,188.0,1979-08-07,3.6,27.4,31.7,25.0
TH000048431,"NAKHON RATCHASIMA, TH",14.967,102.083,188.0,1979-08-08,9.1,27.3,29.9,23.5
TH000048431,"NAKHON RATCHASIMA, TH",14.967,102.083,188.0,1979-08-09,26.5,24.6,26.4,23.3
TH000048431,"NAKHON RATCHASIMA, TH",14.967,102.083,188.0,1979-08-10,0.4,26.6,29.9,23.1
TH000048431,"NAKHON RATCHASIMA, TH",14.967,102.083,188.0,1979-08-11,0.0,28.3,32.4,24.0
TH000048431,"NAKHON RATCHASIMA, TH",14.967,102.083,188.0,1979-08-12,0.0,28.5,33.7,23.8
TH000048431,"NAKHON RATCHASIMA, TH",14.967,102.083,188.0,1979-08-13,5.3,29.2,35.0,23.9
TH000048431,"NAKHON RATCHASIMA, TH",14.967,102.083,188.0,1979-08-14,0.0,29.4,34.4,24.0
TH000048431,"NAKHON RATCHASIMA, TH",14.967,102.083,188.0,1979-08-15,0.1,28.4,34.7,24.5
TH000048431,"NAKHON RATCHASIMA, TH",14.967,102.083,188.0,1979-08-16,0.0,27.9,30.5,24.9
TH000048431,"NAKHON RATCHASIMA, TH",14.967,102.083,188.0,1979-08-17,0.0,27.6,34.0,25.3
TH000048431,"NAKHON RATCHASIMA, TH",14.967,102.083,188.0,1979-08-18,0.9,29.6,34.6,24.5
TH000048431,"NAKHON RATCHASIMA, TH",14.967,102.083,188.0,1979-08-19,0.0,29.2,33.6,24.3
TH000048431,"NAKHON RATCHASIMA, TH",14.967,102.083,188.0,1979-08-20,0.0,29.0,35.4,24.2
TH000048431,"NAKHON RATCHASIMA, TH",14.967,102.083,188.0,1979-08-21,0.0,30.3,36.8,24.5
TH000048431,"NAKHON RATCHASIMA, TH",14.967,102.083,188.0,1979-08-22,0.0,29.0,35.5,24.7
TH000048431,"NAKHON RATCHASIMA, TH",14.967,102.083,188.0,1979-08-23,0.0,31.0,37.2,24.5
TH000048431,"NAKHON RATCHASIMA, TH",14.967,102.083,188.0,1979-08-24,0.0,30.0,36.0,24.6
TH000048431,"NAKHON RATCHASIMA, TH",14.967,102.083,188.0,1979-08-25,2.1,27.8,33.4,25.2
TH000048431,"NAKHON RATCHASIMA, TH",14.967,102.083,188.0,1979-08-26,2.4,26.5,33.1,23.7
TH000048431,"NAKHON RATCHASIMA, TH",14.967,102.083,188.0,1979-08-27,0.0,28.6,31.6,24.1
TH000048431,"NAKHON RATCHASIMA, TH",14.967,102.083,188.0,1979-08-28,0.0,29.3,36.3,22.9
TH000048431,"NAKHON RATCHASIMA, TH",14.967,102.083,188.0,1979-08-29,0.0,29.2,36.7,24.4
TH000048431,"NAKHON RATCHASIMA, TH",14.967,102.083,188.0,1979-08-30,3.8,28.0,36.2,23.2
TH000048431,"NAKHON RATCHASIMA, TH",14.967,102.083,188.0,1979-08-31,4.7,28.2,35.0,24.2
TH000048431,"NAKHON RATCHASIMA, TH",14.967,102.083,188.0,1979-09-01,0.6,27.9,33.9,23.5
TH000048431,"NAKHON RATCHASIMA, TH",14.967,102.083,188.0,1979-09-02,0.0,27.5,32.4,23.4
TH000048431,"NAKHON RATCHASIMA, TH",14.967,102.083,188.0,1979-09-03,0.6,26.9,33.5,23.6
TH000048431,"NAKHON RATCHASIMA, TH",14.967,102.083,188.0,1979-09-04,0.0,28.4,34.2,23.8
TH000048431,"NAKHON RATCHASIMA, TH",14.967,102.083,188.0,1979-09-05,0.0,28.5,34.8,23.3
TH000048431,"NAKHON RATCHASIMA, TH",14.967,102.083,188.0,1979-09-06,27.2,26.0,35.6,22.2
TH000048431,"NAKHON RATCHASIMA, TH",14.967,102.083,188.0,1979-09-07,0.0,27.5,32.9,23.4
TH000048431,"NAKHON RATCHASIMA, TH",14.967,102.083,188.0,1979-09-08,0.0,29.0,34.1,23.2
TH000048431,"NAKHON RATCHASIMA, TH",14.967,102.083,188.0,1979-09-09,0.0,29.0,36.2,23.5
TH000048431,"NAKHON RATCHASIMA, TH",14.967,102.083,188.0,1979-09-10,0.0,28.7,34.9,23.9
TH000048431,"NAKHON RATCHASIMA, TH",14.967,102.083,188.0,1979-09-11,0.0,29.2,35.9,24.3
TH000048431,"NAKHON RATCHASIMA, TH",14.967,102.083,188.0,1979-09-12,15.1,29.2,34.3,25.3
TH000048431,"NAKHON RATCHASIMA, TH",14.967,102.083,188.0,1979-09-13,0.0,27.3,31.7,23.4
TH000048431,"NAKHON RATCHASIMA, TH",14.967,102.083,188.0,1979-09-14,0.3,27.0,34.1,24.0
TH000048431,"NAKHON RATCHASIMA, TH",14.967,102.083,188.0,1979-09-15,0.0,27.4,34.0,24.0
TH000048431,"NAKHON RATCHASIMA, TH",14.967,102.083,188.0,1979-09-16,0.0,28.4,33.0,23.9
TH000048431,"NAKHON RATCHASIMA, TH",14.967,102.083,188.0,1979-09-17,0.1,27.8,32.5,25.5
TH000048431,"NAKHON RATCHASIMA, TH",14.967,102.083,188.0,1979-09-18,10.4,27.0,33.6,23.8
TH000048431,"NAKHON RATCHASIMA, TH",14.967,102.083,188.0,1979-09-19,0.0,26.7,32.3,23.6
TH000048431,"NAKHON RATCHASIMA, TH",14.967,102.083,188.0,1979-09-20,0.0,27.6,32.5,25.0
TH000048431,"NAKHON RATCHASIMA, TH",14.967,102.083,188.0,1979-09-21,0.0,28.6,33.7,23.8
TH000048431,"NAKHON RATCHASIMA, TH",14.967,102.083,188.0,1979-09-22,5.1,27.7,31.1,24.9
TH000048431,"NAKHON RATCHASIMA, TH",14.967,102.083,188.0,1979-09-23,51.9,25.4,27.2,23.5
TH000048431,"NAKHON RATCHASIMA, TH",14.967,102.083,188.0,1979-09-24,27.6,24.5,27.2,23.3
TH000048431,"NAKHON RATCHASIMA, TH",14.967,102.083,188.0,1979-09-25,41.7,25.3,30.5,23.0
TH000048431,"NAKHON RATCHASIMA, TH",14.967,102.083,188.0,1979-09-26,13.3,26.8,30.7,23.6
TH000048431,"NAKHON RATCHASIMA, TH",14.967,102.083,188.0,1979-09-27,1.6,26.6,29.1,24.5
TH000048431,"NAKHON RATCHASIMA, TH",14.967,102.083,188.0,1979-09-28,5.1,28.7,31.5,24.4
TH000048431,"NAKHON RATCHASIMA, TH",14.967,102.083,188.0,1979-09-29,28.9,25.7,30.5,23.5
TH000048431,"NAKHON RATCHASIMA, TH",14.967,102.083,188.0,1979-09-30,0.0,26.1,30.4,23.0
TH000048431,"NAKHON RATCHASIMA, TH",14.967,102.083,188.0,1979-10-01,0.0,28.2,31.6,22.8
TH000048431,"NAKHON RATCHASIMA, TH",14.967,102.083,188.0,1979-10-02,0.0,28.2,32.4,22.7
TH000048431,"NAKHON RATCHASIMA, TH",14.967,102.083,188.0,1979-10-03,0.0,28.2,32.0,22.6
TH000048431,"NAKHON RATCHASIMA, TH",14.967,102.083,188.0,1979-10-04,0.0,27.8,31.4,23.8
TH000048431,"NAKHON RATCHASIMA, TH",14.967,102.083,188.0,1979-10-05,0.0,26.4,31.1,24.1
TH000048431,"NAKHON RATCHASIMA, TH",14.967,102.083,188.0,1979-10-06,0.0,26.0,30.4,22.7
TH000048431,"NAKHON RATCHASIMA, TH",14.967,102.083,188.0,1979-10-07,0.0,25.2,29.7,20.5
TH000048431,"NAKHON RATCHASIMA, TH",14.967,102.083,188.0,1979-10-08,0.0,25.0,30.5,20.2
TH000048431,"NAKHON RATCHASIMA, TH",14.967,102.083,188.0,1979-10-09,0.0,25.6,30.1,19.6
TH000048431,"NAKHON RATCHASIMA, TH",14.967,102.083,188.0,1979-10-10,0.0,26.4,30.5,21.2
TH000048431,"NAKHON RATCHASIMA, TH",14.967,102.083,188.0,1979-10-11,0.0,25.7,30.9,20.7
TH000048431,"NAKHON RATCHASIMA, TH",14.967,102.083,188.0,1979-10-12,0.0,25.7,30.4,19.5
TH000048431,"NAKHON RATCHASIMA, TH",14.967,102.083,188.0,1979-10-13,0.0,24.4,31.2,19.2
TH000048431,"NAKHON RATCHASIMA, TH",14.967,102.083,188.0,1979-10-14,0.0,26.2,31.7,19.9
TH000048431,"NAKHON RATCHASIMA, TH",14.967,102.083,188.0,1979-10-15,0.0,26.5,32.2,20.6
TH000048431,"NAKHON RATCHASIMA, TH",14.967,102.083,188.0,1979-10-16,0.0,26.0,31.6,22.0
TH000048431,"NAKHON RATCHASIMA, TH",14.967,102.083,188.0,1979-10-17,0.0,25.0,31.5,20.0
TH000048431,"NAKHON RATCHASIMA, TH",14.967,102.083,188.0,1979-10-18,0.0,25.1,31.2,18.6
TH000048431,"NAKHON RATCHASIMA, TH",14.967,102.083,188.0,1979-10-19,0.0,24.9,31.5,19.0
TH000048431,"NAKHON RATCHASIMA, TH",14.967,102.083,188.0,1979-10-20,0.0,26.2,31.4,18.4
TH000048431,"NAKHON RATCHASIMA, TH",14.967,102.083,188.0,1979-10-21,0.0,26.1,30.4,21.1
TH000048431,"NAKHON RATCHASIMA, TH",14.967,102.083,188.0,1979-10-22,0.0,25.1,28.3,21.4
TH000048431,"NAKHON RATCHASIMA, TH",14.967,102.083,188.0,1979-10-23,0.0,26.4,30.4,21.8
TH000048431,"NAKHON RATCHASIMA, TH",14.967,102.083,188.0,1979-10-24,0.0,27.5,32.3,22.1
TH000048431,"NAKHON RATCHASIMA, TH",14.967,102.083,188.0,1979-10-25,0.0,28.0,33.1,23.7
TH000048431,"NAKHON RATCHASIMA, TH",14.967,102.083,188.0,1979-10-26,48.4,27.8,34.6,22.8
TH000048431,"NAKHON RATCHASIMA, TH",14.967,102.083,188.0,1979-10-27,0.0,25.9,29.7,20.9
TH000048431,"NAKHON RATCHASIMA, TH",14.967,102.083,188.0,1979-10-28,0.0,25.9,30.7,22.1
TH000048431,"NAKHON RATCHASIMA, TH",14.967,102.083,188.0,1979-10-29,0.0,26.5,31.6,21.7
TH000048431,"NAKHON RATCHASIMA, TH",14.967,102.083,188.0,1979-10-30,0.0,25.7,30.4,21.6
TH000048431,"NAKHON RATCHASIMA, TH",14.967,102.083,188.0,1979-10-31,0.0,25.0,30.0,19.1
TH000048431,"NAKHON RATCHASIMA, TH",14.967,102.083,188.0,1979-11-01,0.0,24.8,30.1,20.9
TH000048431,"NAKHON RATCHASIMA, TH",14.967,102.083,188.0,1979-11-02,0.0,24.5,30.2,20.1
TH000048431,"NAKHON RATCHASIMA, TH",14.967,102.083,188.0,1979-11-03,0.0,25.0,30.7,18.2
TH000048431,"NAKHON RATCHASIMA, TH",14.967,102.083,188.0,1979-11-04,0.0,26.8,32.4,19.9
TH000048431,"NAKHON RATCHASIMA, TH",14.967,102.083,188.0,1979-11-05,0.0,26.8,32.2,20.6
TH000048431,"NAKHON RATCHASIMA, TH",14.967,102.083,188.0,1979-11-06,0.0,26.2,31.3,20.7
TH000048431,"NAKHON RATCHASIMA, TH",14.967,102.083,188.0,1979-11-07,0.0,24.6,31.0,20.3
TH000048431,"NAKHON RATCHASIMA, TH",14.967,102.083,188.0,1979-11-08,0.0,24.6,31.5,17.9
TH000048431,"NAKHON RATCHASIMA, TH",14.967,102.083,188.0,1979-11-09,0.0,24.8,31.9,18.2
TH000048431,"NAKHON RATCHASIMA, TH",14.967,102.083,188.0,1979-11-10,0.0,25.1,32.5,18.2
TH000048431,"NAKHON RATCHASIMA, TH",14.967,102.083,188.0,1979-11-11,0.0,25.5,32.3,18.2
TH000048431,"NAKHON RATCHASIMA, TH",14.967,102.083,188.0,1979-11-12,1.1,28.0,32.5,18.2
TH000048431,"NAKHON RATCHASIMA, TH",14.967,102.083,188.0,1979-11-13,0.0,25.6,30.4,22.1
TH000048431,"NAKHON RATCHASIMA, TH",14.967,102.083,188.0,1979-11-14,0.0,24.1,28.8,20.6
TH000048431,"NAKHON RATCHASIMA, TH",14.967,102.083,188.0,1979-11-15,0.0,23.8,29.0,17.5
TH000048431,"NAKHON RATCHASIMA, TH",14.967,102.083,188.0,1979-11-16,0.0,25.9,30.9,18.7
TH000048431,"NAKHON RATCHASIMA, TH",14.967,102.083,188.0,1979-11-17,0.0,27.8,32.3,21.6
TH000048431,"NAKHON RATCHASIMA, TH",14.967,102.083,188.0,1979-11-18,0.0,23.8,29.7,22.5
TH000048431,"NAKHON RATCHASIMA, TH",14.967,102.083,188.0,1979-11-19,0.0,21.6,26.8,17.5
TH000048431,"NAKHON RATCHASIMA, TH",14.967,102.083,188.0,1979-11-20,0.0,23.0,28.0,16.8
TH000048431,"NAKHON RATCHASIMA, TH",14.967,102.083,188.0,1979-11-21,0.0,25.7,31.3,18.0
TH000048431,"NAKHON RATCHASIMA, TH",14.967,102.083,188.0,1979-11-22,0.0,25.9,31.3,20.7
TH000048431,"NAKHON RATCHASIMA, TH",14.967,102.083,188.0,1979-11-23,0.0,24.8,28.0,19.5
TH000048431,"NAKHON RATCHASIMA, TH",14.967,102.083,188.0,1979-11-24,0.0,22.0,27.4,15.8
TH000048431,"NAKHON RATCHASIMA, TH",14.967,102.083,188.0,1979-11-25,0.0,22.0,27.2,17.4
TH000048431,"NAKHON RATCHASIMA, TH",14.967,102.083,188.0,1979-11-26,0.0,21.4,26.9,15.2
TH000048431,"NAKHON RATCHASIMA, TH",14.967,102.083,188.0,1979-11-27,0.0,22.4,27.8,15.9
TH000048431,"NAKHON RATCHASIMA, TH",14.967,102.083,188.0,1979-11-28,0.0,21.3,26.6,15.2
TH000048431,"NAKHON RATCHASIMA, TH",14.967,102.083,188.0,1979-11-29,0.0,20.4,27.0,14.6
TH000048431,"NAKHON RATCHASIMA, TH",14.967,102.083,188.0,1979-11-30,0.0,22.8,28.0,14.6
TH000048431,"NAKHON RATCHASIMA, TH",14.967,102.083,188.0,1979-12-01,0.0,23.7,29.1,17.1
TH000048431,"NAKHON RATCHASIMA, TH",14.967,102.083,188.0,1979-12-02,0.0,22.6,27.8,14.9
TH000048431,"NAKHON RATCHASIMA, TH",14.967,102.083,188.0,1979-12-03,0.0,23.7,29.6,16.9
TH000048431,"NAKHON RATCHASIMA, TH",14.967,102.083,188.0,1979-12-04,0.0,25.0,31.5,18.0
TH000048431,"NAKHON RATCHASIMA, TH",14.967,102.083,188.0,1979-12-05,0.0,25.8,32.4,18.5
TH000048431,"NAKHON RATCHASIMA, TH",14.967,102.083,188.0,1979-12-06,0.0,25.4,31.5,19.4
TH000048431,"NAKHON RATCHASIMA, TH",14.967,102.083,188.0,1979-12-07,0.0,24.3,30.3,18.4
TH000048431,"NAKHON RATCHASIMA, TH",14.967,102.083,188.0,1979-12-08,0.0,23.6,29.6,16.3
TH000048431,"NAKHON RATCHASIMA, TH",14.967,102.083,188.0,1979-12-09,0.0,23.9,29.4,16.6
TH000048431,"NAKHON RATCHASIMA, TH",14.967,102.083,188.0,1979-12-10,0.0,22.9,29.7,19.4
TH000048431,"NAKHON RATCHASIMA, TH",14.967,102.083,188.0,1979-12-11,0.0,22.3,29.5,15.1
TH000048431,"NAKHON RATCHASIMA, TH",14.967,102.083,188.0,1979-12-12,0.0,23.2,28.4,16.7
TH000048431,"NAKHON RATCHASIMA, TH",14.967,102.083,188.0,1979-12-13,0.0,22.5,28.7,16.0
TH000048431,"NAKHON RATCHASIMA, TH",14.967,102.083,188.0,1979-12-14,0.0,22.0,29.0,17.9
TH000048431,"NAKHON RATCHASIMA, TH",14.967,102.083,188.0,1979-12-15,0.0,22.3,28.6,15.4
TH000048431,"NAKHON RATCHASIMA, TH",14.967,102.083,188.0,1979-12-16,0.0,21.6,28.8,14.8
TH000048431,"NAKHON RATCHASIMA, TH",14.967,102.083,188.0,1979-12-17,0.0,22.1,28.1,14.8
TH000048431,"NAKHON RATCHASIMA, TH",14.967,102.083,188.0,1979-12-18,0.0,23.6,31.8,15.9
TH000048431,"NAKHON RATCHASIMA, TH",14.967,102.083,188.0,1979-12-19,0.0,24.8,32.4,17.6
TH000048431,"NAKHON RATCHASIMA, TH",14.967,102.083,188.0,1979-12-20,0.0,26.2,33.5,18.3
TH000048431,"NAKHON RATCHASIMA, TH",14.967,102.083,188.0,1979-12-21,0.0,27.0,33.6,19.9
TH000048431,"NAKHON RATCHASIMA, TH",14.967,102.083,188.0,1979-12-22,0.0,27.0,34.3,20.5
TH000048431,"NAKHON RATCHASIMA, TH",14.967,102.083,188.0,1979-12-23,0.0,27.5,33.9,20.1
TH000048431,"NAKHON RATCHASIMA, TH",14.967,102.083,188.0,1979-12-24,0.0,25.7,30.6,22.1
TH000048431,"NAKHON RATCHASIMA, TH",14.967,102.083,188.0,1979-12-25,0.0,22.5,28.9,17.9
TH000048431,"NAKHON RATCHASIMA, TH",14.967,102.083,188.0,1979-12-26,0.0,20.9,27.0,15.5
TH000048431,"NAKHON RATCHASIMA, TH",14.967,102.083,188.0,1979-12-27,0.0,21.2,27.4,12.9
TH000048431,"NAKHON RATCHASIMA, TH",14.967,102.083,188.0,1979-12-28,0.0,20.6,29.0,13.1
TH000048431,"NAKHON RATCHASIMA, TH",14.967,102.083,188.0,1979-12-29,0.0,22.8,29.8,14.5
TH000048431,"NAKHON RATCHASIMA, TH",14.967,102.083,188.0,1979-12-30,0.0,23.6,32.5,14.2
TH000048431,"NAKHON RATCHASIMA, TH",14.967,102.083,188.0,1979-12-31,0.0,25.4,34.3,16.5
TH000048431,"NAKHON RATCHASIMA, TH",14.967,102.083,188.0,1980-01-01,0.0,26.3,34.0,17.3
TH000048431,"NAKHON RATCHASIMA, TH",14.967,102.083,188.0,1980-01-02,0.0,26.0,35.1,18.8
TH000048431,"NAKHON RATCHASIMA, TH",14.967,102.083,188.0,1980-01-03,0.0,27.2,34.5,19.0
TH000048431,"NAKHON RATCHASIMA, TH",14.967,102.083,188.0,1980-01-04,0.0,26.0,33.3,17.5
TH000048431,"NAKHON RATCHASIMA, TH",14.967,102.083,188.0,1980-01-05,0.0,24.1,29.9,17.3
TH000048431,"NAKHON RATCHASIMA, TH",14.967,102.083,188.0,1980-01-06,0.0,23.8,30.0,17.0
TH000048431,"NAKHON RATCHASIMA, TH",14.967,102.083,188.0,1980-01-07,0.0,23.0,29.5,16.4
TH000048431,"NAKHON RATCHASIMA, TH",14.967,102.083,188.0,1980-01-08,0.0,21.5,28.3,17.1
TH000048431,"NAKHON RATCHASIMA, TH",14.967,102.083,188.0,1980-01-09,0.0,23.0,29.7,15.1
TH000048431,"NAKHON RATCHASIMA, TH",14.967,102.083,188.0,1980-01-10,0.0,22.2,31.5,15.0
TH000048431,"NAKHON RATCHASIMA, TH",14.967,102.083,188.0,1980-01-11,0.0,23.0,32.5,15.5
TH000048431,"NAKHON RATCHASIMA, TH",14.967,102.083,188.0,1980-01-12,0.0,24.8,33.6,16.9
TH000048431,"NAKHON RATCHASIMA, TH",14.967,102.083,188.0,1980-01-13,0.0,24.9,33.8,17.1
TH000048431,"NAKHON RATCHASIMA, TH",14.967,102.083,188.0,1980-01-14,0.0,25.3,31.5,17.5
TH000048431,"NAKHON RATCHASIMA, TH",14.967,102.083,188.0,1980-01-15,0.0,25.3,29.7,19.5
TH000048431,"NAKHON RATCHASIMA, TH",14.967,102.083,188.0,1980-01-16,0.0,24.3,30.3,18.5
TH000048431,"NAKHON RATCHASIMA, TH",14.967,102.083,188.0,1980-01-17,0.0,25.1,32.2,16.8
TH000048431,"NAKHON RATCHASIMA, TH",14.967,102.083,188.0,1980-01-18,0.0,23.0,30.0,18.9
TH000048431,"NAKHON RATCHASIMA, TH",14.967,102.083,188.0,1980-01-19,0.0,23.6,30.4,15.4
TH000048431,"NAKHON RATCHASIMA, TH",14.967,102.083,188.0,1980-01-20,0.0,22.9,30.7,16.0
TH000048431,"NAKHON RATCHASIMA, TH",14.967,102.083,188.0,1980-01-21,0.0,23.1,31.2,17.0
TH000048431,"NAKHON RATCHASIMA, TH",14.967,102.083,188.0,1980-01-22,0.0,23.2,29.8,15.8
TH000048431,"NAKHON RATCHASIMA, TH",14.967,102.083,188.0,1980-01-23,0.0,22.4,30.7,14.8
TH000048431,"NAKHON RATCHASIMA, TH",14.967,102.083,188.0,1980-01-24,0.0,23.1,31.2,15.3
TH000048431,"NAKHON RATCHASIMA, TH",14.967,102.083,188.0,1980-01-25,0.0,25.2,31.5,16.4
TH000048431,"NAKHON RATCHASIMA, TH",14.967,102.083,188.0,1980-01-26,0.0,23.9,33.4,15.0
TH000048431,"NAKHON RATCHASIMA, TH",14.967,102.083,188.0,1980-01-27,0.0,25.6,34.7,16.6
TH000048431,"NAKHON RATCHASIMA, TH",14.967,102.083,188.0,1980-01-28,0.0,26.4,35.0,17.4
TH000048431,"NAKHON RATCHASIMA, TH",14.967,102.083,188.0,1980-01-29,0.0,25.6,35.2,16.9
TH000048431,"NAKHON RATCHASIMA, TH",14.967,102.083,188.0,1980-01-30,0.0,26.1,34.5,17.6
TH000048431,"NAKHON RATCHASIMA, TH",14.967,102.083,188.0,1980-01-31,0.0,23.8,29.6,17.5
TH000048431,"NAKHON RATCHASIMA, TH",14.967,102.083,188.0,1980-02-01,0.0,23.7,30.7,17.1
TH000048431,"NAKHON RATCHASIMA, TH",14.967,102.083,188.0,1980-02-02,0.0,26.0,34.0,18.3
TH000048431,"NAKHON RATCHASIMA, TH",14.967,102.083,188.0,1980-02-03,0.0,26.9,34.0,19.3
TH000048431,"NAKHON RATCHASIMA, TH",14.967,102.083,188.0,1980-02-04,0.0,27.8,36.0,18.8
TH000048431,"NAKHON RATCHASIMA, TH",14.967,102.083,188.0,1980-02-05,0.0,28.8,35.5,19.7
TH000048431,"NAKHON RATCHASIMA, TH",14.967,102.083,188.0,1980-02-06,0.0,28.3,34.3,23.5
TH000048431,"NAKHON RATCHASIMA, TH",14.967,102.083,188.0,1980-02-07,0.0,28.1,34.4,23.4
TH000048431,"NAKHON RATCHASIMA, TH",14.967,102.083,188.0,1980-02-08,0.0,27.0,32.3,23.0
TH000048431,"NAKHON RATCHASIMA, TH",14.967,102.083,188.0,1980-02-09,0.1,22.1,26.0,18.5
TH000048431,"NAKHON RATCHASIMA, TH",14.967,102.083,188.0,1980-02-10,0.0,24.4,30.0,18.5
TH000048431,"NAKHON RATCHASIMA, TH",14.967,102.083,188.0,1980-02-11,0.0,24.4,31.1,18.6
TH000048431,"NAKHON RATCHASIMA, TH",14.967,102.083,188.0,1980-02-12,0.0,25.0,30.4,18.4
TH000048431,"NAKHON RATCHASIMA, TH",14.967,102.083,188.0,1980-02-13,0.0,24.2,30.4,18.6
TH000048431,"NAKHON RATCHASIMA, TH",14.967,102.083,188.0,1980-02-14,0.0,24.1,30.5,17.0
TH000048431,"NAKHON RATCHASIMA, TH",14.967,102.083,188.0,1980-02-15,0.0,24.2,30.0,17.3
TH000048431,"NAKHON RATCHASIMA, TH",14.967,102.083,188.0,1980-02-16,0.0,22.5,30.6,15.2
TH000048431,"NAKHON RATCHASIMA, TH",14.967,102.083,188.0,1980-02-17,0.0,24.3,31.4,15.4
TH000048431,"NAKHON RATCHASIMA, TH",14.967,102.083,188.0,1980-02-18,0.0,26.8,33.4,19.0
TH000048431,"NAKHON RATCHASIMA, TH",14.967,102.083,188.0,1980-02-19,0.0,28.2,35.0,21.5
TH000048431,"NAKHON RATCHASIMA, TH",14.967,102.083,188.0,1980-02-20,0.0,30.7,35.5,22.6
TH000048431,"NAKHON RATCHASIMA, TH",14.967,102.083,188.0,1980-02-21,0.0,28.5,35.3,23.5
TH000048431,"NAKHON RATCHASIMA, TH",14.967,102.083,188.0,1980-02-22,0.0,28.3,34.0,24.3
TH000048431,"NAKHON RATCHASIMA, TH",14.967,102.083,188.0,1980-02-23,5.0,27.3,34.6,22.6
TH000048431,"NAKHON RATCHASIMA, TH",14.967,102.083,188.0,1980-02-24,0.9,28.0,35.3,21.7
TH000048431,"NAKHON RATCHASIMA, TH",14.967,102.083,188.0,1980-02-25,0.0,29.0,36.3,23.1
TH000048431,"NAKHON RATCHASIMA, TH",14.967,102.083,188.0,1980-02-26,0.0,29.2,36.6,22.9
TH000048431,"NAKHON RATCHASIMA, TH",14.967,102.083,188.0,1980-02-27,0.0,28.3,36.6,21.2
TH000048431,"NAKHON RATCHASIMA, TH",14.967,102.083,188.0,1980-02-28,0.0,28.8,37.8,19.2
TH000048431,"NAKHON RATCHASIMA, TH",14.967,102.083,188.0,1980-02-29,0.0,30.3,37.4,24.4
TH000048431,"NAKHON RATCHASIMA, TH",14.967,102.083,188.0,1980-03-01,0.0,29.5,36.4,23.2
TH000048431,"NAKHON RATCHASIMA, TH",14.967,102.083,188.0,1980-03-02,0.0,29.1,37.3,24.3
TH000048431,"NAKHON RATCHASIMA, TH",14.967,102.083,188.0,1980-03-03,0.0,29.4,36.2,24.1
TH000048431,"NAKHON RATCHASIMA, TH",14.967,102.083,188.0,1980-03-04,0.0,29.0,36.7,22.5
TH000048431,"NAKHON RATCHASIMA, TH",14.967,102.083,188.0,1980-03-05,0.0,29.8,36.6,23.0
TH000048431,"NAKHON RATCHASIMA, TH",14.967,102.083,188.0,1980-03-06,0.0,29.9,37.5,23.0
TH000048431,"NAKHON RATCHASIMA, TH",14.967,102.083,188.0,1980-03-07,0.0,30.4,37.7,22.0
TH000048431,"NAKHON RATCHASIMA, TH",14.967,102.083,188.0,1980-03-08,0.0,30.9,38.1,22.0
TH000048431,"NAKHON RATCHASIMA, TH",14.967,102.083,188.0,1980-03-09,0.0,31.0,39.0,22.2
TH000048431,"NAKHON RATCHASIMA, TH",14.967,102.083,188.0,1980-03-10,0.0,30.6,38.6,23.1
TH000048431,"NAKHON RATCHASIMA, TH",14.967,102.083,188.0,1980-03-11,0.0,31.8,38.5,24.4
TH000048431,"NAKHON RATCHASIMA, TH",14.967,102.083,188.0,1980-03-12,5.4,30.9,37.6,25.0
TH000048431,"NAKHON RATCHASIMA, TH",14.967,102.083,188.0,1980-03-13,0.9,27.8,34.1,23.2
TH000048431,"NAKHON RATCHASIMA, TH",14.967,102.083,188.0,1980-03-14,0.0,29.7,35.7,23.3
TH000048431,"NAKHON RATCHASIMA, TH",14.967,102.083,188.0,1980-03-15,65.4,28.0,36.6,24.0
TH000048431,"NAKHON RATCHASIMA, TH",14.967,102.083,188.0,1980-03-16,0.9,24.7,27.5,21.9
TH000048431,"NAKHON RATCHASIMA, TH",14.967,102.083,188.0,1980-03-17,0.0,28.2,33.2,22.5
TH000048431,"NAKHON RATCHASIMA, TH",14.967,102.083,188.0,1980-03-18,0.0,29.0,35.5,23.7
TH000048431,"NAKHON RATCHASIMA, TH",14.967,102.083,188.0,1980-03-19,0.0,29.3,36.5,23.1
TH000048431,"NAKHON RATCHASIMA, TH",14.967,102.083,188.0,1980-03-20,0.0,30.4,37.2,23.3
TH000048431,"NAKHON RATCHASIMA, TH",14.967,102.083,188.0,1980-03-21,0.0,29.9,35.6,23.4
TH000048431,"NAKHON RATCHASIMA, TH",14.967,102.083,188.0,1980-03-22,0.0,30.9,37.0,24.9
TH000048431,"NAKHON RATCHASIMA, TH",14.967,102.083,188.0,1980-03-23,0.2,27.6,32.1,25.9
TH000048431,"NAKHON RATCHASIMA, TH",14.967,102.083,188.0,1980-03-24,0.0,29.1,34.1,24.3
TH000048431,"NAKHON RATCHASIMA, TH",14.967,102.083,188.0,1980-03-25,0.0,29.5,34.7,25.2
TH000048431,"NAKHON RATCHASIMA, TH",14.967,102.083,188.0,1980-03-26,0.0,30.0,35.4,24.2
TH000048431,"NAKHON RATCHASIMA, TH",14.967,102.083,188.0,1980-03-27,0.0,28.4,33.6,24.5
TH000048431,"NAKHON RATCHASIMA, TH",14.967,102.083,188.0,1980-03-28,0.0,29.9,36.1,23.6
TH000048431,"NAKHON RATCHASIMA, TH",14.967,102.083,188.0,1980-03-29,0.0,31.8,38.6,25.3
TH000048431,"NAKHON RATCHASIMA, TH",14.967,102.083,188.0,1980-03-30,9.8,29.2,37.4,26.0
TH000048431,"NAKHON RATCHASIMA, TH",14.967,102.083,188.0,1980-03-31,0.0,30.4,36.5,25.4
TH000048431,"NAKHON RATCHASIMA, TH",14.967,102.083,188.0,1980-04-01,14.1,28.4,37.2,24.0
TH000048431,"NAKHON RATCHASIMA, TH",14.967,102.083,188.0,1980-04-02,0.0,26.8,30.5,21.9
TH000048431,"NAKHON RATCHASIMA, TH",14.967,102.083,188.0,1980-04-03,0.0,29.6,34.5,24.4
TH000048431,"NAKHON RATCHASIMA, TH",14.967,102.083,188.0,1980-04-04,0.0,29.6,36.2,25.4
TH000048431,"NAKHON RATCHASIMA, TH",14.967,102.083,188.0,1980-04-05,0.0,30.9,37.6,24.9
TH000048431,"NAKHON RATCHASIMA, TH",14.967,102.083,188.0,1980-04-06,0.0,29.6,37.4,26.0
TH000048431,"NAKHON RATCHASIMA, TH",14.967,102.083,188.0,1980-04-07,11.4,27.9,32.5,21.9
TH000048431,"NAKHON RATCHASIMA, TH",14.967,102.083,188.0,1980-04-08,0.0,30.0,35.3,25.0
TH000048431,"NAKHON RATCHASIMA, TH",14.967,102.083,188.0,1980-04-09,0.0,30.0,35.7,25.3
TH000048431,"NAKHON RATCHASIMA, TH",14.967,102.083,188.0,1980-04-10,0.0,31.0,37.7,25.7
TH000048431,"NAKHON RATCHASIMA, TH",14.967,102.083,188.0,1980-04-11,0.0,30.0,35.9,25.6
TH000048431,"NAKHON RATCHASIMA, TH",14.967,102.083,188.0,1980-04-12,0.0,30.3,35.3,25.6
TH000048431,"NAKHON RATCHASIMA, TH",14.967,102.083,188.0,1980-04-13,0.0,31.6,38.0,25.4
TH000048431,"NAKHON RATCHASIMA, TH",14.967,102.083,188.0,1980-04-14,0.5,31.3,38.5,26.0
TH000048431,"NAKHON RATCHASIMA, TH",14.967,102.083,188.0,1980-04-15,0.0,30.7,35.4,24.8
TH000048431,"NAKHON RATCHASIMA, TH",14.967,102.083,188.0,1980-04-16,3.0,26.4,32.6,22.0
TH000048431,"NAKHON RATCHASIMA, TH",14.967,102.083,188.0,1980-04-17,0.0,24.8,28.5,21.7
TH000048431,"NAKHON RATCHASIMA, TH",14.967,102.083,188.0,1980-04-18,0.0,29.9,36.2,21.8
TH000048431,"NAKHON RATCHASIMA, TH",14.967,102.083,188.0,1980-04-19,0.0,31.9,38.0,25.0
TH000048431,"NAKHON RATCHASIMA, TH",14.967,102.083,188.0,1980-04-20,0.0,30.8,36.1,27.7
TH000048431,"NAKHON RATCHASIMA, TH",14.967,102.083,188.0,1980-04-21,0.8,29.6,38.7,26.2
TH000048431,"NAKHON RATCHASIMA, TH",14.967,102.083,188.0,1980-04-22,0.0,31.6,37.9,24.5
TH000048431,"NAKHON RATCHASIMA, TH",14.967,102.083,188.0,1980-04-23,0.0,32.0,39.4,26.1
TH000048431,"NAKHON RATCHASIMA, TH",14.967,102.083,188.0,1980-04-24,0.0,32.7,38.5,26.5
TH000048431,"NAKHON RATCHASIMA, TH",14.967,102.083,188.0,1980-04-25,0.0,31.8,39.4,27.7
TH000048431,"NAKHON RATCHASIMA, TH",14.967,102.083,188.0,1980-04-26,0.0,32.2,37.5,27.6
TH000048431,"NAKHON RATCHASIMA, TH",14.967,102.083,188.0,1980-04-27,0.0,28.0,35.4,25.6
TH000048431,"NAKHON RATCHASIMA, TH",14.967,102.083,188.0,1980-04-28,0.0,29.9,37.0,24.7
TH000048431,"NAKHON RATCHASIMA, TH",14.967,102.083,188.0,1980-04-29,0.0,33.0,38.6,25.0
TH000048431,"NAKHON RATCHASIMA, TH",14.967,102.083,188.0,1980-04-30,0.0,31.6,39.6,25.7
TH000048431,"NAKHON RATCHASIMA, TH",14.967,102.083,188.0,1980-05-01,2.6,31.9,39.4,26.6
TH000048431,"NAKHON RATCHASIMA, TH",14.967,102.083,188.0,1980-05-02,0.0,32.1,38.9,26.5
TH000048431,"NAKHON RATCHASIMA, TH",14.967,102.083,188.0,1980-05-03,20.1,30.3,39.9,23.1
TH000048431,"NAKHON RATCHASIMA, TH",14.967,102.083,188.0,1980-05-04,0.0,31.6,38.4,24.0
TH000048431,"NAKHON RATCHASIMA, TH",14.967,102.083,188.0,1980-05-05,0.0,31.2,37.1,25.6
TH000048431,"NAKHON RATCHASIMA, TH",14.967,102.083,188.0,1980-05-06,2.4,30.3,37.5,24.9
TH000048431,"NAKHON RATCHASIMA, TH",14.967,102.083,188.0,1980-05-07,0.0,28.9,36.6,24.7
TH000048431,"NAKHON RATCHASIMA, TH",14.967,102.083,188.0,1980-05-08,0.0,31.3,38.0,23.5
TH000048431,"NAKHON RATCHASIMA, TH",14.967,102.083,188.0,1980-05-09,0.0,29.0,32.9,26.7
TH000048431,"NAKHON RATCHASIMA, TH",14.967,102.083,188.0,1980-05-10,5.2,28.9,35.9,25.5
TH000048431,"NAKHON RATCHASIMA, TH",14.967,102.083,188.0,1980-05-11,0.0,29.8,37.0,25.4
TH000048431,"NAKHON RATCHASIMA, TH",14.967,102.083,188.0,1980-05-12,1.7,28.2,36.3,25.6
TH000048431,"NAKHON RATCHASIMA, TH",14.967,102.083,188.0,1980-05-13,0.0,30.4,37.3,25.3
TH000048431,"NAKHON RATCHASIMA, TH",14.967,102.083,188.0,1980-05-14,0.0,31.8,38.8,26.8
TH000048431,"NAKHON RATCHASIMA, TH",14.967,102.083,188.0,1980-05-15,43.3,28.4,38.0,23.8
TH000048431,"NAKHON RATCHASIMA, TH",14.967,102.083,188.0,1980-05-16,0.0,30.1,36.1,24.5
TH000048431,"NAKHON RATCHASIMA, TH",14.967,102.083,188.0,1980-05-17,0.0,30.7,36.7,25.7
TH000048431,"NAKHON RATCHASIMA, TH",14.967,102.083,188.0,1980-05-18,0.0,31.3,36.3,27.0
TH000048431,"NAKHON RATCHASIMA, TH",14.967,102.083,188.0,1980-05-19,0.4,28.0,35.0,26.6
TH000048431,"NAKHON RATCHASIMA, TH",14.967,102.083,188.0,1980-05-20,14.2,26.9,32.3,24.0
TH000048431,"NAKHON RATCHASIMA, TH",14.967,102.083,188.0,1980-05-21,14.6,27.3,32.6,24.6
TH000048431,"NAKHON RATCHASIMA, TH",14.967,102.083,188.0,1980-05-22,0.0,27.7,31.7,24.5
TH000048431,"NAKHON RATCHASIMA, TH",14.967,102.083,188.0,1980-05-23,1.0,28.4,32.9,25.2
TH000048431,"NAKHON RATCHASIMA, TH",14.967,102.083,188.0,1980-05-24,0.0,29.6,34.0,25.3
TH000048431,"NAKHON RATCHASIMA, TH",14.967,102.083,188.0,1980-05-25,0.0,30.0,34.7,26.4
TH000048431,"NAKHON RATCHASIMA, TH",14.967,102.083,188.0,1980-05-26,38.1,28.2,34.6,25.7
TH000048431,"NAKHON RATCHASIMA, TH",14.967,102.083,188.0,1980-05-27,33.6,25.1,32.0,21.0
TH000048431,"NAKHON RATCHASIMA, TH",14.967,102.083,188.0,1980-05-28,0.5,26.9,32.6,21.6
TH000048431,"NAKHON RATCHASIMA, TH",14.967,102.083,188.0,1980-05-29,0.0,29.5,34.3,24.3
TH000048431,"NAKHON RATCHASIMA, TH",14.967,102.083,188.0,1980-05-30,18.9,29.0,35.2,26.5
TH000048431,"NAKHON RATCHASIMA, TH",14.967,102.083,188.0,1980-05-31,0.0,28.7,34.4,23.0
TH000048431,"NAKHON RATCHASIMA, TH",14.967,102.083,188.0,1980-06-01,2.2,29.4,34.9,25.1
TH000048431,"NAKHON RATCHASIMA, TH",14.967,102.083,188.0,1980-06-02,70.9,26.9,34.1,23.5
TH000048431,"NAKHON RATCHASIMA, TH",14.967,102.083,188.0,1980-06-03,0.0,28.0,32.0,23.5
TH000048431,"NAKHON RATCHASIMA, TH",14.967,102.083,188.0,1980-06-04,3.4,27.0,31.6,25.0
TH000048431,"NAKHON RATCHASIMA, TH",14.967,102.083,188.0,1980-06-05,0.4,28.0,32.8,23.9
TH000048431,"NAKHON RATCHASIMA, TH",14.967,102.083,188.0,1980-06-06,9.3,28.2,33.3,24.5
TH000048431,"NAKHON RATCHASIMA, TH",14.967,102.083,188.0,1980-06-07,0.0,30.0,34.6,24.4
TH000048431,"NAKHON RATCHASIMA, TH",14.967,102.083,188.0,1980-06-08,0.0,29.2,35.0,26.2
TH000048431,"NAKHON RATCHASIMA, TH",14.967,102.083,188.0,1980-06-09,2.8,29.0,34.0,25.7
TH000048431,"NAKHON RATCHASIMA, TH",14.967,102.083,188.0,1980-06-10,69.4,27.4,34.9,23.5
TH000048431,"NAKHON RATCHASIMA, TH",14.967,102.083,188.0,1980-06-11,16.3,26.3,31.5,24.0
TH000048431,"NAKHON RATCHASIMA, TH",14.967,102.083,188.0,1980-06-12,6.7,26.8,31.6,24.6
TH000048431,"NAKHON RATCHASIMA, TH",14.967,102.083,188.0,1980-06-13,0.0,27.7,32.1,24.5
TH000048431,"NAKHON RATCHASIMA, TH",14.967,102.083,188.0,1980-06-14,26.5,26.6,31.5,24.4
TH000048431,"NAKHON RATCHASIMA, TH",14.967,102.083,188.0,1980-06-15,0.0,27.8,32.6,24.4
TH000048431,"NAKHON RATCHASIMA, TH",14.967,102.083,188.0,1980-06-16,4.9,28.2,32.7,24.5
TH000048431,"NAKHON RATCHASIMA, TH",14.967,102.083,188.0,1980-06-17,4.8,27.8,32.1,23.9
TH000048431,"NAKHON RATCHASIMA, TH",14.967,102.083,188.0,1980-06-18,1.5,28.1,31.9,24.0
TH000048431,"NAKHON RATCHASIMA, TH",14.967,102.083,188.0,1980-06-19,0.6,26.7,28.9,25.3
TH000048431,"NAKHON RATCHASIMA, TH",14.967,102.083,188.0,1980-06-20,15.8,25.3,29.0,24.4
TH000048431,"NAKHON RATCHASIMA, TH",14.967,102.083,188.0,1980-06-21,2.3,25.8,30.2,23.9
TH000048431,"NAKHON RATCHASIMA, TH",14.967,102.083,188.0,1980-06-22,0.0,27.0,33.2,24.0
TH000048431,"NAKHON RATCHASIMA, TH",14.967,102.083,188.0,1980-06-23,0.1,28.4,33.2,23.7
TH000048431,"NAKHON RATCHASIMA, TH",14.967,102.083,188.0,1980-06-24,13.5,29.5,34.3,23.1
TH000048431,"NAKHON RATCHASIMA, TH",14.967,102.083,188.0,1980-06-25,0.0,28.0,32.5,23.1
TH000048431,"NAKHON RATCHASIMA, TH",14.967,102.083,188.0,1980-06-26,0.0,28.9,32.6,25.0
TH000048431,"NAKHON RATCHASIMA, TH",14.967,102.083,188.0,1980-06-27,0.0,27.0,29.2,25.5
TH000048431,"NAKHON RATCHASIMA, TH",14.967,102.083,188.0,1980-06-28,0.0,28.0,33.3,24.6
TH000048431,"NAKHON RATCHASIMA, TH",14.967,102.083,188.0,1980-06-29,0.0,28.3,32.7,25.0
TH000048431,"NAKHON RATCHASIMA, TH",14.967,102.083,188.0,1980-06-30,0.0,28.1,32.5,25.0
TH000048431,"NAKHON RATCHASIMA, TH",14.967,102.083,188.0,1980-07-01,0.0,29.7,33.8,25.4
TH000048431,"NAKHON RATCHASIMA, TH",14.967,102.083,188.0,1980-07-02,0.0,30.4,35.3,24.6
TH000048431,"NAKHON RATCHASIMA, TH",14.967,102.083,188.0,1980-07-03,0.0,30.6,36.5,25.5
TH000048431,"NAKHON RATCHASIMA, TH",14.967,102.083,188.0,1980-07-04,9.5,30.0,36.5,25.6
TH000048431,"NAKHON RATCHASIMA, TH",14.967,102.083,188.0,1980-07-05,0.0,29.4,34.2,23.5
TH000048431,"NAKHON RATCHASIMA, TH",14.967,102.083,188.0,1980-07-06,1.2,28.1,33.5,24.9
TH000048431,"NAKHON RATCHASIMA, TH",14.967,102.083,188.0,1980-07-07,0.0,29.1,34.5,24.9
TH000048431,"NAKHON RATCHASIMA, TH",14.967,102.083,188.0,1980-07-08,0.0,29.5,35.1,25.2
TH000048431,"NAKHON RATCHASIMA, TH",14.967,102.083,188.0,1980-07-09,0.0,29.8,34.2,25.7
TH000048431,"NAKHON RATCHASIMA, TH",14.967,102.083,188.0,1980-07-10,0.0,29.4,35.5,25.0
TH000048431,"NAKHON RATCHASIMA, TH",14.967,102.083,188.0,1980-07-11,0.0,29.8,34.0,24.1
TH000048431,"NAKHON RATCHASIMA, TH",14.967,102.083,188.0,1980-07-12,0.0,29.4,34.6,24.4
TH000048431,"NAKHON RATCHASIMA, TH",14.967,102.083,188.0,1980-07-13,0.0,30.7,36.5,24.6
TH000048431,"NAKHON RATCHASIMA, TH",14.967,102.083,188.0,1980-07-14,0.4,28.9,33.0,25.6
TH000048431,"NAKHON RATCHASIMA, TH",14.967,102.083,188.0,1980-07-15,11.4,28.8,34.7,24.8
TH000048431,"NAKHON RATCHASIMA, TH",14.967,102.083,188.0,1980-07-16,0.0,29.0,35.2,24.5
TH000048431,"NAKHON RATCHASIMA, TH",14.967,102.083,188.0,1980-07-17,5.9,30.0,37.0,23.2
TH000048431,"NAKHON RATCHASIMA, TH",14.967,102.083,188.0,1980-07-18,0.0,30.7,36.1,23.5
TH000048431,"NAKHON RATCHASIMA, TH",14.967,102.083,188.0,1980-07-19,1.8,28.2,32.0,25.4
TH000048431,"NAKHON RATCHASIMA, TH",14.967,102.083,188.0,1980-07-20,34.5,26.4,34.0,24.8
TH000048431,"NAKHON RATCHASIMA, TH",14.967,102.083,188.0,1980-07-21,15.9,26.2,28.5,25.1
TH000048431,"NAKHON RATCHASIMA, TH",14.967,102.083,188.0,1980-07-22,0.0,28.4,33.3,24.5
TH000048431,"NAKHON RATCHASIMA, TH",14.967,102.083,188.0,1980-07-23,0.0,28.2,32.7,24.6
TH000048431,"NAKHON RATCHASIMA, TH",14.967,102.083,188.0,1980-07-24,3.7,27.6,32.3,24.6
TH000048431,"NAKHON RATCHASIMA, TH",14.967,102.083,188.0,1980-07-25,43.6,27.6,31.3,25.2
TH000048431,"NAKHON RATCHASIMA, TH",14.967,102.083,188.0,1980-07-26,2.5,26.2,30.7,23.9
TH000048431,"NAKHON RATCHASIMA, TH",14.967,102.083,188.0,1980-07-27,20.2,27.6,32.3,24.1
TH000048431,"NAKHON RATCHASIMA, TH",14.967,102.083,188.0,1980-07-28,2.0,26.8,30.5,24.3
TH000048431,"NAKHON RATCHASIMA, TH",14.967,102.083,188.0,1980-07-29,0.0,27.4,31.0,23.6
TH000048431,"NAKHON RATCHASIMA, TH",14.967,102.083,188.0,1980-07-30,8.5,27.9,32.7,24.5
TH000048431,"NAKHON RATCHASIMA, TH",14.967,102.083,188.0,1980-07-31,0.0,28.0,32.3,24.5
TH000048431,"NAKHON RATCHASIMA, TH",14.967,102.083,188.0,1980-08-01,22.7,27.3,32.1,24.4
TH000048431,"NAKHON RATCHASIMA, TH",14.967,102.083,188.0,1980-08-02,0.0,27.5,32.9,21.8
TH000048431,"NAKHON RATCHASIMA, TH",14.967,102.083,188.0,1980-08-03,0.0,28.3,34.0,24.0
TH000048431,"NAKHON RATCHASIMA, TH",14.967,102.083,188.0,1980-08-04,0.0,29.0,35.2,23.6
TH000048431,"NAKHON RATCHASIMA, TH",14.967,102.083,188.0,1980-08-05,8.6,27.4,34.9,23.9
TH000048431,"NAKHON RATCHASIMA, TH",14.967,102.083,188.0,1980-08-06,12.1,27.8,34.6,24.8
TH000048431,"NAKHON RATCHASIMA, TH",14.967,102.083,188.0,1980-08-07,0.0,29.6,33.6,23.5
TH000048431,"NAKHON RATCHASIMA, TH",14.967,102.083,188.0,1980-08-08,0.0,29.3,35.1,24.2
TH000048431,"NAKHON RATCHASIMA, TH",14.967,102.083,188.0,1980-08-09,0.0,29.6,35.0,24.5
TH000048431,"NAKHON RATCHASIMA, TH",14.967,102.083,188.0,1980-08-10,0.0,29.0,35.0,25.1
TH000048431,"NAKHON RATCHASIMA, TH",14.967,102.083,188.0,1980-08-11,0.0,28.1,34.7,24.9
TH000048431,"NAKHON RATCHASIMA, TH",14.967,102.083,188.0,1980-08-12,1.6,27.6,34.2,24.7
TH000048431,"NAKHON RATCHASIMA, TH",14.967,102.083,188.0,1980-08-13,0.0,28.7,34.2,24.7
TH000048431,"NAKHON RATCHASIMA, TH",14.967,102.083,188.0,1980-08-14,0.0,27.6,34.3,25.5
TH000048431,"NAKHON RATCHASIMA, TH",14.967,102.083,188.0,1980-08-15,0.0,27.5,33.0,24.4
TH000048431,"NAKHON RATCHASIMA, TH",14.967,102.083,188.0,1980-08-16,0.0,29.4,34.8,24.1
TH000048431,"NAKHON RATCHASIMA, TH",14.967,102.083,188.0,1980-08-17,32.3,28.9,35.3,24.5
TH000048431,"NAKHON RATCHASIMA, TH",14.967,102.083,188.0,1980-08-18,0.0,29.3,34.3,23.5
TH000048431,"NAKHON RATCHASIMA, TH",14.967,102.083,188.0,1980-08-19,53.5,27.1,31.9,23.8
TH000048431,"NAKHON RATCHASIMA, TH",14.967,102.083,188.0,1980-08-20,0.0,27.0,30.7,24.3
TH000048431,"NAKHON RATCHASIMA, TH",14.967,102.083,188.0,1980-08-21,0.0,27.7,33.6,24.7
TH000048431,"NAKHON RATCHASIMA, TH",14.967,102.083,188.0,1980-08-22,1.3,29.3,33.9,24.5
TH000048431,"NAKHON RATCHASIMA, TH",14.967,102.083,188.0,1980-08-23,4.6,26.4,29.8,23.0
TH000048431,"NAKHON RATCHASIMA, TH",14.967,102.083,188.0,1980-08-24,3.3,26.3,31.1,23.2
TH000048431,"NAKHON RATCHASIMA, TH",14.967,102.083,188.0,1980-08-25,0.0,27.1,31.7,23.6
TH000048431,"NAKHON RATCHASIMA, TH",14.967,102.083,188.0,1980-08-26,5.8,27.6,32.2,23.6
TH000048431,"NAKHON RATCHASIMA, TH",14.967,102.083,188.0,1980-08-27,0.0,28.0,32.3,24.3
TH000048431,"NAKHON RATCHASIMA, TH",14.967,102.083,188.0,1980-08-28,0.0,29.5,34.8,25.1
TH000048431,"NAKHON RATCHASIMA, TH",14.967,102.083,188.0,1980-08-29,20.3,27.9,34.0,22.1
TH000048431,"NAKHON RATCHASIMA, TH",14.967,102.083,188.0,1980-08-30,0.1,26.5,31.3,22.7
TH000048431,"NAKHON RATCHASIMA, TH",14.967,102.083,188.0,1980-08-31,0.2,26.4,30.3,24.0
TH000048431,"NAKHON RATCHASIMA, TH",14.967,102.083,188.0,1980-09-01,0.0,27.7,31.4,24.1
TH000048431,"NAKHON RATCHASIMA, TH",14.967,102.083,188.0,1980-09-02,0.0,27.6,33.0,24.5
TH000048431,"NAKHON RATCHASIMA, TH",14.967,102.083,188.0,1980-09-03,58.8,26.1,30.5,22.2
TH000048431,"NAKHON RATCHASIMA, TH",14.967,102.083,188.0,1980-09-04,0.2,25.6,28.6,22.3
TH000048431,"NAKHON RATCHASIMA, TH",14.967,102.083,188.0,1980-09-05,5.8,27.3,31.0,23.0
TH000048431,"NAKHON RATCHASIMA, TH",14.967,102.083,188.0,1980-09-06,2.4,25.7,27.2,24.1
TH000048431,"NAKHON RATCHASIMA, TH",14.967,102.083,188.0,1980-09-07,0.0,27.3,32.2,23.8
TH000048431,"NAKHON RATCHASIMA, TH",14.967,102.083,188.0,1980-09-08,0.1,28.6,34.3,23.7
TH000048431,"NAKHON RATCHASIMA, TH",14.967,102.083,188.0,1980-09-09,21.1,26.6,32.0,25.0
TH000048431,"NAKHON RATCHASIMA, TH",14.967,102.083,188.0,1980-09-10,16.8,25.9,31.3,23.3
TH000048431,"NAKHON RATCHASIMA, TH",14.967,102.083,188.0,1980-09-11,5.6,26.1,30.0,24.2
TH000048431,"NAKHON RATCHASIMA, TH",14.967,102.083,188.0,1980-09-12,0.0,27.4,32.0,24.0
TH000048431,"NAKHON RATCHASIMA, TH",14.967,102.083,188.0,1980-09-13,0.0,29.0,33.4,24.0
TH000048431,"NAKHON RATCHASIMA, TH",14.967,102.083,188.0,1980-09-14,3.7,27.3,32.6,24.5
TH000048431,"NAKHON RATCHASIMA, TH",14.967,102.083,188.0,1980-09-15,0.0,27.7,32.2,24.3
TH000048431,"NAKHON RATCHASIMA, TH",14.967,102.083,188.0,1980-09-16,0.0,28.3,33.1,24.2
TH000048431,"NAKHON RATCHASIMA, TH",14.967,102.083,188.0,1980-09-17,10.7,27.0,32.1,24.7
TH000048431,"NAKHON RATCHASIMA, TH",14.967,102.083,188.0,1980-09-18,25.0,25.5,30.1,24.2
TH000048431,"NAKHON RATCHASIMA, TH",14.967,102.083,188.0,1980-09-19,41.9,25.3,29.3,23.0
TH000048431,"NAKHON RATCHASIMA, TH",14.967,102.083,188.0,1980-09-20,0.0,26.2,30.6,23.6
TH000048431,"NAKHON RATCHASIMA, TH",14.967,102.083,188.0,1980-09-21,0.0,28.5,32.1,23.4
TH000048431,"NAKHON RATCHASIMA, TH",14.967,102.083,188.0,1980-09-22,2.1,24.8,28.3,23.4
TH000048431,"NAKHON RATCHASIMA, TH",14.967,102.083,188.0,1980-09-23,35.3,27.3,31.6,22.4
TH000048431,"NAKHON RATCHASIMA, TH",14.967,102.083,188.0,1980-09-24,0.0,27.4,31.1,23.1
TH000048431,"NAKHON RATCHASIMA, TH",14.967,102.083,188.0,1980-09-25,3.1,27.8,32.9,24.0
TH000048431,"NAKHON RATCHASIMA, TH",14.967,102.083,188.0,1980-09-26,17.0,28.0,31.5,23.9
TH000048431,"NAKHON RATCHASIMA, TH",14.967,102.083,188.0,1980-09-27,15.8,25.4,28.8,23.7
TH000048431,"NAKHON RATCHASIMA, TH",14.967,102.083,188.0,1980-09-28,4.2,26.8,30.1,23.4
TH000048431,"NAKHON RATCHASIMA, TH",14.967,102.083,188.0,1980-09-29,3.0,26.9,31.6,24.6
TH000048431,"NAKHON RATCHASIMA, TH",14.967,102.083,188.0,1980-09-30,10.3,25.5,29.3,24.5
TH000048431,"NAKHON RATCHASIMA, TH",14.967,102.083,188.0,1980-10-01,15.2,25.1,29.5,23.4
TH000048431,"NAKHON RATCHASIMA, TH",14.967,102.083,188.0,1980-10-02,1.4,26.3,29.1,23.3
TH000048431,"NAKHON RATCHASIMA, TH",14.967,102.083,188.0,1980-10-03,6.1,27.2,29.9,23.7
TH000048431,"NAKHON RATCHASIMA, TH",14.967,102.083,188.0,1980-10-04,0.0,27.4,30.3,24.7
TH000048431,"NAKHON RATCHASIMA, TH",14.967,102.083,188.0,1980-10-05,13.5,27.5,31.4,24.7
TH000048431,"NAKHON RATCHASIMA, TH",14.967,102.083,188.0,1980-10-06,13.3,24.6,28.4,23.4
TH000048431,"NAKHON RATCHASIMA, TH",14.967,102.083,188.0,1980-10-07,0.0,26.4,30.7,23.0
TH000048431,"NAKHON RATCHASIMA, TH",14.967,102.083,188.0,1980-10-08,0.0,28.3,32.1,24.7
TH000048431,"NAKHON RATCHASIMA, TH",14.967,102.083,188.0,1980-10-09,0.0,26.8,31.9,25.0
TH000048431,"NAKHON RATCHASIMA, TH",14.967,102.083,188.0,1980-10-10,0.0,27.6,32.2,23.6
TH000048431,"NAKHON RATCHASIMA, TH",14.967,102.083,188.0,1980-10-11,2.1,27.8,32.6,24.2
TH000048431,"NAKHON RATCHASIMA, TH",14.967,102.083,188.0,1980-10-12,1.6,28.4,32.4,23.9
TH000048431,"NAKHON RATCHASIMA, TH",14.967,102.083,188.0,1980-10-13,7.7,25.1,29.1,24.0
TH000048431,"NAKHON RATCHASIMA, TH",14.967,102.083,188.0,1980-10-14,0.3,27.3,30.5,23.7
TH000048431,"NAKHON RATCHASIMA, TH",14.967,102.083,188.0,1980-10-15,0.0,27.0,30.1,23.5
TH000048431,"NAKHON RATCHASIMA, TH",14.967,102.083,188.0,1980-10-16,0.0,26.9,32.0,24.1
TH000048431,"NAKHON RATCHASIMA, TH",14.967,102.083,188.0,1980-10-17,0.0,28.1,33.1,23.7
TH000048431,"NAKHON RATCHASIMA, TH",14.967,102.083,188.0,1980-10-18,0.0,28.0,33.3,23.1
TH000048431,"NAKHON RATCHASIMA, TH",14.967,102.083,188.0,1980-10-19,0.1,27.6,30.8,24.7
TH000048431,"NAKHON RATCHASIMA, TH",14.967,102.083,188.0,1980-10-20,0.0,27.6,31.3,23.7
TH000048431,"NAKHON RATCHASIMA, TH",14.967,102.083,188.0,1980-10-21,0.0,27.6,31.4,24.7
TH000048431,"NAKHON RATCHASIMA, TH",14.967,102.083,188.0,1980-10-22,1.4,26.4,30.4,25.1
TH000048431,"NAKHON RATCHASIMA, TH",14.967,102.083,188.0,1980-10-23,0.0,27.3,31.6,23.5
TH000048431,"NAKHON RATCHASIMA, TH",14.967,102.083,188.0,1980-10-24,26.0,27.8,32.9,24.5
TH000048431,"NAKHON RATCHASIMA, TH",14.967,102.083,188.0,1980-10-25,23.0,24.8,26.7,22.7
TH000048431,"NAKHON RATCHASIMA, TH",14.967,102.083,188.0,1980-10-26,0.0,25.1,28.0,22.6
TH000048431,"NAKHON RATCHASIMA, TH",14.967,102.083,188.0,1980-10-27,0.0,24.0,28.3,20.9
TH000048431,"NAKHON RATCHASIMA, TH",14.967,102.083,188.0,1980-10-28,0.0,23.8,27.5,20.8
TH000048431,"NAKHON RATCHASIMA, TH",14.967,102.083,188.0,1980-10-29,1.0,22.7,24.7,20.2
TH000048431,"NAKHON RATCHASIMA, TH",14.967,102.083,188.0,1980-10-30,2.4,23.8,25.7,21.9
TH000048431,"NAKHON RATCHASIMA, TH",14.967,102.083,188.0,1980-10-31,0.0,25.6,27.7,22.7
TH000048431,"NAKHON RATCHASIMA, TH",14.967,102.083,188.0,1980-11-01,0.0,26.0,29.5,21.3
TH000048431,"NAKHON RATCHASIMA, TH",14.967,102.083,188.0,1980-11-02,0.0,25.2,29.2,21.6
TH000048431,"NAKHON RATCHASIMA, TH",14.967,102.083,188.0,1980-11-03,1.2,24.4,28.2,20.6
TH000048431,"NAKHON RATCHASIMA, TH",14.967,102.083,188.0,1980-11-04,6.8,22.9,24.0,21.4
TH000048431,"NAKHON RATCHASIMA, TH",14.967,102.083,188.0,1980-11-05,0.0,24.1,26.8,21.4
TH000048431,"NAKHON RATCHASIMA, TH",14.967,102.083,188.0,1980-11-06,0.0,26.3,30.8,21.3
TH000048431,"NAKHON RATCHASIMA, TH",14.967,102.083,188.0,1980-11-07,7.8,27.7,32.2,22.6
TH000048431,"NAKHON RATCHASIMA, TH",14.967,102.083,188.0,1980-11-08,7.0,24.8,27.3,23.3
TH000048431,"NAKHON RATCHASIMA, TH",14.967,102.083,188.0,1980-11-09,0.0,24.9,29.2,21.6
TH000048431,"NAKHON RATCHASIMA, TH",14.967,102.083,188.0,1980-11-10,0.0,24.6,28.9,19.8
TH000048431,"NAKHON RATCHASIMA, TH",14.967,102.083,188.0,1980-11-11,0.0,26.3,30.0,21.5
TH000048431,"NAKHON RATCHASIMA, TH",14.967,102.083,188.0,1980-11-12,0.0,25.1,29.4,22.0
TH000048431,"NAKHON RATCHASIMA, TH",14.967,102.083,188.0,1980-11-13,0.0,25.4,29.3,22.7
TH000048431,"NAKHON RATCHASIMA, TH",14.967,102.083,188.0,1980-11-14,0.0,25.6,29.9,20.8
TH000048431,"NAKHON RATCHASIMA, TH",14.967,102.083,188.0,1980-11-15,0.0,26.4,30.2,21.9
TH000048431,"NAKHON RATCHASIMA, TH",14.967,102.083,188.0,1980-11-16,0.0,27.0,30.9,22.3
TH000048431,"NAKHON RATCHASIMA, TH",14.967,102.083,188.0,1980-11-17,0.8,25.0,28.9,23.5
TH000048431,"NAKHON RATCHASIMA, TH",14.967,102.083,188.0,1980-11-18,0.0,22.2,23.9,21.5
TH000048431,"NAKHON RATCHASIMA, TH",14.967,102.083,188.0,1980-11-19,0.0,24.8,29.0,20.2
TH000048431,"NAKHON RATCHASIMA, TH",14.967,102.083,188.0,1980-11-20,0.0,25.6,29.5,21.5
TH000048431,"NAKHON RATCHASIMA, TH",14.967,102.083,188.0,1980-11-21,0.0,24.8,29.7,21.8
TH000048431,"NAKHON RATCHASIMA, TH",14.967,102.083,188.0,1980-11-22,0.0,24.4,29.5,19.2
TH000048431,"NAKHON RATCHASIMA, TH",14.967,102.083,188.0,1980-11-23,0.0,23.5,29.5,18.2
TH000048431,"NAKHON RATCHASIMA, TH",14.967,102.083,188.0,1980-11-24,0.0,24.1,30.4,18.9
TH000048431,"NAKHON RATCHASIMA, TH",14.967,102.083,188.0,1980-11-25,0.0,23.3,28.7,18.7
TH000048431,"NAKHON RATCHASIMA, TH",14.967,102.083,188.0,1980-11-26,0.0,25.7,30.6,18.3
TH000048431,"NAKHON RATCHASIMA, TH",14.967,102.083,188.0,1980-11-27,0.0,26.2,31.8,19.7
TH000048431,"NAKHON RATCHASIMA, TH",14.967,102.083,188.0,1980-11-28,0.0,26.0,30.2,18.8
TH000048431,"NAKHON RATCHASIMA, TH",14.967,102.083,188.0,1980-11-29,0.0,25.8,29.7,21.5
TH000048431,"NAKHON RATCHASIMA, TH",14.967,102.083,188.0,1980-11-30,0.0,25.8,29.6,21.2
TH000048431,"NAKHON RATCHASIMA, TH",14.967,102.083,188.0,1980-12-01,0.0,25.1,29.8,21.3
TH000048431,"NAKHON RATCHASIMA, TH",14.967,102.083,188.0,1980-12-02,0.0,24.3,29.6,20.4
TH000048431,"NAKHON RATCHASIMA, TH",14.967,102.083,188.0,1980-12-03,0.0,22.8,29.6,18.9
TH000048431,"NAKHON RATCHASIMA, TH",14.967,102.083,188.0,1980-12-04,0.0,24.1,30.3,17.9
TH000048431,"NAKHON RATCHASIMA, TH",14.967,102.083,188.0,1980-12-05,0.0,25.0,31.1,19.3
TH000048431,"NAKHON RATCHASIMA, TH",14.967,102.083,188.0,1980-12-06,0.0,26.3,32.0,19.7
TH000048431,"NAKHON RATCHASIMA, TH",14.967,102.083,188.0,1980-12-07,0.0,26.2,32.6,19.9
TH000048431,"NAKHON RATCHASIMA, TH",14.967,102.083,188.0,1980-12-08,0.0,25.4,32.0,20.0
TH000048431,"NAKHON RATCHASIMA, TH",14.967,102.083,188.0,1980-12-09,0.0,26.4,30.5,19.8
TH000048431,"NAKHON RATCHASIMA, TH",14.967,102.083,188.0,1980-12-10,0.0,24.1,27.6,21.4
TH000048431,"NAKHON RATCHASIMA, TH",14.967,102.083,188.0,1980-12-11,0.0,24.4,30.4,18.6
TH000048431,"NAKHON RATCHASIMA, TH",14.967,102.083,188.0,1980-12-12,0.0,25.0,31.8,19.0
TH000048431,"NAKHON RATCHASIMA, TH",14.967,102.083,188.0,1980-12-13,0.0,23.3,26.6,18.4
TH000048431,"NAKHON RATCHASIMA, TH",14.967,102.083,188.0,1980-12-14,0.0,24.0,28.8,20.6
TH000048431,"NAKHON RATCHASIMA, TH",14.967,102.083,188.0,1980-12-15,0.0,25.5,30.5,19.7
TH000048431,"NAKHON RATCHASIMA, TH",14.967,102.083,188.0,1980-12-16,0.0,24.6,30.6,18.4
TH000048431,"NAKHON RATCHASIMA, TH",14.967,102.083,188.0,1980-12-17,0.0,23.9,30.5,19.0
TH000048431,"NAKHON RATCHASIMA, TH",14.967,102.083,188.0,1980-12-18,0.0,23.4,30.3,18.2
TH000048431,"NAKHON RATCHASIMA, TH",14.967,102.083,188.0,1980-12-19,0.0,23.8,29.2,17.0
TH000048431,"NAKHON RATCHASIMA, TH",14.967,102.083,188.0,1980-12-20,0.0,23.7,27.9,19.8
TH000048431,"NAKHON RATCHASIMA, TH",14.967,102.083,188.0,1980-12-21,0.0,21.4,27.1,16.9
TH000048431,"NAKHON RATCHASIMA, TH",14.967,102.083,188.0,1980-12-22,0.0,22.6,27.7,16.5
TH000048431,"NAKHON RATCHASIMA, TH",14.967,102.083,188.0,1980-12-23,0.0,20.2,25.6,16.1
TH000048431,"NAKHON RATCHASIMA, TH",14.967,102.083,188.0,1980-12-24,0.0,19.5,26.7,13.3
TH000048431,"NAKHON RATCHASIMA, TH",14.967,102.083,188.0,1980-12-25,0.0,21.5,29.1,13.2
TH000048431,"NAKHON RATCHASIMA, TH",14.967,102.083,188.0,1980-12-26,0.0,23.5,29.0,14.6
TH000048431,"NAKHON RATCHASIMA, TH",14.967,102.083,188.0,1980-12-27,0.0,23.9,29.5,18.4
TH000048431,"NAKHON RATCHASIMA, TH",14.967,102.083,188.0,1980-12-28,0.0,23.8,29.1,18.9
TH000048431,"NAKHON RATCHASIMA, TH",14.967,102.083,188.0,1980-12-29,0.0,22.6,28.8,17.9
TH000048431,"NAKHON RATCHASIMA, TH",14.967,102.083,188.0,1980-12-30,0.0,22.7,28.5,15.8
TH000048431,"NAKHON RATCHASIMA, TH",14.967,102.083,188.0,1980-12-31,0.0,20.9,28.0,14.9
TH000048431,"NAKHON RATCHASIMA, TH",14.967,102.083,188.0,1981-01-01,0.0,23.4,28.6,
TH000048431,"NAKHON RATCHASIMA, TH",14.967,102.083,188.0,1981-01-02,0.0,23.3,28.9,
TH000048431,"NAKHON RATCHASIMA, TH",14.967,102.083,188.0,1981-01-03,0.0,22.4,27.7,
TH000048431,"NAKHON RATCHASIMA, TH",14.967,102.083,188.0,1981-01-04,0.0,22.8,28.5,
TH000048431,"NAKHON RATCHASIMA, TH",14.967,102.083,188.0,1981-01-05,0.0,22.9,30.1,
TH000048431,"NAKHON RATCHASIMA, TH",14.967,102.083,188.0,1981-01-06,0.0,24.9,32.0,
TH000048431,"NAKHON RATCHASIMA, TH",14.967,102.083,188.0,1981-01-07,0.0,25.8,32.0,
TH000048431,"NAKHON RATCHASIMA, TH",14.967,102.083,188.0,1981-01-08,0.0,24.6,31.1,
TH000048431,"NAKHON RATCHASIMA, TH",14.967,102.083,188.0,1981-01-09,0.0,23.3,30.8,
TH000048431,"NAKHON RATCHASIMA, TH",14.967,102.083,188.0,1981-01-10,0.0,24.3,30.3,
TH000048431,"NAKHON RATCHASIMA, TH",14.967,102.083,188.0,1981-01-11,0.0,20.5,26.3,
TH000048431,"NAKHON RATCHASIMA, TH",14.967,102.083,188.0,1981-01-12,0.0,18.5,24.7,
TH000048431,"NAKHON RATCHASIMA, TH",14.967,102.083,188.0,1981-01-13,0.0,18.8,25.0,
TH000048431,"NAKHON RATCHASIMA, TH",14.967,102.083,188.0,1981-01-14,0.0,19.1,25.7,
TH000048431,"NAKHON RATCHASIMA, TH",14.967,102.083,188.0,1981-01-15,0.0,20.2,27.2,
TH000048431,"NAKHON RATCHASIMA, TH",14.967,102.083,188.0,1981-01-16,0.0,21.1,28.1,
TH000048431,"NAKHON RATCHASIMA, TH",14.967,102.083,188.0,1981-01-17,0.0,20.1,27.1,
TH000048431,"NAKHON RATCHASIMA, TH",14.967,102.083,188.0,1981-01-18,0.0,20.3,27.7,
TH000048431,"NAKHON RATCHASIMA, TH",14.967,102.083,188.0,1981-01-19,0.0,21.6,29.1,
TH000048431,"NAKHON RATCHASIMA, TH",14.967,102.083,188.0,1981-01-20,0.0,22.4,29.8,
TH000048431,"NAKHON RATCHASIMA, TH",14.967,102.083,188.0,1981-01-21,0.0,24.6,30.7,
TH000048431,"NAKHON RATCHASIMA, TH",14.967,102.083,188.0,1981-01-22,0.0,23.6,31.3,
TH000048431,"NAKHON RATCHASIMA, TH",14.967,102.083,188.0,1981-01-23,0.0,23.9,31.4,
TH000048431,"NAKHON RATCHASIMA, TH",14.967,102.083,188.0,1981-01-24,0.0,24.4,31.8,
TH000048431,"NAKHON RATCHASIMA, TH",14.967,102.083,188.0,1981-01-25,0.0,24.6,30.4,
TH000048431,"NAKHON RATCHASIMA, TH",14.967,102.083,188.0,1981-01-26,0.0,23.4,29.7,
TH000048431,"NAKHON RATCHASIMA, TH",14.967,102.083,188.0,1981-01-27,0.0,24.6,30.1,
TH000048431,"NAKHON RATCHASIMA, TH",14.967,102.083,188.0,1981-01-28,0.0,25.8,31.3,
TH000048431,"NAKHON RATCHASIMA, TH",14.967,102.083,188.0,1981-01-29,0.0,24.8,32.0,
TH000048431,"NAKHON RATCHASIMA, TH",14.967,102.083,188.0,1981-01-30,0.0,26.6,33.1,
TH000048431,"NAKHON RATCHASIMA, TH",14.967,102.083,188.0,1981-01-31,0.0,26.9,33.5,
TH000048431,"NAKHON RATCHASIMA, TH",14.967,102.083,188.0,1981-02-01,0.0,28.2,33.3,
TH000048431,"NAKHON RATCHASIMA, TH",14.967,102.083,188.0,1981-02-02,0.0,27.3,32.7,
TH000048431,"NAKHON RATCHASIMA, TH",14.967,102.083,188.0,1981-02-03,0.0,27.6,33.2,
TH000048431,"NAKHON RATCHASIMA, TH",14.967,102.083,188.0,1981-02-04,0.0,27.4,33.2,
TH000048431,"NAKHON RATCHASIMA, TH",14.967,102.083,188.0,1981-02-05,0.0,27.0,33.0,
TH000048431,"NAKHON RATCHASIMA, TH",14.967,102.083,188.0,1981-02-06,0.0,27.3,33.2,
TH000048431,"NAKHON RATCHASIMA, TH",14.967,102.083,188.0,1981-02-07,0.0,24.6,30.5,
TH000048431,"NAKHON RATCHASIMA, TH",14.967,102.083,188.0,1981-02-08,0.0,25.0,31.2,
TH000048431,"NAKHON RATCHASIMA, TH",14.967,102.083,188.0,1981-02-09,0.0,25.1,31.5,
TH000048431,"NAKHON RATCHASIMA, TH",14.967,102.083,188.0,1981-02-10,0.0,24.1,30.5,
TH000048431,"NAKHON RATCHASIMA, TH",14.967,102.083,188.0,1981-02-11,0.0,24.9,31.3,
TH000048431,"NAKHON RATCHASIMA, TH",14.967,102.083,188.0,1981-02-12,0.0,26.4,33.7,
TH000048431,"NAKHON RATCHASIMA, TH",14.967,102.083,188.0,1981-02-13,0.0,27.8,34.6,
TH000048431,"NAKHON RATCHASIMA, TH",14.967,102.083,188.0,1981-02-14,0.0,26.6,34.7,
TH000048431,"NAKHON RATCHASIMA, TH",14.967,102.083,188.0,1981-02-15,0.0,25.4,35.0,
TH000048431,"NAKHON RATCHASIMA, TH",14.967,102.083,188.0,1981-02-16,0.0,24.9,34.9,
TH000048431,"NAKHON RATCHASIMA, TH",14.967,102.083,188.0,1981-02-17,0.0,26.5,35.3,
TH000048431,"NAKHON RATCHASIMA, TH",14.967,102.083,188.0,1981-02-18,0.0,27.0,36.0,
TH000048431,"NAKHON RATCHASIMA, TH",14.967,102.083,188.0,1981-02-19,0.0,28.2,36.2,
TH000048431,"NAKHON RATCHASIMA, TH",14.967,102.083,188.0,1981-02-20,0.0,28.6,35.7,
TH000048431,"NAKHON RATCHASIMA, TH",14.967,102.083,188.0,1981-02-21,0.0,29.0,35.7,
TH000048431,"NAKHON RATCHASIMA, TH",14.967,102.083,188.0,1981-02-22,0.0,29.5,36.0,
TH000048431,"NAKHON RATCHASIMA, TH",14.967,102.083,188.0,1981-02-23,0.0,30.0,36.7,
TH000048431,"NAKHON RATCHASIMA, TH",14.967,102.083,188.0,1981-02-24,0.0,30.1,37.4,
TH000048431,"NAKHON RATCHASIMA, TH",14.967,102.083,188.0,1981-02-25,0.0,30.2,38.0,
TH000048431,"NAKHON RATCHASIMA, TH",14.967,102.083,188.0,1981-02-26,0.0,28.8,33.9,
TH000048431,"NAKHON RATCHASIMA, TH",14.967,102.083,188.0,1981-02-27,47.6,26.4,32.3,
TH000048431,"NAKHON RATCHASIMA, TH",14.967,102.083,188.0,1981-02-28,0.0,26.3,30.5,
TH000048431,"NAKHON RATCHASIMA, TH",14.967,102.083,188.0,1981-03-01,0.0,28.3,34.2,
TH000048431,"NAKHON RATCHASIMA, TH",14.967,102.083,188.0,1981-03-02,0.0,26.8,33.5,
TH000048431,"NAKHON RATCHASIMA, TH",14.967,102.083,188.0,1981-03-03,0.0,27.4,33.8,
TH000048431,"NAKHON RATCHASIMA, TH",14.967,102.083,188.0,1981-03-04,0.0,28.8,35.0,
TH000048431,"NAKHON RATCHASIMA, TH",14.967,102.083,188.0,1981-03-05,0.0,28.0,33.1,
TH000048431,"NAKHON RATCHASIMA, TH",14.967,102.083,188.0,1981-03-06,0.0,28.5,33.9,
TH000048431,"NAKHON RATCHASIMA, TH",14.967,102.083,188.0,1981-03-07,0.0,26.4,32.2,
TH000048431,"NAKHON RATCHASIMA, TH",14.967,102.083,188.0,1981-03-08,0.0,29.0,34.1,
TH000048431,"NAKHON RATCHASIMA, TH",14.967,102.083,188.0,1981-03-09,0.0,29.4,35.0,
TH000048431,"NAKHON RATCHASIMA, TH",14.967,102.083,188.0,1981-03-10,0.0,27.6,33.2,
TH000048431,"NAKHON RATCHASIMA, TH",14.967,102.083,188.0,1981-03-11,0.6,26.5,34.4,
TH000048431,"NAKHON RATCHASIMA, TH",14.967,102.083,188.0,1981-03-12,0.1,26.5,35.5,
TH000048431,"NAKHON RATCHASIMA, TH",14.967,102.083,188.0,1981-03-13,0.0,27.8,35.2,
TH000048431,"NAKHON RATCHASIMA, TH",14.967,102.083,188.0,1981-03-14,0.7,28.9,36.0,
TH000048431,"NAKHON RATCHASIMA, TH",14.967,102.083,188.0,1981-03-15,0.0,29.6,37.2,
TH000048431,"NAKHON RATCHASIMA, TH",14.967,102.083,188.0,1981-03-16,0.0,29.3,36.0,
TH000048431,"NAKHON RATCHASIMA, TH",14.967,102.083,188.0,1981-03-17,0.0,30.0,37.0,
TH000048431,"NAKHON RATCHASIMA, TH",14.967,102.083,188.0,1981-03-18,0.0,29.7,37.8,
TH000048431,"NAKHON RATCHASIMA, TH",14.967,102.083,188.0,1981-03-19,0.0,29.9,36.7,
TH000048431,"NAKHON RATCHASIMA, TH",14.967,102.083,188.0,1981-03-20,0.0,30.4,37.7,
TH000048431,"NAKHON RATCHASIMA, TH",14.967,102.083,188.0,1981-03-21,0.0,28.8,38.5,
TH000048431,"NAKHON RATCHASIMA, TH",14.967,102.083,188.0,1981-03-22,0.0,29.6,37.6,
TH000048431,"NAKHON RATCHASIMA, TH",14.967,102.083,188.0,1981-03-23,0.0,29.6,37.2,
TH000048431,"NAKHON RATCHASIMA, TH",14.967,102.083,188.0,1981-03-24,0.0,30.1,38.5,
TH000048431,"NAKHON RATCHASIMA, TH",14.967,102.083,188.0,1981-03-25,0.0,30.7,38.6,
TH000048431,"NAKHON RATCHASIMA, TH",14.967,102.083,188.0,1981-03-26,0.0,29.0,38.5,
TH000048431,"NAKHON RATCHASIMA, TH",14.967,102.083,188.0,1981-03-27,0.0,29.6,37.5,
TH000048431,"NAKHON RATCHASIMA, TH",14.967,102.083,188.0,1981-03-28,0.0,29.9,37.0,
TH000048431,"NAKHON RATCHASIMA, TH",14.967,102.083,188.0,1981-03-29,0.0,30.0,37.1,
TH000048431,"NAKHON RATCHASIMA, TH",14.967,102.083,188.0,1981-03-30,0.0,29.6,34.8,
TH000048431,"NAKHON RATCHASIMA, TH",14.967,102.083,188.0,1981-03-31,2.8,29.3,37.0,
TH000048431,"NAKHON RATCHASIMA, TH",14.967,102.083,188.0,1981-04-01,0.0,29.5,34.4,
TH000048431,"NAKHON RATCHASIMA, TH",14.967,102.083,188.0,1981-04-02,0.9,28.2,36.3,
TH000048431,"NAKHON RATCHASIMA, TH",14.967,102.083,188.0,1981-04-03,0.0,30.2,36.7,
TH000048431,"NAKHON RATCHASIMA, TH",14.967,102.083,188.0,1981-04-04,0.0,30.6,37.5,
TH000048431,"NAKHON RATCHASIMA, TH",14.967,102.083,188.0,1981-04-05,0.0,31.6,37.8,
TH000048431,"NAKHON RATCHASIMA, TH",14.967,102.083,188.0,1981-04-06,0.0,32.3,38.6,
TH000048431,"NAKHON RATCHASIMA, TH",14.967,102.083,188.0,1981-04-07,0.0,31.4,40.1,
TH000048431,"NAKHON RATCHASIMA, TH",14.967,102.083,188.0,1981-04-08,0.0,31.0,40.4,
TH000048431,"NAKHON RATCHASIMA, TH",14.967,102.083,188.0,1981-04-09,0.0,31.6,37.9,
TH000048431,"NAKHON RATCHASIMA, TH",14.967,102.083,188.0,1981-04-10,0.0,31.1,38.2,
TH000048431,"NAKHON RATCHASIMA, TH",14.967,102.083,188.0,1981-04-11,10.8,26.0,36.8,
TH000048431,"NAKHON RATCHASIMA, TH",14.967,102.083,188.0,1981-04-12,5.5,26.1,31.7,
TH000048431,"NAKHON RATCHASIMA, TH",14.967,102.083,188.0,1981-04-13,3.2,26.2,32.6,
TH000048431,"NAKHON RATCHASIMA, TH",14.967,102.083,188.0,1981-04-14,0.0,26.4,30.5,
TH000048431,"NAKHON RATCHASIMA, TH",14.967,102.083,188.0,1981-04-15,0.0,27.4,31.6,
TH000048431,"NAKHON RATCHASIMA, TH",14.967,102.083,188.0,1981-04-16,0.0,28.4,33.7,
TH000048431,"NAKHON RATCHASIMA, TH",14.967,102.083,188.0,1981-04-17,0.0,29.2,35.3,
TH000048431,"NAKHON RATCHASIMA, TH",14.967,102.083,188.0,1981-04-18,0.0,28.9,35.6,
TH000048431,"NAKHON RATCHASIMA, TH",14.967,102.083,188.0,1981-04-19,0.0,30.8,37.2,
TH000048431,"NAKHON RATCHASIMA, TH",14.967,102.083,188.0,1981-04-20,4.0,29.7,36.4,
TH000048431,"NAKHON RATCHASIMA, TH",14.967,102.083,188.0,1981-04-21,10.4,25.4,33.2,
TH000048431,"NAKHON RATCHASIMA, TH",14.967,102.083,188.0,1981-04-22,2.2,27.0,32.9,
TH000048431,"NAKHON RATCHASIMA, TH",14.967,102.083,188.0,1981-04-23,0.0,29.3,35.3,
TH000048431,"NAKHON RATCHASIMA, TH",14.967,102.083,188.0,1981-04-24,0.6,28.6,36.0,
TH000048431,"NAKHON RATCHASIMA, TH",14.967,102.083,188.0,1981-04-25,0.0,28.4,36.3,
TH000048431,"NAKHON RATCHASIMA, TH",14.967,102.083,188.0,1981-04-26,0.0,28.9,35.2,
TH000048431,"NAKHON RATCHASIMA, TH",14.967,102.083,188.0,1981-04-27,0.0,29.4,34.5,
TH000048431,"NAKHON RATCHASIMA, TH",14.967,102.083,188.0,1981-04-28,0.0,30.7,36.9,
TH000048431,"NAKHON RATCHASIMA, TH",14.967,102.083,188.0,1981-04-29,7.1,28.0,36.6,
TH000048431,"NAKHON RATCHASIMA, TH",14.967,102.083,188.0,1981-04-30,0.0,29.0,34.5,
TH000048431,"NAKHON RATCHASIMA, TH",14.967,102.083,188.0,1981-05-01,0.0,29.7,36.2,
TH000048431,"NAKHON RATCHASIMA, TH",14.967,102.083,188.0,1981-05-02,5.9,28.4,37.0,
TH000048431,"NAKHON RATCHASIMA, TH",14.967,102.083,188.0,1981-05-03,19.5,25.6,31.2,
TH000048431,"NAKHON RATCHASIMA, TH",14.967,102.083,188.0,1981-05-04,0.0,26.8,31.5,
TH000048431,"NAKHON RATCHASIMA, TH",14.967,102.083,188.0,1981-05-05,0.0,26.3,29.5,
TH000048431,"NAKHON RATCHASIMA, TH",14.967,102.083,188.0,1981-05-06,0.0,28.6,33.3,
TH000048431,"NAKHON RATCHASIMA, TH",14.967,102.083,188.0,1981-05-07,50.2,27.0,34.2,
TH000048431,"NAKHON RATCHASIMA, TH",14.967,102.083,188.0,1981-05-08,0.0,27.6,32.4,
TH000048431,"NAKHON RATCHASIMA, TH",14.967,102.083,188.0,1981-05-09,0.0,27.7,33.7,
TH000048431,"NAKHON RATCHASIMA, TH",14.967,102.083,188.0,1981-05-10,0.0,28.7,35.1,
TH000048431,"NAKHON RATCHASIMA, TH",14.967,102.083,188.0,1981-05-11,0.0,29.1,35.4,
TH000048431,"NAKHON RATCHASIMA, TH",14.967,102.083,188.0,1981-05-12,3.8,28.8,34.6,
TH000048431,"NAKHON RATCHASIMA, TH",14.967,102.083,188.0,1981-05-13,24.3,27.6,35.3,
TH000048431,"NAKHON RATCHASIMA, TH",14.967,102.083,188.0,1981-05-14,0.0,29.5,34.5,
TH000048431,"NAKHON RATCHASIMA, TH",14.967,102.083,188.0,1981-05-15,0.0,29.7,33.9,
TH000048431,"NAKHON RATCHASIMA, TH",14.967,102.083,188.0,1981-05-16,0.0,31.3,36.5,
TH000048431,"NAKHON RATCHASIMA, TH",14.967,102.083,188.0,1981-05-17,16.5,28.5,34.2,
TH000048431,"NAKHON RATCHASIMA, TH",14.967,102.083,188.0,1981-05-18,12.1,27.2,31.2,
TH000048431,"NAKHON RATCHASIMA, TH",14.967,102.083,188.0,1981-05-19,4.3,28.0,33.5,
TH000048431,"NAKHON RATCHASIMA, TH",14.967,102.083,188.0,1981-05-20,0.4,27.9,33.1,
TH000048431,"NAKHON RATCHASIMA, TH",14.967,102.083,188.0,1981-05-21,0.0,28.6,33.7,
TH000048431,"NAKHON RATCHASIMA, TH",14.967,102.083,188.0,1981-05-22,0.8,27.3,32.9,
TH000048431,"NAKHON RATCHASIMA, TH",14.967,102.083,188.0,1981-05-23,0.0,28.0,33.6,
TH000048431,"NAKHON RATCHASIMA, TH",14.967,102.083,188.0,1981-05-24,13.0,26.6,33.6,
TH000048431,"NAKHON RATCHASIMA, TH",14.967,102.083,188.0,1981-05-25,20.3,26.5,31.6,
TH000048431,"NAKHON RATCHASIMA, TH",14.967,102.083,188.0,1981-05-26,0.0,28.2,32.4,
TH000048431,"NAKHON RATCHASIMA, TH",14.967,102.083,188.0,1981-05-27,0.0,30.2,34.6,
TH000048431,"NAKHON RATCHASIMA, TH",14.967,102.083,188.0,1981-05-28,0.6,28.2,35.5,
TH000048431,"NAKHON RATCHASIMA, TH",14.967,102.083,188.0,1981-05-29,0.0,30.3,36.1,
TH000048431,"NAKHON RATCHASIMA, TH",14.967,102.083,188.0,1981-05-30,0.0,31.0,35.9,
TH000048431,"NAKHON RATCHASIMA, TH",14.967,102.083,188.0,1981-05-31,0.0,30.0,35.6,
TH000048431,"NAKHON RATCHASIMA, TH",14.967,102.083,188.0,1981-06-01,0.0,30.3,35.6,
TH000048431,"NAKHON RATCHASIMA, TH",14.967,102.083,188.0,1981-06-02,0.0,29.7,35.4,
TH000048431,"NAKHON RATCHASIMA, TH",14.967,102.083,188.0,1981-06-03,0.0,29.9,35.1,
TH000048431,"NAKHON RATCHASIMA, TH",14.967,102.083,188.0,1981-06-04,0.0,28.9,35.0,
TH000048431,"NAKHON RATCHASIMA, TH",14.967,102.083,188.0,1981-06-05,0.0,29.8,34.0,
TH000048431,"NAKHON RATCHASIMA, TH",14.967,102.083,188.0,1981-06-06,0.0,29.4,34.5,
TH000048431,"NAKHON RATCHASIMA, TH",14.967,102.083,188.0,1981-06-07,0.1,29.6,34.6,
TH000048431,"NAKHON RATCHASIMA, TH",14.967,102.083,188.0,1981-06-08,0.0,29.4,34.0,
TH000048431,"NAKHON RATCHASIMA, TH",14.967,102.083,188.0,1981-06-09,0.0,29.0,34.2,
TH000048431,"NAKHON RATCHASIMA, TH",14.967,102.083,188.0,1981-06-10,8.8,28.8,35.1,
TH000048431,"NAKHON RATCHASIMA, TH",14.967,102.083,188.0,1981-06-11,0.0,28.8,32.5,
TH000048431,"NAKHON RATCHASIMA, TH",14.967,102.083,188.0,1981-06-12,0.0,29.8,34.0,
TH000048431,"NAKHON RATCHASIMA, TH",14.967,102.083,188.0,1981-06-13,0.0,29.7,34.3,
TH000048431,"NAKHON RATCHASIMA, TH",14.967,102.083,188.0,1981-06-14,17.7,26.7,32.6,
TH000048431,"NAKHON RATCHASIMA, TH",14.967,102.083,188.0,1981-06-15,0.0,28.8,34.0,
TH000048431,"NAKHON RATCHASIMA, TH",14.967,102.083,188.0,1981-06-16,0.0,29.2,34.0,
TH000048431,"NAKHON RATCHASIMA, TH",14.967,102.083,188.0,1981-06-17,0.0,29.4,33.9,
TH000048431,"NAKHON RATCHASIMA, TH",14.967,102.083,188.0,1981-06-18,0.0,29.3,34.8,
TH000048431,"NAKHON RATCHASIMA, TH",14.967,102.083,188.0,1981-06-19,10.9,28.0,34.4,
TH000048431,"NAKHON RATCHASIMA, TH",14.967,102.083,188.0,1981-06-20,0.0,29.0,33.5,
TH000048431,"NAKHON RATCHASIMA, TH",14.967,102.083,188.0,1981-06-21,0.0,28.9,33.3,
TH000048431,"NAKHON RATCHASIMA, TH",14.967,102.083,188.0,1981-06-22,0.0,27.8,32.0,
TH000048431,"NAKHON RATCHASIMA, TH",14.967,102.083,188.0,1981-06-23,0.0,28.2,32.1,
TH000048431,"NAKHON RATCHASIMA, TH",14.967,102.083,188.0,1981-06-24,0.3,27.3,33.0,
TH000048431,"NAKHON RATCHASIMA, TH",14.967,102.083,188.0,1981-06-25,2.3,27.2,33.4,
TH000048431,"NAKHON RATCHASIMA, TH",14.967,102.083,188.0,1981-06-26,0.0,28.8,34.4,
TH000048431,"NAKHON RATCHASIMA, TH",14.967,102.083,188.0,1981-06-27,0.1,29.3,34.7,
TH000048431,"NAKHON RATCHASIMA, TH",14.967,102.083,188.0,1981-06-28,0.0,29.4,34.2,
TH000048431,"NAKHON RATCHASIMA, TH",14.967,102.083,188.0,1981-06-29,0.0,28.6,33.1,
TH000048431,"NAKHON RATCHASIMA, TH",14.967,102.083,188.0,1981-06-30,0.0,29.5,35.4,
TH000048431,"NAKHON RATCHASIMA, TH",14.967,102.083,188.0,1981-07-01,37.0,30.2,36.1,
TH000048431,"NAKHON RATCHASIMA, TH",14.967,102.083,188.0,1981-07-02,2.2,28.4,33.4,
TH000048431,"NAKHON RATCHASIMA, TH",14.967,102.083,188.0,1981-07-03,0.7,27.4,31.7,
TH000048431,"NAKHON RATCHASIMA, TH",14.967,102.083,188.0,1981-07-04,0.1,29.0,32.1,
TH000048431,"NAKHON RATCHASIMA, TH",14.967,102.083,188.0,1981-07-05,6.8,24.6,27.3,
TH000048431,"NAKHON RATCHASIMA, TH",14.967,102.083,188.0,1981-07-06,3.5,24.3,26.5,
TH000048431,"NAKHON RATCHASIMA, TH",14.967,102.083,188.0,1981-07-07,0.0,28.2,32.4,
TH000048431,"NAKHON RATCHASIMA, TH",14.967,102.083,188.0,1981-07-08,1.4,29.0,32.8,
TH000048431,"NAKHON RATCHASIMA, TH",14.967,102.083,188.0,1981-07-09,0.0,26.8,31.1,
TH000048431,"NAKHON RATCHASIMA, TH",14.967,102.083,188.0,1981-07-10,0.0,29.3,33.7,
TH000048431,"NAKHON RATCHASIMA, TH",14.967,102.083,188.0,1981-07-11,0.0,29.4,34.5,
TH000048431,"NAKHON RATCHASIMA, TH",14.967,102.083,188.0,1981-07-12,0.0,29.7,35.3,
TH000048431,"NAKHON RATCHASIMA, TH",14.967,102.083,188.0,1981-07-13,0.0,30.0,35.0,
TH000048431,"NAKHON RATCHASIMA, TH",14.967,102.083,188.0,1981-07-14,5.2,27.7,35.4,
TH000048431,"NAKHON RATCHASIMA, TH",14.967,102.083,188.0,1981-07-15,0.2,26.0,29.8,
TH000048431,"NAKHON RATCHASIMA, TH",14.967,102.083,188.0,1981-07-16,4.8,28.1,34.5,
TH000048431,"NAKHON RATCHASIMA, TH",14.967,102.083,188.0,1981-07-17,0.0,28.7,34.2,
TH000048431,"NAKHON RATCHASIMA, TH",14.967,102.083,188.0,1981-07-18,46.7,26.0,32.4,
TH000048431,"NAKHON RATCHASIMA, TH",14.967,102.083,188.0,1981-07-19,4.4,26.2,30.2,
TH000048431,"NAKHON RATCHASIMA, TH",14.967,102.083,188.0,1981-07-20,17.9,28.2,33.6,
TH000048431,"NAKHON RATCHASIMA, TH",14.967,102.083,188.0,1981-07-21,2.4,26.8,31.5,
TH000048431,"NAKHON RATCHASIMA, TH",14.967,102.083,188.0,1981-07-22,1.5,27.6,31.6,
TH000048431,"NAKHON RATCHASIMA, TH",14.967,102.083,188.0,1981-07-23,0.0,27.8,32.4,
TH000048431,"NAKHON RATCHASIMA, TH",14.967,102.083,188.0,1981-07-24,0.1,28.0,33.3,
TH000048431,"NAKHON RATCHASIMA, TH",14.967,102.083,188.0,1981-07-25,0.0,28.8,34.0,
TH000048431,"NAKHON RATCHASIMA, TH",14.967,102.083,188.0,1981-07-26,0.0,28.8,33.7,
TH000048431,"NAKHON RATCHASIMA, TH",14.967,102.083,188.0,1981-07-27,23.4,27.4,33.5,
TH000048431,"NAKHON RATCHASIMA, TH",14.967,102.083,188.0,1981-07-28,0.0,29.3,33.7,
TH000048431,"NAKHON RATCHASIMA, TH",14.967,102.083,188.0,1981-07-29,2.3,26.6,33.8,
TH000048431,"NAKHON RATCHASIMA, TH",14.967,102.083,188.0,1981-07-30,0.0,28.4,33.3,
TH000048431,"NAKHON RATCHASIMA, TH",14.967,102.083,188.0,1981-07-31,5.6,27.6,32.1,
TH000048431,"NAKHON RATCHASIMA, TH",14.967,102.083,188.0,1981-08-01,0.7,27.8,32.6,
TH000048431,"NAKHON RATCHASIMA, TH",14.967,102.083,188.0,1981-08-02,0.0,28.9,34.0,
TH000048431,"NAKHON RATCHASIMA, TH",14.967,102.083,188.0,1981-08-03,0.0,28.4,33.0,
TH000048431,"NAKHON RATCHASIMA, TH",14.967,102.083,188.0,1981-08-04,3.5,26.8,31.4,
TH000048431,"NAKHON RATCHASIMA, TH",14.967,102.083,188.0,1981-08-05,7.9,26.2,29.0,
TH000048431,"NAKHON RATCHASIMA, TH",14.967,102.083,188.0,1981-08-06,2.6,27.1,32.2,
TH000048431,"NAKHON RATCHASIMA, TH",14.967,102.083,188.0,1981-08-07,0.1,27.2,31.3,
TH000048431,"NAKHON RATCHASIMA, TH",14.967,102.083,188.0,1981-08-08,0.0,28.2,34.1,
TH000048431,"NAKHON RATCHASIMA, TH",14.967,102.083,188.0,1981-08-09,2.1,28.7,32.2,
TH000048431,"NAKHON RATCHASIMA, TH",14.967,102.083,188.0,1981-08-10,1.3,26.0,28.7,
TH000048431,"NAKHON RATCHASIMA, TH",14.967,102.083,188.0,1981-08-11,1.2,25.9,29.7,
TH000048431,"NAKHON RATCHASIMA, TH",14.967,102.083,188.0,1981-08-12,6.3,27.7,31.5,
TH000048431,"NAKHON RATCHASIMA, TH",14.967,102.083,188.0,1981-08-13,0.0,28.0,32.8,
TH000048431,"NAKHON RATCHASIMA, TH",14.967,102.083,188.0,1981-08-14,0.0,28.4,33.7,
TH000048431,"NAKHON RATCHASIMA, TH",14.967,102.083,188.0,1981-08-15,0.0,28.6,34.5,
TH000048431,"NAKHON RATCHASIMA, TH",14.967,102.083,188.0,1981-08-16,1.3,28.4,33.5,
TH000048431,"NAKHON RATCHASIMA, TH",14.967,102.083,188.0,1981-08-17,0.0,29.7,33.9,
TH000048431,"NAKHON RATCHASIMA, TH",14.967,102.083,188.0,1981-08-18,0.0,29.4,34.8,
TH000048431,"NAKHON RATCHASIMA, TH",14.967,102.083,188.0,1981-08-19,0.0,28.7,32.8,
TH000048431,"NAKHON RATCHASIMA, TH",14.967,102.083,188.0,1981-08-20,0.6,28.1,33.8,
TH000048431,"NAKHON RATCHASIMA, TH",14.967,102.083,188.0,1981-08-21,0.3,29.7,33.6,
TH000048431,"NAKHON RATCHASIMA, TH",14.967,102.083,188.0,1981-08-22,0.0,30.5,35.3,
TH000048431,"NAKHON RATCHASIMA, TH",14.967,102.083,188.0,1981-08-23,0.0,31.5,36.3,
TH000048431,"NAKHON RATCHASIMA, TH",14.967,102.083,188.0,1981-08-24,0.0,30.0,37.1,
TH000048431,"NAKHON RATCHASIMA, TH",14.967,102.083,188.0,1981-08-25,0.0,29.5,36.8,
TH000048431,"NAKHON RATCHASIMA, TH",14.967,102.083,188.0,1981-08-26,0.0,29.7,35.0,
TH000048431,"NAKHON RATCHASIMA, TH",14.967,102.083,188.0,1981-08-27,4.7,28.2,35.2,
TH000048431,"NAKHON RATCHASIMA, TH",14.967,102.083,188.0,1981-08-28,0.0,28.8,34.9,
TH000048431,"NAKHON RATCHASIMA, TH",14.967,102.083,188.0,1981-08-29,0.0,29.4,35.5,
TH000048431,"NAKHON RATCHASIMA, TH",14.967,102.083,188.0,1981-08-30,0.0,30.3,34.9,
TH000048431,"NAKHON RATCHASIMA, TH",14.967,102.083,188.0,1981-08-31,28.0,27.8,34.9,
TH000048431,"NAKHON RATCHASIMA, TH",14.967,102.083,188.0,1981-09-01,0.2,26.4,34.0,
TH000048431,"NAKHON RATCHASIMA, TH",14.967,102.083,188.0,1981-09-02,0.0,29.0,34.0,
TH000048431,"NAKHON RATCHASIMA, TH",14.967,102.083,188.0,1981-09-03,0.0,28.7,34.5,
TH000048431,"NAKHON RATCHASIMA, TH",14.967,102.083,188.0,1981-09-04,0.0,28.5,34.3,
TH000048431,"NAKHON RATCHASIMA, TH",14.967,102.083,188.0,1981-09-05,0.0,28.9,35.4,
TH000048431,"NAKHON RATCHASIMA, TH",14.967,102.083,188.0,1981-09-06,0.0,28.2,34.5,
TH000048431,"NAKHON RATCHASIMA, TH",14.967,102.083,188.0,1981-09-07,0.2,28.0,34.0,
TH000048431,"NAKHON RATCHASIMA, TH",14.967,102.083,188.0,1981-09-08,14.2,26.8,34.2,
TH000048431,"NAKHON RATCHASIMA, TH",14.967,102.083,188.0,1981-09-09,0.0,26.6,32.8,
TH000048431,"NAKHON RATCHASIMA, TH",14.967,102.083,188.0,1981-09-10,9.3,26.8,34.2,
TH000048431,"NAKHON RATCHASIMA, TH",14.967,102.083,188.0,1981-09-11,0.0,28.5,33.5,
TH000048431,"NAKHON RATCHASIMA, TH",14.967,102.083,188.0,1981-09-12,0.0,29.5,34.4,
TH000048431,"NAKHON RATCHASIMA, TH",14.967,102.083,188.0,1981-09-13,15.1,26.9,32.8,
TH000048431,"NAKHON RATCHASIMA, TH",14.967,102.083,188.0,1981-09-14,1.1,27.4,32.5,
TH000048431,"NAKHON RATCHASIMA, TH",14.967,102.083,188.0,1981-09-15,2.6,29.2,32.8,
TH000048431,"NAKHON RATCHASIMA, TH",14.967,102.083,188.0,1981-09-16,0.1,27.7,31.7,
TH000048431,"NAKHON RATCHASIMA, TH",14.967,102.083,188.0,1981-09-17,0.0,27.8,31.8,
TH000048431,"NAKHON RATCHASIMA, TH",14.967,102.083,188.0,1981-09-18,0.1,27.8,32.2,
TH000048431,"NAKHON RATCHASIMA, TH",14.967,102.083,188.0,1981-09-19,0.4,28.7,32.2,
TH000048431,"NAKHON RATCHASIMA, TH",14.967,102.083,188.0,1981-09-20,19.7,28.0,32.2,
TH000048431,"NAKHON RATCHASIMA, TH",14.967,102.083,188.0,1981-09-21,2.9,26.0,30.3,
TH000048431,"NAKHON RATCHASIMA, TH",14.967,102.083,188.0,1981-09-22,0.6,27.0,31.5,
TH000048431,"NAKHON RATCHASIMA, TH",14.967,102.083,188.0,1981-09-23,68.3,28.6,31.5,
TH000048431,"NAKHON RATCHASIMA, TH",14.967,102.083,188.0,1981-09-24,14.9,27.0,32.0,
TH000048431,"NAKHON RATCHASIMA, TH",14.967,102.083,188.0,1981-09-25,0.0,28.1,32.3,
TH000048431,"NAKHON RATCHASIMA, TH",14.967,102.083,188.0,1981-09-26,14.5,26.6,32.5,
TH000048431,"NAKHON RATCHASIMA, TH",14.967,102.083,188.0,1981-09-27,0.1,28.8,32.2,
TH000048431,"NAKHON RATCHASIMA, TH",14.967,102.083,188.0,1981-09-28,17.4,25.4,31.7,
TH000048431,"NAKHON RATCHASIMA, TH",14.967,102.083,188.0,1981-09-29,2.5,28.3,33.1,
TH000048431,"NAKHON RATCHASIMA, TH",14.967,102.083,188.0,1981-09-30,0.0,28.5,32.6,
TH000048431,"NAKHON RATCHASIMA, TH",14.967,102.083,188.0,1981-10-01,0.0,28.4,33.2,
TH000048431,"NAKHON RATCHASIMA, TH",14.967,102.083,188.0,1981-10-02,0.0,28.0,32.3,
TH000048431,"NAKHON RATCHASIMA, TH",14.967,102.083,188.0,1981-10-03,0.0,28.8,32.8,
TH000048431,"NAKHON RATCHASIMA, TH",14.967,102.083,188.0,1981-10-04,0.0,28.1,33.7,
TH000048431,"NAKHON RATCHASIMA, TH",14.967,102.083,188.0,1981-10-05,0.0,27.6,31.5,
TH000048431,"NAKHON RATCHASIMA, TH",14.967,102.083,188.0,1981-10-06,0.0,28.4,33.4,
TH000048431,"NAKHON RATCHASIMA, TH",14.967,102.083,188.0,1981-10-07,0.2,28.4,34.0,
TH000048431,"NAKHON RATCHASIMA, TH",14.967,102.083,188.0,1981-10-08,4.7,27.4,33.5,
TH000048431,"NAKHON RATCHASIMA, TH",14.967,102.083,188.0,1981-10-09,4.9,27.3,32.0,
TH000048431,"NAKHON RATCHASIMA, TH",14.967,102.083,188.0,1981-10-10,0.0,26.0,28.7,
TH000048431,"NAKHON RATCHASIMA, TH",14.967,102.083,188.0,1981-10-11,2.5,25.4,28.4,
TH000048431,"NAKHON RATCHASIMA, TH",14.967,102.083,188.0,1981-10-12,17.4,25.4,29.0,
TH000048431,"NAKHON RATCHASIMA, TH",14.967,102.083,188.0,1981-10-13,0.0,27.2,30.8,
TH000048431,"NAKHON RATCHASIMA, TH",14.967,102.083,188.0,1981-10-14,0.9,27.3,31.0,
TH000048431,"NAKHON RATCHASIMA, TH",14.967,102.083,188.0,1981-10-15,35.6,24.1,26.0,
TH000048431,"NAKHON RATCHASIMA, TH",14.967,102.083,188.0,1981-10-16,2.0,26.3,30.3,
TH000048431,"NAKHON RATCHASIMA, TH",14.967,102.083,188.0,1981-10-17,2.8,26.6,31.0,
TH000048431,"NAKHON RATCHASIMA, TH",14.967,102.083,188.0,1981-10-18,7.2,26.1,30.2,
TH000048431,"NAKHON RATCHASIMA, TH",14.967,102.083,188.0,1981-10-19,0.0,27.5,32.2,
TH000048431,"NAKHON RATCHASIMA, TH",14.967,102.083,188.0,1981-10-20,0.0,28.9,33.6,
TH000048431,"NAKHON RATCHASIMA, TH",14.967,102.083,188.0,1981-10-21,0.0,28.5,34.0,
TH000048431,"NAKHON RATCHASIMA, TH",14.967,102.083,188.0,1981-10-22,0.0,28.4,34.0,
TH000048431,"NAKHON RATCHASIMA, TH",14.967,102.083,188.0,1981-10-23,4.8,27.3,33.2,
TH000048431,"NAKHON RATCHASIMA, TH",14.967,102.083,188.0,1981-10-24,0.0,24.6,28.6,
TH000048431,"NAKHON RATCHASIMA, TH",14.967,102.083,188.0,1981-10-25,0.0,25.3,30.0,
TH000048431,"NAKHON RATCHASIMA, TH",14.967,102.083,188.0,1981-10-26,0.0,26.4,29.5,
TH000048431,"NAKHON RATCHASIMA, TH",14.967,102.083,188.0,1981-10-27,0.0,26.8,30.8,
TH000048431,"NAKHON RATCHASIMA, TH",14.967,102.083,188.0,1981-10-28,0.2,25.5,29.6,
TH000048431,"NAKHON RATCHASIMA, TH",14.967,102.083,188.0,1981-10-29,0.0,26.1,30.4,
TH000048431,"NAKHON RATCHASIMA, TH",14.967,102.083,188.0,1981-10-30,0.0,25.6,30.8,
TH000048431,"NAKHON RATCHASIMA, TH",14.967,102.083,188.0,1981-10-31,0.0,27.1,31.3,
TH000048431,"NAKHON RATCHASIMA, TH",14.967,102.083,188.0,1981-11-01,4.3,24.8,29.7,
TH000048431,"NAKHON RATCHASIMA, TH",14.967,102.083,188.0,1981-11-02,10.5,25.3,29.0,
TH000048431,"NAKHON RATCHASIMA, TH",14.967,102.083,188.0,1981-11-03,1.3,27.5,32.2,
TH000048431,"NAKHON RATCHASIMA, TH",14.967,102.083,188.0,1981-11-04,0.0,26.6,31.4,
TH000048431,"NAKHON RATCHASIMA, TH",14.967,102.083,188.0,1981-11-05,0.0,27.4,31.1,
TH000048431,"NAKHON RATCHASIMA, TH",14.967,102.083,188.0,1981-11-06,84.3,25.3,29.8,
TH000048431,"NAKHON RATCHASIMA, TH",14.967,102.083,188.0,1981-11-07,0.5,25.8,30.0,
TH000048431,"NAKHON RATCHASIMA, TH",14.967,102.083,188.0,1981-11-08,0.0,23.4,27.3,
TH000048431,"NAKHON RATCHASIMA, TH",14.967,102.083,188.0,1981-11-09,0.0,21.6,25.4,
TH000048431,"NAKHON RATCHASIMA, TH",14.967,102.083,188.0,1981-11-10,0.0,21.5,24.8,
TH000048431,"NAKHON RATCHASIMA, TH",14.967,102.083,188.0,1981-11-11,0.0,23.8,27.3,
TH000048431,"NAKHON RATCHASIMA, TH",14.967,102.083,188.0,1981-11-12,0.0,25.3,29.3,
TH000048431,"NAKHON RATCHASIMA, TH",14.967,102.083,188.0,1981-11-13,0.4,25.5,29.7,
TH000048431,"NAKHON RATCHASIMA, TH",14.967,102.083,188.0,1981-11-14,9.9,24.6,28.0,
TH000048431,"NAKHON RATCHASIMA, TH",14.967,102.083,188.0,1981-11-15,0.0,25.7,29.1,
TH000048431,"NAKHON RATCHASIMA, TH",14.967,102.083,188.0,1981-11-16,0.0,26.1,30.0,
TH000048431,"NAKHON RATCHASIMA, TH",14.967,102.083,188.0,1981-11-17,19.2,26.0,30.3,
TH000048431,"NAKHON RATCHASIMA, TH",14.967,102.083,188.0,1981-11-18,0.7,25.0,29.1,
TH000048431,"NAKHON RATCHASIMA, TH",14.967,102.083,188.0,1981-11-19,0.7,26.1,30.0,
TH000048431,"NAKHON RATCHASIMA, TH",14.967,102.083,188.0,1981-11-20,0.8,26.0,30.1,
TH000048431,"NAKHON RATCHASIMA, TH",14.967,102.083,188.0,1981-11-21,0.0,25.7,29.5,
TH000048431,"NAKHON RATCHASIMA, TH",14.967,102.083,188.0,1981-11-22,0.0,24.6,29.4,
TH000048431,"NAKHON RATCHASIMA, TH",14.967,102.083,188.0,1981-11-23,0.0,24.8,27.8,
TH000048431,"NAKHON RATCHASIMA, TH",14.967,102.083,188.0,1981-11-24,0.0,27.0,31.7,
TH000048431,"NAKHON RATCHASIMA, TH",14.967,102.083,188.0,1981-11-25,0.0,27.7,32.3,
TH000048431,"NAKHON RATCHASIMA, TH",14.967,102.083,188.0,1981-11-26,0.0,26.1,30.6,
TH000048431,"NAKHON RATCHASIMA, TH",14.967,102.083,188.0,1981-11-27,0.0,26.4,31.9,
TH000048431,"NAKHON RATCHASIMA, TH",14.967,102.083,188.0,1981-11-28,0.0,23.0,28.2,
TH000048431,"NAKHON RATCHASIMA, TH",14.967,102.083,188.0,1981-11-29,0.0,22.7,27.4,
TH000048431,"NAKHON RATCHASIMA, TH",14.967,102.083,188.0,1981-11-30,0.0,23.1,27.7,
TH000048431,"NAKHON RATCHASIMA, TH",14.967,102.083,188.0,1981-12-01,0.0,21.0,25.1,
TH000048431,"NAKHON RATCHASIMA, TH",14.967,102.083,188.0,1981-12-02,0.1,21.2,24.7,
TH000048431,"NAKHON RATCHASIMA, TH",14.967,102.083,188.0,1981-12-03,0.0,21.1,25.3,
TH000048431,"NAKHON RATCHASIMA, TH",14.967,102.083,188.0,1981-12-04,0.0,21.8,27.3,
TH000048431,"NAKHON RATCHASIMA, TH",14.967,102.083,188.0,1981-12-05,0.0,23.3,28.9,
TH000048431,"NAKHON RATCHASIMA, TH",14.967,102.083,188.0,1981-12-06,0.0,22.1,27.6,
TH000048431,"NAKHON RATCHASIMA, TH",14.967,102.083,188.0,1981-12-07,0.0,20.3,25.2,
TH000048431,"NAKHON RATCHASIMA, TH",14.967,102.083,188.0,1981-12-08,0.0,20.7,25.7,
TH000048431,"NAKHON RATCHASIMA, TH",14.967,102.083,188.0,1981-12-09,0.0,23.2,28.1,
TH000048431,"NAKHON RATCHASIMA, TH",14.967,102.083,188.0,1981-12-10,0.0,24.4,27.6,
TH000048431,"NAKHON RATCHASIMA, TH",14.967,102.083,188.0,1981-12-11,0.0,23.2,26.4,
TH000048431,"NAKHON RATCHASIMA, TH",14.967,102.083,188.0,1981-12-12,0.0,23.5,29.3,
TH000048431,"NAKHON RATCHASIMA, TH",14.967,102.083,188.0,1981-12-13,0.0,24.3,29.6,
TH000048431,"NAKHON RATCHASIMA, TH",14.967,102.083,188.0,1981-12-14,0.0,22.9,28.0,
TH000048431,"NAKHON RATCHASIMA, TH",14.967,102.083,188.0,1981-12-15,0.0,21.4,26.2,
TH000048431,"NAKHON RATCHASIMA, TH",14.967,102.083,188.0,1981-12-16,0.0,21.4,25.9,
TH000048431,"NAKHON RATCHASIMA, TH",14.967,102.083,188.0,1981-12-17,0.0,21.5,27.1,
TH000048431,"NAKHON RATCHASIMA, TH",14.967,102.083,188.0,1981-12-18,0.0,22.3,27.8,
TH000048431,"NAKHON RATCHASIMA, TH",14.967,102.083,188.0,1981-12-19,0.0,20.6,26.0,
TH000048431,"NAKHON RATCHASIMA, TH",14.967,102.083,188.0,1981-12-20,0.0,18.6,23.5,
TH000048431,"NAKHON RATCHASIMA, TH",14.967,102.083,188.0,1981-12-21,0.0,19.3,24.4,
TH000048431,"NAKHON RATCHASIMA, TH",14.967,102.083,188.0,1981-12-22,0.0,18.2,25.3,
TH000048431,"NAKHON RATCHASIMA, TH",14.967,102.083,188.0,1981-12-23,0.0,19.9,26.2,
TH000048431,"NAKHON RATCHASIMA, TH",14.967,102.083,188.0,1981-12-24,0.0,19.1,26.7,
TH000048431,"NAKHON RATCHASIMA, TH",14.967,102.083,188.0,1981-12-25,0.0,19.4,27.2,
TH000048431,"NAKHON RATCHASIMA, TH",14.967,102.083,188.0,1981-12-26,0.0,20.4,27.5,
TH000048431,"NAKHON RATCHASIMA, TH",14.967,102.083,188.0,1981-12-27,0.0,20.6,28.2,
TH000048431,"NAKHON RATCHASIMA, TH",14.967,102.083,188.0,1981-12-28,0.0,22.3,29.8,
TH000048431,"NAKHON RATCHASIMA, TH",14.967,102.083,188.0,1981-12-29,0.0,23.3,31.5,
TH000048431,"NAKHON RATCHASIMA, TH",14.967,102.083,188.0,1981-12-30,0.0,24.7,32.2,
TH000048431,"NAKHON RATCHASIMA, TH",14.967,102.083,188.0,1981-12-31,0.0,23.8,32.8,
TH000048431,"NAKHON RATCHASIMA, TH",14.967,102.083,188.0,1982-01-01,0.0,24.5,30.8,
TH000048431,"NAKHON RATCHASIMA, TH",14.967,102.083,188.0,1982-01-02,0.0,25.2,31.3,
TH000048431,"NAKHON RATCHASIMA, TH",14.967,102.083,188.0,1982-01-03,0.0,24.4,31.4,
TH000048431,"NAKHON RATCHASIMA, TH",14.967,102.083,188.0,1982-01-04,0.0,25.3,31.5,
TH000048431,"NAKHON RATCHASIMA, TH",14.967,102.083,188.0,1982-01-05,0.0,22.7,29.5,
TH000048431,"NAKHON RATCHASIMA, TH",14.967,102.083,188.0,1982-01-06,0.0,24.1,30.1,
TH000048431,"NAKHON RATCHASIMA, TH",14.967,102.083,188.0,1982-01-07,0.0,23.2,28.6,
TH000048431,"NAKHON RATCHASIMA, TH",14.967,102.083,188.0,1982-01-08,0.0,20.3,26.5,
TH000048431,"NAKHON RATCHASIMA, TH",14.967,102.083,188.0,1982-01-09,0.0,19.7,27.1,
TH000048431,"NAKHON RATCHASIMA, TH",14.967,102.083,188.0,1982-01-10,0.0,21.1,28.2,
TH000048431,"NAKHON RATCHASIMA, TH",14.967,102.083,188.0,1982-01-11,0.0,22.5,30.3,
TH000048431,"NAKHON RATCHASIMA, TH",14.967,102.083,188.0,1982-01-12,0.0,23.9,31.0,
TH000048431,"NAKHON RATCHASIMA, TH",14.967,102.083,188.0,1982-01-13,0.0,22.8,30.7,
TH000048431,"NAKHON RATCHASIMA, TH",14.967,102.083,188.0,1982-01-14,0.0,20.7,29.8,
TH000048431,"NAKHON RATCHASIMA, TH",14.967,102.083,188.0,1982-01-15,0.0,22.0,29.1,
TH000048431,"NAKHON RATCHASIMA, TH",14.967,102.083,188.0,1982-01-16,0.0,22.7,28.8,
TH000048431,"NAKHON RATCHASIMA, TH",14.967,102.083,188.0,1982-01-17,0.0,23.6,29.2,
TH000048431,"NAKHON RATCHASIMA, TH",14.967,102.083,188.0,1982-01-18,0.0,20.9,27.3,
TH000048431,"NAKHON RATCHASIMA, TH",14.967,102.083,188.0,1982-01-19,0.0,19.9,26.8,
TH000048431,"NAKHON RATCHASIMA, TH",14.967,102.083,188.0,1982-01-20,0.0,21.6,29.5,
TH000048431,"NAKHON RATCHASIMA, TH",14.967,102.083,188.0,1982-01-21,0.0,22.3,30.4,
TH000048431,"NAKHON RATCHASIMA, TH",14.967,102.083,188.0,1982-01-22,0.0,23.1,31.7,
TH000048431,"NAKHON RATCHASIMA, TH",14.967,102.083,188.0,1982-01-23,0.0,26.1,32.3,
TH000048431,"NAKHON RATCHASIMA, TH",14.967,102.083,188.0,1982-01-24,0.0,24.6,32.2,
TH000048431,"NAKHON RATCHASIMA, TH",14.967,102.083,188.0,1982-01-25,0.0,23.8,32.4,
TH000048431,"NAKHON RATCHASIMA, TH",14.967,102.083,188.0,1982-01-26,0.0,22.8,29.3,
TH000048431,"NAKHON RATCHASIMA, TH",14.967,102.083,188.0,1982-01-27,0.0,22.4,29.1,
TH000048431,"NAKHON RATCHASIMA, TH",14.967,102.083,188.0,1982-01-28,0.0,23.2,29.2,
TH000048431,"NAKHON RATCHASIMA, TH",14.967,102.083,188.0,1982-01-29,0.0,23.4,29.7,
TH000048431,"NAKHON RATCHASIMA, TH",14.967,102.083,188.0,1982-01-30,0.0,23.8,30.6,
TH000048431,"NAKHON RATCHASIMA, TH",14.967,102.083,188.0,1982-01-31,0.0,24.4,31.2,
TH000048431,"NAKHON RATCHASIMA, TH",14.967,102.083,188.0,1982-02-01,0.0,25.8,31.2,
TH000048431,"NAKHON RATCHASIMA, TH",14.967,102.083,188.0,1982-02-02,0.0,26.0,31.0,
TH000048431,"NAKHON RATCHASIMA, TH",14.967,102.083,188.0,1982-02-03,0.0,26.1,32.4,
TH000048431,"NAKHON RATCHASIMA, TH",14.967,102.083,188.0,1982-02-04,0.0,27.0,34.5,
TH000048431,"NAKHON RATCHASIMA, TH",14.967,102.083,188.0,1982-02-05,5.8,27.2,34.2,
TH000048431,"NAKHON RATCHASIMA, TH",14.967,102.083,188.0,1982-02-06,0.3,27.1,31.2,
TH000048431,"NAKHON RATCHASIMA, TH",14.967,102.083,188.0,1982-02-07,0.0,25.9,31.7,
TH000048431,"NAKHON RATCHASIMA, TH",14.967,102.083,188.0,1982-02-08,0.0,26.8,33.6,
TH000048431,"NAKHON RATCHASIMA, TH",14.967,102.083,188.0,1982-02-09,0.0,27.9,34.2,
TH000048431,"NAKHON RATCHASIMA, TH",14.967,102.083,188.0,1982-02-10,31.8,26.1,32.5,
TH000048431,"NAKHON RATCHASIMA, TH",14.967,102.083,188.0,1982-02-11,0.0,22.1,26.0,
TH000048431,"NAKHON RATCHASIMA, TH",14.967,102.083,188.0,1982-02-12,0.0,24.2,29.5,
TH000048431,"NAKHON RATCHASIMA, TH",14.967,102.083,188.0,1982-02-13,0.0,25.8,31.1,
TH000048431,"NAKHON RATCHASIMA, TH",14.967,102.083,188.0,1982-02-14,0.0,25.4,31.1,
TH000048431,"NAKHON RATCHASIMA, TH",14.967,102.083,188.0,1982-02-15,0.0,23.8,29.3,
TH000048431,"NAKHON RATCHASIMA, TH",14.967,102.083,188.0,1982-02-16,0.0,23.4,29.1,
TH000048431,"NAKHON RATCHASIMA, TH",14.967,102.083,188.0,1982-02-17,0.0,26.1,32.0,
TH000048431,"NAKHON RATCHASIMA, TH",14.967,102.083,188.0,1982-02-18,0.0,27.6,33.3,
TH000048431,"NAKHON RATCHASIMA, TH",14.967,102.083,188.0,1982-02-19,0.3,28.4,34.8,
TH000048431,"NAKHON RATCHASIMA, TH",14.967,102.083,188.0,1982-02-20,0.0,29.6,35.9,
TH000048431,"NAKHON RATCHASIMA, TH",14.967,102.083,188.0,1982-02-21,0.0,29.4,36.9,
TH000048431,"NAKHON RATCHASIMA, TH",14.967,102.083,188.0,1982-02-22,0.0,30.0,36.7,
TH000048431,"NAKHON RATCHASIMA, TH",14.967,102.083,188.0,1982-02-23,0.0,29.9,37.6,
TH000048431,"NAKHON RATCHASIMA, TH",14.967,102.083,188.0,1982-02-24,0.0,28.8,36.9,
TH000048431,"NAKHON RATCHASIMA, TH",14.967,102.083,188.0,1982-02-25,0.0,29.2,37.8,
TH000048431,"NAKHON RATCHASIMA, TH",14.967,102.083,188.0,1982-02-26,0.0,29.6,36.0,
TH000048431,"NAKHON RATCHASIMA, TH",14.967,102.083,188.0,1982-02-27,0.0,29.3,37.5,
TH000048431,"NAKHON RATCHASIMA, TH",14.967,102.083,188.0,1982-02-28,0.0,30.2,37.3,
TH000048431,"NAKHON RATCHASIMA, TH",14.967,102.083,188.0,1982-03-01,3.2,29.6,37.2,
TH000048431,"NAKHON RATCHASIMA, TH",14.967,102.083,188.0,1982-03-02,0.0,29.2,35.5,
TH000048431,"NAKHON RATCHASIMA, TH",14.967,102.083,188.0,1982-03-03,0.0,28.4,33.9,
TH000048431,"NAKHON RATCHASIMA, TH",14.967,102.083,188.0,1982-03-04,0.4,28.7,36.1,
TH000048431,"NAKHON RATCHASIMA, TH",14.967,102.083,188.0,1982-03-05,0.0,29.6,36.6,
TH000048431,"NAKHON RATCHASIMA, TH",14.967,102.083,188.0,1982-03-06,0.0,30.8,37.0,
TH000048431,"NAKHON RATCHASIMA, TH",14.967,102.083,188.0,1982-03-07,0.0,30.3,37.7,
TH000048431,"NAKHON RATCHASIMA, TH",14.967,102.083,188.0,1982-03-08,0.0,30.8,38.1,
TH000048431,"NAKHON RATCHASIMA, TH",14.967,102.083,188.0,1982-03-09,0.0,30.3,37.7,
TH000048431,"NAKHON RATCHASIMA, TH",14.967,102.083,188.0,1982-03-10,0.0,30.1,36.7,
TH000048431,"NAKHON RATCHASIMA, TH",14.967,102.083,188.0,1982-03-11,3.8,29.9,37.3,
TH000048431,"NAKHON RATCHASIMA, TH",14.967,102.083,188.0,1982-03-12,0.0,30.6,37.7,
TH000048431,"NAKHON RATCHASIMA, TH",14.967,102.083,188.0,1982-03-13,0.0,30.8,38.0,
TH000048431,"NAKHON RATCHASIMA, TH",14.967,102.083,188.0,1982-03-14,0.0,30.9,38.5,
TH000048431,"NAKHON RATCHASIMA, TH",14.967,102.083,188.0,1982-03-15,0.0,31.1,37.7,
TH000048431,"NAKHON RATCHASIMA, TH",14.967,102.083,188.0,1982-03-16,0.0,31.1,39.0,
TH000048431,"NAKHON RATCHASIMA, TH",14.967,102.083,188.0,1982-03-17,0.0,30.7,37.7,
TH000048431,"NAKHON RATCHASIMA, TH",14.967,102.083,188.0,1982-03-18,0.0,30.8,37.7,
TH000048431,"NAKHON RATCHASIMA, TH",14.967,102.083,188.0,1982-03-19,0.0,31.5,38.8,
TH000048431,"NAKHON RATCHASIMA, TH",14.967,102.083,188.0,1982-03-20,0.0,31.2,38.2,
TH000048431,"NAKHON RATCHASIMA, TH",14.967,102.083,188.0,1982-03-21,0.0,31.4,38.0,
TH000048431,"NAKHON RATCHASIMA, TH",14.967,102.083,188.0,1982-03-22,0.0,30.8,36.0,
TH000048431,"NAKHON RATCHASIMA, TH",14.967,102.083,188.0,1982-03-23,0.0,31.0,37.4,
TH000048431,"NAKHON RATCHASIMA, TH",14.967,102.083,188.0,1982-03-24,0.0,30.9,39.5,
TH000048431,"NAKHON RATCHASIMA, TH",14.967,102.083,188.0,1982-03-25,4.5,30.6,36.0,
TH000048431,"NAKHON RATCHASIMA, TH",14.967,102.083,188.0,1982-03-26,2.4,24.2,26.6,
TH000048431,"NAKHON RATCHASIMA, TH",14.967,102.083,188.0,1982-03-27,12.9,24.2,29.2,
TH000048431,"NAKHON RATCHASIMA, TH",14.967,102.083,188.0,1982-03-28,0.0,25.1,28.7,
TH000048431,"NAKHON RATCHASIMA, TH",14.967,102.083,188.0,1982-03-29,0.0,26.7,32.0,
TH000048431,"NAKHON RATCHASIMA, TH",14.967,102.083,188.0,1982-03-30,0.1,25.6,31.6,
TH000048431,"NAKHON RATCHASIMA, TH",14.967,102.083,188.0,1982-03-31,0.0,26.5,33.0,
TH000048431,"NAKHON RATCHASIMA, TH",14.967,102.083,188.0,1982-04-01,0.0,28.7,35.2,
TH000048431,"NAKHON RATCHASIMA, TH",14.967,102.083,188.0,1982-04-02,0.0,29.3,36.7,
TH000048431,"NAKHON RATCHASIMA, TH",14.967,102.083,188.0,1982-04-03,0.0,30.4,37.5,
TH000048431,"NAKHON RATCHASIMA, TH",14.967,102.083,188.0,1982-04-04,0.0,26.6,32.0,
TH000048431,"NAKHON RATCHASIMA, TH",14.967,102.083,188.0,1982-04-05,0.0,23.1,26.1,
TH000048431,"NAKHON RATCHASIMA, TH",14.967,102.083,188.0,1982-04-06,0.0,27.0,32.5,
TH000048431,"NAKHON RATCHASIMA, TH",14.967,102.083,188.0,1982-04-07,0.0,29.6,36.1,
TH000048431,"NAKHON RATCHASIMA, TH",14.967,102.083,188.0,1982-04-08,1.9,27.9,36.4,
TH000048431,"NAKHON RATCHASIMA, TH",14.967,102.083,188.0,1982-04-09,0.0,24.2,26.7,
TH000048431,"NAKHON RATCHASIMA, TH",14.967,102.083,188.0,1982-04-10,0.0,25.2,29.4,
TH000048431,"NAKHON RATCHASIMA, TH",14.967,102.083,188.0,1982-04-11,0.0,28.1,33.0,
TH000048431,"NAKHON RATCHASIMA, TH",14.967,102.083,188.0,1982-04-12,0.0,28.6,34.2,
TH000048431,"NAKHON RATCHASIMA, TH",14.967,102.083,188.0,1982-04-13,0.6,27.4,35.0,
TH000048431,"NAKHON RATCHASIMA, TH",14.967,102.083,188.0,1982-04-14,0.0,26.8,29.5,
TH000048431,"NAKHON RATCHASIMA, TH",14.967,102.083,188.0,1982-04-15,4.5,25.8,30.3,
TH000048431,"NAKHON RATCHASIMA, TH",14.967,102.083,188.0,1982-04-16,0.0,25.6,31.0,
TH000048431,"NAKHON RATCHASIMA, TH",14.967,102.083,188.0,1982-04-17,0.0,28.2,33.3,
TH000048431,"NAKHON RATCHASIMA, TH",14.967,102.083,188.0,1982-04-18,2.5,26.8,34.0,
TH000048431,"NAKHON RATCHASIMA, TH",14.967,102.083,188.0,1982-04-19,0.0,25.9,29.9,
TH000048431,"NAKHON RATCHASIMA, TH",14.967,102.083,188.0,1982-04-20,0.0,28.3,33.8,
TH000048431,"NAKHON RATCHASIMA, TH",14.967,102.083,188.0,1982-04-21,0.0,29.4,35.5,
TH000048431,"NAKHON RATCHASIMA, TH",14.967,102.083,188.0,1982-04-22,0.0,30.9,37.3,
TH000048431,"NAKHON RATCHASIMA, TH",14.967,102.083,188.0,1982-04-23,0.0,30.9,38.3,
TH000048431,"NAKHON RATCHASIMA, TH",14.967,102.083,188.0,1982-04-24,16.9,28.3,37.2,
TH000048431,"NAKHON RATCHASIMA, TH",14.967,102.083,188.0,1982-04-25,0.0,29.5,37.0,
TH000048431,"NAKHON RATCHASIMA, TH",14.967,102.083,188.0,1982-04-26,0.0,30.6,37.4,
TH000048431,"NAKHON RATCHASIMA, TH",14.967,102.083,188.0,1982-04-27,0.0,31.5,38.2,
TH000048431,"NAKHON RATCHASIMA, TH",14.967,102.083,188.0,1982-04-28,13.2,32.8,38.8,
TH000048431,"NAKHON RATCHASIMA, TH",14.967,102.083,188.0,1982-04-29,0.0,31.0,37.6,
TH000048431,"NAKHON RATCHASIMA, TH",14.967,102.083,188.0,1982-04-30,0.0,31.9,38.1,
TH000048431,"NAKHON RATCHASIMA, TH",14.967,102.083,188.0,1982-05-01,0.0,31.1,38.5,
TH000048431,"NAKHON RATCHASIMA, TH",14.967,102.083,188.0,1982-05-02,0.0,32.1,38.8,
TH000048431,"NAKHON RATCHASIMA, TH",14.967,102.083,188.0,1982-05-03,0.0,32.4,39.0,
TH000048431,"NAKHON RATCHASIMA, TH",14.967,102.083,188.0,1982-05-04,0.0,31.6,37.3,
TH000048431,"NAKHON RATCHASIMA, TH",14.967,102.083,188.0,1982-05-05,0.0,30.4,35.7,
TH000048431,"NAKHON RATCHASIMA, TH",14.967,102.083,188.0,1982-05-06,0.0,31.5,37.9,
TH000048431,"NAKHON RATCHASIMA, TH",14.967,102.083,188.0,1982-05-07,0.0,30.9,37.0,
TH000048431,"NAKHON RATCHASIMA, TH",14.967,102.083,188.0,1982-05-08,0.1,31.1,36.0,
TH000048431,"NAKHON RATCHASIMA, TH",14.967,102.083,188.0,1982-05-09,0.0,31.4,38.9,
TH000048431,"NAKHON RATCHASIMA, TH",14.967,102.083,188.0,1982-05-10,0.2,30.1,37.2,
TH000048431,"NAKHON RATCHASIMA, TH",14.967,102.083,188.0,1982-05-11,0.0,30.7,37.5,
TH000048431,"NAKHON RATCHASIMA, TH",14.967,102.083,188.0,1982-05-12,0.0,32.4,39.0,
TH000048431,"NAKHON RATCHASIMA, TH",14.967,102.083,188.0,1982-05-13,4.2,32.1,39.5,
TH000048431,"NAKHON RATCHASIMA, TH",14.967,102.083,188.0,1982-05-14,0.0,27.3,31.3,
TH000048431,"NAKHON RATCHASIMA, TH",14.967,102.083,188.0,1982-05-15,1.8,27.6,34.2,
TH000048431,"NAKHON RATCHASIMA, TH",14.967,102.083,188.0,1982-05-16,0.0,29.7,34.6,
TH000048431,"NAKHON RATCHASIMA, TH",14.967,102.083,188.0,1982-05-17,0.3,28.4,36.0,
TH000048431,"NAKHON RATCHASIMA, TH",14.967,102.083,188.0,1982-05-18,32.9,29.5,35.8,
TH000048431,"NAKHON RATCHASIMA, TH",14.967,102.083,188.0,1982-05-19,0.4,28.3,35.1,
TH000048431,"NAKHON RATCHASIMA, TH",14.967,102.083,188.0,1982-05-20,0.0,28.9,33.7,
TH000048431,"NAKHON RATCHASIMA, TH",14.967,102.083,188.0,1982-05-21,0.0,30.8,35.9,
TH000048431,"NAKHON RATCHASIMA, TH",14.967,102.083,188.0,1982-05-22,0.0,26.7,33.5,
TH000048431,"NAKHON RATCHASIMA, TH",14.967,102.083,188.0,1982-05-23,0.0,27.9,33.5,
TH000048431,"NAKHON RATCHASIMA, TH",14.967,102.083,188.0,1982-05-24,4.8,28.1,33.7,
TH000048431,"NAKHON RATCHASIMA, TH",14.967,102.083,188.0,1982-05-25,3.8,27.2,33.5,
TH000048431,"NAKHON RATCHASIMA, TH",14.967,102.083,188.0,1982-05-26,0.0,29.8,35.5,
TH000048431,"NAKHON RATCHASIMA, TH",14.967,102.083,188.0,1982-05-27,0.0,28.7,35.0,
TH000048431,"NAKHON RATCHASIMA, TH",14.967,102.083,188.0,1982-05-28,0.1,29.1,34.9,
TH000048431,"NAKHON RATCHASIMA, TH",14.967,102.083,188.0,1982-05-29,0.0,29.7,35.3,
TH000048431,"NAKHON RATCHASIMA, TH",14.967,102.083,188.0,1982-05-30,0.0,29.9,35.6,
TH000048431,"NAKHON RATCHASIMA, TH",14.967,102.083,188.0,1982-05-31,0.0,29.2,36.3,
TH000048431,"NAKHON RATCHASIMA, TH",14.967,102.083,188.0,1982-06-01,0.0,29.9,34.5,
TH000048431,"NAKHON RATCHASIMA, TH",14.967,102.083,188.0,1982-06-02,0.0,30.8,36.0,
TH000048431,"NAKHON RATCHASIMA, TH",14.967,102.083,188.0,1982-06-03,0.0,31.2,36.4,
TH000048431,"NAKHON RATCHASIMA, TH",14.967,102.083,188.0,1982-06-04,46.1,28.7,35.8,
TH000048431,"NAKHON RATCHASIMA, TH",14.967,102.083,188.0,1982-06-05,8.0,28.2,34.0,
TH000048431,"NAKHON RATCHASIMA, TH",14.967,102.083,188.0,1982-06-06,0.2,28.0,33.4,
TH000048431,"NAKHON RATCHASIMA, TH",14.967,102.083,188.0,1982-06-07,0.8,28.2,32.6,
TH000048431,"NAKHON RATCHASIMA, TH",14.967,102.083,188.0,1982-06-08,52.9,26.7,31.0,
TH000048431,"NAKHON RATCHASIMA, TH",14.967,102.083,188.0,1982-06-09,15.4,27.0,32.7,
TH000048431,"NAKHON RATCHASIMA, TH",14.967,102.083,188.0,1982-06-10,0.0,27.4,31.9,
TH000048431,"NAKHON RATCHASIMA, TH",14.967,102.083,188.0,1982-06-11,6.1,27.6,32.4,
TH000048431,"NAKHON RATCHASIMA, TH",14.967,102.083,188.0,1982-06-12,0.2,27.7,33.4,
TH000048431,"NAKHON RATCHASIMA, TH",14.967,102.083,188.0,1982-06-13,0.0,28.9,33.0,
TH000048431,"NAKHON RATCHASIMA, TH",14.967,102.083,188.0,1982-06-14,0.0,28.6,33.5,
TH000048431,"NAKHON RATCHASIMA, TH",14.967,102.083,188.0,1982-06-15,0.0,28.5,32.8,
TH000048431,"NAKHON RATCHASIMA, TH",14.967,102.083,188.0,1982-06-16,3.2,28.9,34.4,
TH000048431,"NAKHON RATCHASIMA, TH",14.967,102.083,188.0,1982-06-17,0.0,29.7,35.0,
TH000048431,"NAKHON RATCHASIMA, TH",14.967,102.083,188.0,1982-06-18,0.0,30.2,35.5,
TH000048431,"NAKHON RATCHASIMA, TH",14.967,102.083,188.0,1982-06-19,16.0,28.4,34.5,
TH000048431,"NAKHON RATCHASIMA, TH",14.967,102.083,188.0,1982-06-20,0.0,29.4,33.6,
TH000048431,"NAKHON RATCHASIMA, TH",14.967,102.083,188.0,1982-06-21,0.0,28.9,33.2,
TH000048431,"NAKHON RATCHASIMA, TH",14.967,102.083,188.0,1982-06-22,0.0,28.6,32.2,
TH000048431,"NAKHON RATCHASIMA, TH",14.967,102.083,188.0,1982-06-23,0.0,28.3,33.5,
TH000048431,"NAKHON RATCHASIMA, TH",14.967,102.083,188.0,1982-06-24,0.0,29.1,33.5,
TH000048431,"NAKHON RATCHASIMA, TH",14.967,102.083,188.0,1982-06-25,2.3,28.5,33.2,
TH000048431,"NAKHON RATCHASIMA, TH",14.967,102.083,188.0,1982-06-26,15.7,27.4,33.6,
TH000048431,"NAKHON RATCHASIMA, TH",14.967,102.083,188.0,1982-06-27,0.0,27.8,31.4,
TH000048431,"NAKHON RATCHASIMA, TH",14.967,102.083,188.0,1982-06-28,0.0,28.3,32.8,
TH000048431,"NAKHON RATCHASIMA, TH",14.967,102.083,188.0,1982-06-29,5.5,27.4,33.0,
TH000048431,"NAKHON RATCHASIMA, TH",14.967,102.083,188.0,1982-06-30,0.0,29.1,33.3,
TH000048431,"NAKHON RATCHASIMA, TH",14.967,102.083,188.0,1982-07-01,0.0,28.3,33.2,
TH000048431,"NAKHON RATCHASIMA, TH",14.967,102.083,188.0,1982-07-02,0.0,28.8,33.2,
TH000048431,"NAKHON RATCHASIMA, TH",14.967,102.083,188.0,1982-07-03,1.5,28.4,34.4,
TH000048431,"NAKHON RATCHASIMA, TH",14.967,102.083,188.0,1982-07-04,0.0,29.7,33.7,
TH000048431,"NAKHON RATCHASIMA, TH",14.967,102.083,188.0,1982-07-05,0.0,30.2,34.5,
TH000048431,"NAKHON RATCHASIMA, TH",14.967,102.083,188.0,1982-07-06,0.0,29.9,35.0,
TH000048431,"NAKHON RATCHASIMA, TH",14.967,102.083,188.0,1982-07-07,0.0,29.7,36.0,
TH000048431,"NAKHON RATCHASIMA, TH",14.967,102.083,188.0,1982-07-08,0.0,28.4,34.1,
TH000048431,"NAKHON RATCHASIMA, TH",14.967,102.083,188.0,1982-07-09,1.5,28.1,33.9,
TH000048431,"NAKHON RATCHASIMA, TH",14.967,102.083,188.0,1982-07-10,0.0,28.0,33.8,
TH000048431,"NAKHON RATCHASIMA, TH",14.967,102.083,188.0,1982-07-11,9.2,27.6,33.5,
TH000048431,"NAKHON RATCHASIMA, TH",14.967,102.083,188.0,1982-07-12,0.0,29.1,34.5,
TH000048431,"NAKHON RATCHASIMA, TH",14.967,102.083,188.0,1982-07-13,0.0,29.1,34.3,
TH000048431,"NAKHON RATCHASIMA, TH",14.967,102.083,188.0,1982-07-14,1.6,27.9,33.5,
TH000048431,"NAKHON RATCHASIMA, TH",14.967,102.083,188.0,1982-07-15,0.0,28.6,33.1,
TH000048431,"NAKHON RATCHASIMA, TH",14.967,102.083,188.0,1982-07-16,0.0,29.4,35.1,
TH000048431,"NAKHON RATCHASIMA, TH",14.967,102.083,188.0,1982-07-17,0.0,30.6,34.7,
TH000048431,"NAKHON RATCHASIMA, TH",14.967,102.083,188.0,1982-07-18,25.0,28.5,35.8,
TH000048431,"NAKHON RATCHASIMA, TH",14.967,102.083,188.0,1982-07-19,27.6,27.4,30.8,
TH000048431,"NAKHON RATCHASIMA, TH",14.967,102.083,188.0,1982-07-20,82.9,28.7,33.5,
TH000048431,"NAKHON RATCHASIMA, TH",14.967,102.083,188.0,1982-07-21,14.5,25.7,32.0,
TH000048431,"NAKHON RATCHASIMA, TH",14.967,102.083,188.0,1982-07-22,0.0,27.6,32.4,
TH000048431,"NAKHON RATCHASIMA, TH",14.967,102.083,188.0,1982-07-23,0.0,28.9,33.8,
TH000048431,"NAKHON RATCHASIMA, TH",14.967,102.083,188.0,1982-07-24,0.0,28.8,33.5,
TH000048431,"NAKHON RATCHASIMA, TH",14.967,102.083,188.0,1982-07-25,0.0,28.4,33.4,
TH000048431,"NAKHON RATCHASIMA, TH",14.967,102.083,188.0,1982-07-26,0.0,28.4,33.2,
TH000048431,"NAKHON RATCHASIMA, TH",14.967,102.083,188.0,1982-07-27,0.0,28.4,33.1,
TH000048431,"NAKHON RATCHASIMA, TH",14.967,102.083,188.0,1982-07-28,0.0,28.6,32.3,
TH000048431,"NAKHON RATCHASIMA, TH",14.967,102.083,188.0,1982-07-29,0.0,29.2,33.0,
TH000048431,"NAKHON RATCHASIMA, TH",14.967,102.083,188.0,1982-07-30,0.0,29.3,34.3,
TH000048431,"NAKHON RATCHASIMA, TH",14.967,102.083,188.0,1982-07-31,2.3,27.8,34.1,
TH000048431,"NAKHON RATCHASIMA, TH",14.967,102.083,188.0,1982-08-01,0.0,27.9,32.0,
TH000048431,"NAKHON RATCHASIMA, TH",14.967,102.083,188.0,1982-08-02,0.1,29.4,34.3,
TH000048431,"NAKHON RATCHASIMA, TH",14.967,102.083,188.0,1982-08-03,20.0,29.9,35.8,
TH000048431,"NAKHON RATCHASIMA, TH",14.967,102.083,188.0,1982-08-04,2.4,25.9,28.3,
TH000048431,"NAKHON RATCHASIMA, TH",14.967,102.083,188.0,1982-08-05,0.0,28.3,33.0,
TH000048431,"NAKHON RATCHASIMA, TH",14.967,102.083,188.0,1982-08-06,0.0,28.4,32.7,
TH000048431,"NAKHON RATCHASIMA, TH",14.967,102.083,188.0,1982-08-07,0.2,27.5,32.1,
TH000048431,"NAKHON RATCHASIMA, TH",14.967,102.083,188.0,1982-08-08,0.4,26.3,28.9,
TH000048431,"NAKHON RATCHASIMA, TH",14.967,102.083,188.0,1982-08-09,0.5,26.2,28.7,
TH000048431,"NAKHON RATCHASIMA, TH",14.967,102.083,188.0,1982-08-10,0.0,28.4,32.7,
TH000048431,"NAKHON RATCHASIMA, TH",14.967,102.083,188.0,1982-08-11,0.0,28.5,34.7,
TH000048431,"NAKHON RATCHASIMA, TH",14.967,102.083,188.0,1982-08-12,0.0,28.4,33.0,
TH000048431,"NAKHON RATCHASIMA, TH",14.967,102.083,188.0,1982-08-13,0.0,28.2,33.5,
TH000048431,"NAKHON RATCHASIMA, TH",14.967,102.083,188.0,1982-08-14,0.0,28.7,33.3,
TH000048431,"NAKHON RATCHASIMA, TH",14.967,102.083,188.0,1982-08-15,6.1,29.4,35.0,
TH000048431,"NAKHON RATCHASIMA, TH",14.967,102.083,188.0,1982-08-16,1.9,27.7,34.8,
TH000048431,"NAKHON RATCHASIMA, TH",14.967,102.083,188.0,1982-08-17,5.6,26.3,30.3,
TH000048431,"NAKHON RATCHASIMA, TH",14.967,102.083,188.0,1982-08-18,0.4,26.4,29.4,
TH000048431,"NAKHON RATCHASIMA, TH",14.967,102.083,188.0,1982-08-19,3.1,27.5,30.9,
TH000048431,"NAKHON RATCHASIMA, TH",14.967,102.083,188.0,1982-08-20,18.7,25.3,29.4,
TH000048431,"NAKHON RATCHASIMA, TH",14.967,102.083,188.0,1982-08-21,0.3,26.1,31.0,
TH000048431,"NAKHON RATCHASIMA, TH",14.967,102.083,188.0,1982-08-22,0.0,28.1,32.3,
TH000048431,"NAKHON RATCHASIMA, TH",14.967,102.083,188.0,1982-08-23,37.8,26.0,31.7,
TH000048431,"NAKHON RATCHASIMA, TH",14.967,102.083,188.0,1982-08-24,10.9,24.7,28.6,
TH000048431,"NAKHON RATCHASIMA, TH",14.967,102.083,188.0,1982-08-25,0.1,26.7,31.3,
TH000048431,"NAKHON RATCHASIMA, TH",14.967,102.083,188.0,1982-08-26,0.0,27.4,33.1,
TH000048431,"NAKHON RATCHASIMA, TH",14.967,102.083,188.0,1982-08-27,0.1,27.6,31.4,
TH000048431,"NAKHON RATCHASIMA, TH",14.967,102.083,188.0,1982-08-28,12.4,27.2,33.4,
TH000048431,"NAKHON RATCHASIMA, TH",14.967,102.083,188.0,1982-08-29,2.3,28.1,32.8,
TH000048431,"NAKHON RATCHASIMA, TH",14.967,102.083,188.0,1982-08-30,0.2,27.1,31.4,
TH000048431,"NAKHON RATCHASIMA, TH",14.967,102.083,188.0,1982-08-31,38.3,28.4,33.7,
TH000048431,"NAKHON RATCHASIMA, TH",14.967,102.083,188.0,1982-09-01,2.3,27.8,32.8,
TH000048431,"NAKHON RATCHASIMA, TH",14.967,102.083,188.0,1982-09-02,0.2,26.8,32.6,
TH000048431,"NAKHON RATCHASIMA, TH",14.967,102.083,188.0,1982-09-03,1.5,28.3,33.0,
TH000048431,"NAKHON RATCHASIMA, TH",14.967,102.083,188.0,1982-09-04,3.0,28.2,32.7,
TH000048431,"NAKHON RATCHASIMA, TH",14.967,102.083,188.0,1982-09-05,29.9,26.4,31.6,
TH000048431,"NAKHON RATCHASIMA, TH",14.967,102.083,188.0,1982-09-06,1.9,26.4,31.3,
TH000048431,"NAKHON RATCHASIMA, TH",14.967,102.083,188.0,1982-09-07,54.6,23.1,24.5,
TH000048431,"NAKHON RATCHASIMA, TH",14.967,102.083,188.0,1982-09-08,19.9,23.8,26.4,
TH000048431,"NAKHON RATCHASIMA, TH",14.967,102.083,188.0,1982-09-09,81.9,22.9,24.2,
TH000048431,"NAKHON RATCHASIMA, TH",14.967,102.083,188.0,1982-09-10,21.2,21.9,23.0,
TH000048431,"NAKHON RATCHASIMA, TH",14.967,102.083,188.0,1982-09-11,0.1,24.7,28.4,
TH000048431,"NAKHON RATCHASIMA, TH",14.967,102.083,188.0,1982-09-12,0.0,26.8,31.0,
TH000048431,"NAKHON RATCHASIMA, TH",14.967,102.083,188.0,1982-09-13,0.0,27.6,33.0,
TH000048431,"NAKHON RATCHASIMA, TH",14.967,102.083,188.0,1982-09-14,0.0,28.0,32.8,
TH000048431,"NAKHON RATCHASIMA, TH",14.967,102.083,188.0,1982-09-15,0.0,27.6,31.0,
TH000048431,"NAKHON RATCHASIMA, TH",14.967,102.083,188.0,1982-09-16,0.2,26.3,32.4,
TH000048431,"NAKHON RATCHASIMA, TH",14.967,102.083,188.0,1982-09-17,42.5,25.9,31.0,
TH000048431,"NAKHON RATCHASIMA, TH",14.967,102.083,188.0,1982-09-18,15.1,26.1,31.0,
TH000048431,"NAKHON RATCHASIMA, TH",14.967,102.083,188.0,1982-09-19,0.0,27.7,32.7,
TH000048431,"NAKHON RATCHASIMA, TH",14.967,102.083,188.0,1982-09-20,0.0,27.3,33.1,
TH000048431,"NAKHON RATCHASIMA, TH",14.967,102.083,188.0,1982-09-21,1.2,27.0,33.5,
TH000048431,"NAKHON RATCHASIMA, TH",14.967,102.083,188.0,1982-09-22,0.0,27.7,33.7,
TH000048431,"NAKHON RATCHASIMA, TH",14.967,102.083,188.0,1982-09-23,1.3,27.0,32.8,
TH000048431,"NAKHON RATCHASIMA, TH",14.967,102.083,188.0,1982-09-24,11.0,26.4,31.2,
TH000048431,"NAKHON RATCHASIMA, TH",14.967,102.083,188.0,1982-09-25,0.0,26.9,32.4,
TH000048431,"NAKHON RATCHASIMA, TH",14.967,102.083,188.0,1982-09-26,1.3,25.8,27.5,
TH000048431,"NAKHON RATCHASIMA, TH",14.967,102.083,188.0,1982-09-27,0.0,26.4,30.9,
TH000048431,"NAKHON RATCHASIMA, TH",14.967,102.083,188.0,1982-09-28,1.4,26.7,32.2,
TH000048431,"NAKHON RATCHASIMA, TH",14.967,102.083,188.0,1982-09-29,19.7,24.7,27.0,
TH000048431,"NAKHON RATCHASIMA, TH",14.967,102.083,188.0,1982-09-30,0.3,26.7,31.6,
TH000048431,"NAKHON RATCHASIMA, TH",14.967,102.083,188.0,1982-10-01,13.0,26.3,31.0,
TH000048431,"NAKHON RATCHASIMA, TH",14.967,102.083,188.0,1982-10-02,0.0,26.7,31.6,
TH000048431,"NAKHON RATCHASIMA, TH",14.967,102.083,188.0,1982-10-03,0.0,26.4,31.4,
TH000048431,"NAKHON RATCHASIMA, TH",14.967,102.083,188.0,1982-10-04,0.0,27.2,31.8,
TH000048431,"NAKHON RATCHASIMA, TH",14.967,102.083,188.0,1982-10-05,0.1,27.3,32.1,
TH000048431,"NAKHON RATCHASIMA, TH",14.967,102.083,188.0,1982-10-06,0.0,27.4,32.0,
TH000048431,"NAKHON RATCHASIMA, TH",14.967,102.083,188.0,1982-10-07,0.0,28.0,32.7,
TH000048431,"NAKHON RATCHASIMA, TH",14.967,102.083,188.0,1982-10-08,0.0,28.1,33.0,
TH000048431,"NAKHON RATCHASIMA, TH",14.967,102.083,188.0,1982-10-09,0.7,27.8,33.2,
TH000048431,"NAKHON RATCHASIMA, TH",14.967,102.083,188.0,1982-10-10,8.1,25.7,31.5,
TH000048431,"NAKHON RATCHASIMA, TH",14.967,102.083,188.0,1982-10-11,7.2,25.5,28.3,
TH000048431,"NAKHON RATCHASIMA, TH",14.967,102.083,188.0,1982-10-12,0.0,27.6,30.1,
TH000048431,"NAKHON RATCHASIMA, TH",14.967,102.083,188.0,1982-10-13,0.0,26.3,30.1,
TH000048431,"NAKHON RATCHASIMA, TH",14.967,102.083,188.0,1982-10-14,0.0,27.4,31.2,
TH000048431,"NAKHON RATCHASIMA, TH",14.967,102.083,188.0,1982-10-15,0.0,26.6,30.6,
TH000048431,"NAKHON RATCHASIMA, TH",14.967,102.083,188.0,1982-10-16,0.0,26.8,31.0,
TH000048431,"NAKHON RATCHASIMA, TH",14.967,102.083,188.0,1982-10-17,0.0,27.3,31.4,
TH000048431,"NAKHON RATCHASIMA, TH",14.967,102.083,188.0,1982-10-18,0.0,27.6,32.5,
TH000048431,"NAKHON RATCHASIMA, TH",14.967,102.083,188.0,1982-10-19,1.4,27.3,32.3,
TH000048431,"NAKHON RATCHASIMA, TH",14.967,102.083,188.0,1982-10-20,13.8,23.9,30.3,
TH000048431,"NAKHON RATCHASIMA, TH",14.967,102.083,188.0,1982-10-21,0.5,26.2,32.3,
TH000048431,"NAKHON RATCHASIMA, TH",14.967,102.083,188.0,1982-10-22,0.0,26.4,32.0,
TH000048431,"NAKHON RATCHASIMA, TH",14.967,102.083,188.0,1982-10-23,0.0,26.4,31.7,
TH000048431,"NAKHON RATCHASIMA, TH",14.967,102.083,188.0,1982-10-24,0.0,26.9,30.2,
TH000048431,"NAKHON RATCHASIMA, TH",14.967,102.083,188.0,1982-10-25,8.7,24.9,30.6,
TH000048431,"NAKHON RATCHASIMA, TH",14.967,102.083,188.0,1982-10-26,0.0,26.1,30.5,
TH000048431,"NAKHON RATCHASIMA, TH",14.967,102.083,188.0,1982-10-27,0.0,26.7,31.6,
TH000048431,"NAKHON RATCHASIMA, TH",14.967,102.083,188.0,1982-10-28,0.0,27.3,32.1,
TH000048431,"NAKHON RATCHASIMA, TH",14.967,102.083,188.0,1982-10-29,0.0,27.7,32.3,
TH000048431,"NAKHON RATCHASIMA, TH",14.967,102.083,188.0,1982-10-30,0.0,27.6,31.6,
TH000048431,"NAKHON RATCHASIMA, TH",14.967,102.083,188.0,1982-10-31,0.0,27.0,30.8,
TH000048431,"NAKHON RATCHASIMA, TH",14.967,102.083,188.0,1982-11-01,0.0,27.3,31.1,
TH000048431,"NAKHON RATCHASIMA, TH",14.967,102.083,188.0,1982-11-02,0.0,27.3,31.4,
TH000048431,"NAKHON RATCHASIMA, TH",14.967,102.083,188.0,1982-11-03,0.0,27.2,31.2,
TH000048431,"NAKHON RATCHASIMA, TH",14.967,102.083,188.0,1982-11-04,0.0,25.9,30.5,
TH000048431,"NAKHON RATCHASIMA, TH",14.967,102.083,188.0,1982-11-05,0.0,26.4,31.6,
TH000048431,"NAKHON RATCHASIMA, TH",14.967,102.083,188.0,1982-11-06,0.0,26.8,31.8,
TH000048431,"NAKHON RATCHASIMA, TH",14.967,102.083,188.0,1982-11-07,0.0,26.8,31.0,
TH000048431,"NAKHON RATCHASIMA, TH",14.967,102.083,188.0,1982-11-08,0.0,26.8,30.6,
TH000048431,"NAKHON RATCHASIMA, TH",14.967,102.083,188.0,1982-11-09,0.0,26.8,31.7,
TH000048431,"NAKHON RATCHASIMA, TH",14.967,102.083,188.0,1982-11-10,0.0,24.0,28.2,
TH000048431,"NAKHON RATCHASIMA, TH",14.967,102.083,188.0,1982-11-11,0.0,24.0,27.8,
TH000048431,"NAKHON RATCHASIMA, TH",14.967,102.083,188.0,1982-11-12,0.0,25.8,30.2,
TH000048431,"NAKHON RATCHASIMA, TH",14.967,102.083,188.0,1982-11-13,0.4,26.0,32.0,
TH000048431,"NAKHON RATCHASIMA, TH",14.967,102.083,188.0,1982-11-14,0.0,26.8,32.0,
TH000048431,"NAKHON RATCHASIMA, TH",14.967,102.083,188.0,1982-11-15,6.7,27.5,32.8,
TH000048431,"NAKHON RATCHASIMA, TH",14.967,102.083,188.0,1982-11-16,0.0,27.4,32.6,
TH000048431,"NAKHON RATCHASIMA, TH",14.967,102.083,188.0,1982-11-17,0.0,27.0,31.7,
TH000048431,"NAKHON RATCHASIMA, TH",14.967,102.083,188.0,1982-11-18,0.0,27.0,31.5,
TH000048431,"NAKHON RATCHASIMA, TH",14.967,102.083,188.0,1982-11-19,0.0,26.3,31.2,
TH000048431,"NAKHON RATCHASIMA, TH",14.967,102.083,188.0,1982-11-20,0.0,26.5,31.2,
TH000048431,"NAKHON RATCHASIMA, TH",14.967,102.083,188.0,1982-11-21,0.0,26.9,32.0,
TH000048431,"NAKHON RATCHASIMA, TH",14.967,102.083,188.0,1982-11-22,0.0,27.8,32.7,
TH000048431,"NAKHON RATCHASIMA, TH",14.967,102.083,188.0,1982-11-23,0.0,26.7,31.7,
TH000048431,"NAKHON RATCHASIMA, TH",14.967,102.083,188.0,1982-11-24,0.0,26.6,31.0,
TH000048431,"NAKHON RATCHASIMA, TH",14.967,102.083,188.0,1982-11-25,0.0,26.2,30.5,
TH000048431,"NAKHON RATCHASIMA, TH",14.967,102.083,188.0,1982-11-26,0.0,26.9,30.8,
TH000048431,"NAKHON RATCHASIMA, TH",14.967,102.083,188.0,1982-11-27,0.0,26.0,30.8,
TH000048431,"NAKHON RATCHASIMA, TH",14.967,102.083,188.0,1982-11-28,0.0,26.7,32.1,
TH000048431,"NAKHON RATCHASIMA, TH",14.967,102.083,188.0,1982-11-29,0.0,26.9,32.3,
TH000048431,"NAKHON RATCHASIMA, TH",14.967,102.083,188.0,1982-11-30,0.8,25.7,29.8,
TH000048431,"NAKHON RATCHASIMA, TH",14.967,102.083,188.0,1982-12-01,18.1,22.3,24.8,
TH000048431,"NAKHON RATCHASIMA, TH",14.967,102.083,188.0,1982-12-02,0.0,24.6,28.0,
TH000048431,"NAKHON RATCHASIMA, TH",14.967,102.083,188.0,1982-12-03,0.0,26.6,31.5,
TH000048431,"NAKHON RATCHASIMA, TH",14.967,102.083,188.0,1982-12-04,0.0,27.0,32.7,
TH000048431,"NAKHON RATCHASIMA, TH",14.967,102.083,188.0,1982-12-05,0.0,27.6,32.7,
TH000048431,"NAKHON RATCHASIMA, TH",14.967,102.083,188.0,1982-12-06,0.0,26.6,31.5,
TH000048431,"NAKHON RATCHASIMA, TH",14.967,102.083,188.0,1982-12-07,0.0,23.5,28.4,
TH000048431,"NAKHON RATCHASIMA, TH",14.967,102.083,188.0,1982-12-08,0.0,23.1,28.4,
TH000048431,"NAKHON RATCHASIMA, TH",14.967,102.083,188.0,1982-12-09,0.0,24.8,30.6,
TH000048431,"NAKHON RATCHASIMA, TH",14.967,102.083,188.0,1982-12-10,0.0,25.6,32.2,
TH000048431,"NAKHON RATCHASIMA, TH",14.967,102.083,188.0,1982-12-11,0.0,25.1,31.7,
TH000048431,"NAKHON RATCHASIMA, TH",14.967,102.083,188.0,1982-12-12,0.0,21.5,27.6,
TH000048431,"NAKHON RATCHASIMA, TH",14.967,102.083,188.0,1982-12-13,0.0,19.8,25.2,
TH000048431,"NAKHON RATCHASIMA, TH",14.967,102.083,188.0,1982-12-14,0.0,19.0,24.7,
TH000048431,"NAKHON RATCHASIMA, TH",14.967,102.083,188.0,1982-12-15,0.0,21.3,26.7,
TH000048431,"NAKHON RATCHASIMA, TH",14.967,102.083,188.0,1982-12-16,0.0,22.2,28.0,
TH000048431,"NAKHON RATCHASIMA, TH",14.967,102.083,188.0,1982-12-17,0.0,20.3,26.2,
TH000048431,"NAKHON RATCHASIMA, TH",14.967,102.083,188.0,1982-12-18,0.0,18.4,24.2,
TH000048431,"NAKHON RATCHASIMA, TH",14.967,102.083,188.0,1982-12-19,0.0,18.1,23.0,
TH000048431,"NAKHON RATCHASIMA, TH",14.967,102.083,188.0,1982-12-20,0.0,17.3,23.0,
TH000048431,"NAKHON RATCHASIMA, TH",14.967,102.083,188.0,1982-12-21,0.0,17.2,23.9,
TH000048431,"NAKHON RATCHASIMA, TH",14.967,102.083,188.0,1982-12-22,0.0,17.4,25.3,
TH000048431,"NAKHON RATCHASIMA, TH",14.967,102.083,188.0,1982-12-23,0.0,18.2,26.8,
TH000048431,"NAKHON RATCHASIMA, TH",14.967,102.083,188.0,1982-12-24,0.0,20.2,28.8,
TH000048431,"NAKHON RATCHASIMA, TH",14.967,102.083,188.0,1982-12-25,0.0,20.7,27.8,
TH000048431,"NAKHON RATCHASIMA, TH",14.967,102.083,188.0,1982-12-26,0.0,20.5,27.0,
TH000048431,"NAKHON RATCHASIMA, TH",14.967,102.083,188.0,1982-12-27,0.0,16.7,23.0,
TH000048431,"NAKHON RATCHASIMA, TH",14.967,102.083,188.0,1982-12-28,0.0,16.9,24.9,
TH000048431,"NAKHON RATCHASIMA, TH",14.967,102.083,188.0,1982-12-29,0.0,16.6,25.4,
TH000048431,"NAKHON RATCHASIMA, TH",14.967,102.083,188.0,1982-12-30,0.0,19.7,27.9,
TH000048431,"NAKHON RATCHASIMA, TH",14.967,102.083,188.0,1982-12-31,0.0,21.6,30.4,
TH000048431,"NAKHON RATCHASIMA, TH",14.967,102.083,188.0,1983-01-01,0.0,23.6,30.6,
TH000048431,"NAKHON RATCHASIMA, TH",14.967,102.083,188.0,1983-01-02,0.0,25.1,30.8,
TH000048431,"NAKHON RATCHASIMA, TH",14.967,102.083,188.0,1983-01-03,6.5,24.5,30.2,
TH000048431,"NAKHON RATCHASIMA, TH",14.967,102.083,188.0,1983-01-04,0.0,25.2,30.0,
TH000048431,"NAKHON RATCHASIMA, TH",14.967,102.083,188.0,1983-01-05,3.3,25.6,31.6,
TH000048431,"NAKHON RATCHASIMA, TH",14.967,102.083,188.0,1983-01-06,0.0,26.2,31.0,
TH000048431,"NAKHON RATCHASIMA, TH",14.967,102.083,188.0,1983-01-07,0.0,26.3,31.5,
TH000048431,"NAKHON RATCHASIMA, TH",14.967,102.083,188.0,1983-01-08,0.0,27.1,33.2,
TH000048431,"NAKHON RATCHASIMA, TH",14.967,102.083,188.0,1983-01-09,0.0,26.6,31.7,
TH000048431,"NAKHON RATCHASIMA, TH",14.967,102.083,188.0,1983-01-10,0.0,25.0,30.2,
TH000048431,"NAKHON RATCHASIMA, TH",14.967,102.083,188.0,1983-01-11,0.0,23.8,29.3,
TH000048431,"NAKHON RATCHASIMA, TH",14.967,102.083,188.0,1983-01-12,0.0,22.4,27.7,
TH000048431,"NAKHON RATCHASIMA, TH",14.967,102.083,188.0,1983-01-13,0.0,22.2,28.2,
TH000048431,"NAKHON RATCHASIMA, TH",14.967,102.083,188.0,1983-01-14,0.0,21.7,27.6,
TH000048431,"NAKHON RATCHASIMA, TH",14.967,102.083,188.0,1983-01-15,0.0,22.3,28.5,
TH000048431,"NAKHON RATCHASIMA, TH",14.967,102.083,188.0,1983-01-16,0.0,23.6,29.5,
TH000048431,"NAKHON RATCHASIMA, TH",14.967,102.083,188.0,1983-01-17,0.0,24.9,30.2,
TH000048431,"NAKHON RATCHASIMA, TH",14.967,102.083,188.0,1983-01-18,0.0,25.1,32.0,
TH000048431,"NAKHON RATCHASIMA, TH",14.967,102.083,188.0,1983-01-19,0.0,25.8,31.4,
TH000048431,"NAKHON RATCHASIMA, TH",14.967,102.083,188.0,1983-01-20,0.0,21.2,26.4,
TH000048431,"NAKHON RATCHASIMA, TH",14.967,102.083,188.0,1983-01-21,0.0,20.9,26.6,
TH000048431,"NAKHON RATCHASIMA, TH",14.967,102.083,188.0,1983-01-22,0.0,16.6,20.3,
TH000048431,"NAKHON RATCHASIMA, TH",14.967,102.083,188.0,1983-01-23,0.0,17.1,23.2,
TH000048431,"NAKHON RATCHASIMA, TH",14.967,102.083,188.0,1983-01-24,0.0,16.9,22.2,
TH000048431,"NAKHON RATCHASIMA, TH",14.967,102.083,188.0,1983-01-25,0.0,17.4,23.4,
TH000048431,"NAKHON RATCHASIMA, TH",14.967,102.083,188.0,1983-01-26,0.0,19.4,25.7,
TH000048431,"NAKHON RATCHASIMA, TH",14.967,102.083,188.0,1983-01-27,0.0,19.3,26.6,
TH000048431,"NAKHON RATCHASIMA, TH",14.967,102.083,188.0,1983-01-28,0.0,21.9,29.6,
TH000048431,"NAKHON RATCHASIMA, TH",14.967,102.083,188.0,1983-01-29,0.0,24.7,33.0,
TH000048431,"NAKHON RATCHASIMA, TH",14.967,102.083,188.0,1983-01-30,0.0,26.2,33.8,
TH000048431,"NAKHON RATCHASIMA, TH",14.967,102.083,188.0,1983-01-31,0.0,25.2,34.4,
TH000048431,"NAKHON RATCHASIMA, TH",14.967,102.083,188.0,1983-02-01,0.0,25.7,34.3,
TH000048431,"NAKHON RATCHASIMA, TH",14.967,102.083,188.0,1983-02-02,0.0,26.5,35.0,
TH000048431,"NAKHON RATCHASIMA, TH",14.967,102.083,188.0,1983-02-03,0.0,26.3,35.2,
TH000048431,"NAKHON RATCHASIMA, TH",14.967,102.083,188.0,1983-02-04,0.0,27.1,35.4,
TH000048431,"NAKHON RATCHASIMA, TH",14.967,102.083,188.0,1983-02-05,0.0,28.8,35.7,
TH000048431,"NAKHON RATCHASIMA, TH",14.967,102.083,188.0,1983-02-06,0.0,27.4,34.7,
TH000048431,"NAKHON RATCHASIMA, TH",14.967,102.083,188.0,1983-02-07,0.0,28.9,34.8,
TH000048431,"NAKHON RATCHASIMA, TH",14.967,102.083,188.0,1983-02-08,0.0,29.3,35.3,
TH000048431,"NAKHON RATCHASIMA, TH",14.967,102.083,188.0,1983-02-09,0.0,29.5,35.0,
TH000048431,"NAKHON RATCHASIMA, TH",14.967,102.083,188.0,1983-02-10,0.0,28.6,35.5,
TH000048431,"NAKHON RATCHASIMA, TH",14.967,102.083,188.0,1983-02-11,0.0,29.1,35.0,
TH000048431,"NAKHON RATCHASIMA, TH",14.967,102.083,188.0,1983-02-12,0.0,29.1,35.0,
TH000048431,"NAKHON RATCHASIMA, TH",14.967,102.083,188.0,1983-02-13,0.0,27.8,32.8,
TH000048431,"NAKHON RATCHASIMA, TH",14.967,102.083,188.0,1983-02-14,0.0,25.6,30.8,
TH000048431,"NAKHON RATCHASIMA, TH",14.967,102.083,188.0,1983-02-15,0.0,28.3,35.4,
TH000048431,"NAKHON RATCHASIMA, TH",14.967,102.083,188.0,1983-02-16,0.0,29.2,36.0,
TH000048431,"NAKHON RATCHASIMA, TH",14.967,102.083,188.0,1983-02-17,0.0,28.3,35.3,
TH000048431,"NAKHON RATCHASIMA, TH",14.967,102.083,188.0,1983-02-18,0.0,28.6,33.6,
TH000048431,"NAKHON RATCHASIMA, TH",14.967,102.083,188.0,1983-02-19,0.0,28.7,34.9,
TH000048431,"NAKHON RATCHASIMA, TH",14.967,102.083,188.0,1983-02-20,0.0,28.7,34.3,
TH000048431,"NAKHON RATCHASIMA, TH",14.967,102.083,188.0,1983-02-21,0.0,29.3,36.3,
TH000048431,"NAKHON RATCHASIMA, TH",14.967,102.083,188.0,1983-02-22,0.0,28.9,34.2,
TH000048431,"NAKHON RATCHASIMA, TH",14.967,102.083,188.0,1983-02-23,4.9,28.4,35.0,
TH000048431,"NAKHON RATCHASIMA, TH",14.967,102.083,188.0,1983-02-24,0.0,28.7,35.1,
TH000048431,"NAKHON RATCHASIMA, TH",14.967,102.083,188.0,1983-02-25,0.0,29.6,35.7,
TH000048431,"NAKHON RATCHASIMA, TH",14.967,102.083,188.0,1983-02-26,15.5,27.3,34.8,
TH000048431,"NAKHON RATCHASIMA, TH",14.967,102.083,188.0,1983-02-27,0.0,28.0,33.6,
TH000048431,"NAKHON RATCHASIMA, TH",14.967,102.083,188.0,1983-02-28,0.0,28.9,35.4,
TH000048431,"NAKHON RATCHASIMA, TH",14.967,102.083,188.0,1983-03-01,0.0,28.9,35.8,
TH000048431,"NAKHON RATCHASIMA, TH",14.967,102.083,188.0,1983-03-02,0.0,29.6,35.7,
TH000048431,"NAKHON RATCHASIMA, TH",14.967,102.083,188.0,1983-03-03,0.0,29.0,36.2,
TH000048431,"NAKHON RATCHASIMA, TH",14.967,102.083,188.0,1983-03-04,0.0,29.8,36.8,
TH000048431,"NAKHON RATCHASIMA, TH",14.967,102.083,188.0,1983-03-05,0.0,24.2,27.0,
TH000048431,"NAKHON RATCHASIMA, TH",14.967,102.083,188.0,1983-03-06,0.0,23.9,29.0,
TH000048431,"NAKHON RATCHASIMA, TH",14.967,102.083,188.0,1983-03-07,0.0,24.3,29.7,
TH000048431,"NAKHON RATCHASIMA, TH",14.967,102.083,188.0,1983-03-08,0.0,27.9,34.4,
TH000048431,"NAKHON RATCHASIMA, TH",14.967,102.083,188.0,1983-03-09,0.0,29.2,35.7,
TH000048431,"NAKHON RATCHASIMA, TH",14.967,102.083,188.0,1983-03-10,0.0,30.2,37.3,
TH000048431,"NAKHON RATCHASIMA, TH",14.967,102.083,188.0,1983-03-11,0.0,30.5,37.4,
TH000048431,"NAKHON RATCHASIMA, TH",14.967,102.083,188.0,1983-03-12,0.0,30.8,38.0,
TH000048431,"NAKHON RATCHASIMA, TH",14.967,102.083,188.0,1983-03-13,0.0,30.8,38.7,
TH000048431,"NAKHON RATCHASIMA, TH",14.967,102.083,188.0,1983-03-14,0.0,28.8,37.3,
TH000048431,"NAKHON RATCHASIMA, TH",14.967,102.083,188.0,1983-03-15,0.0,30.0,37.0,
TH000048431,"NAKHON RATCHASIMA, TH",14.967,102.083,188.0,1983-03-16,0.0,30.3,37.8,
TH000048431,"NAKHON RATCHASIMA, TH",14.967,102.083,188.0,1983-03-17,0.0,29.3,35.2,
TH000048431,"NAKHON RATCHASIMA, TH",14.967,102.083,188.0,1983-03-18,2.5,28.2,33.0,
TH000048431,"NAKHON RATCHASIMA, TH",14.967,102.083,188.0,1983-03-19,0.0,30.1,35.8,
TH000048431,"NAKHON RATCHASIMA, TH",14.967,102.083,188.0,1983-03-20,0.0,30.9,37.6,
TH000048431,"NAKHON RATCHASIMA, TH",14.967,102.083,188.0,1983-03-21,0.3,31.0,38.3,
TH000048431,"NAKHON RATCHASIMA, TH",14.967,102.083,188.0,1983-03-22,0.0,30.9,39.0,
TH000048431,"NAKHON RATCHASIMA, TH",14.967,102.083,188.0,1983-03-23,0.0,31.2,38.2,
TH000048431,"NAKHON RATCHASIMA, TH",14.967,102.083,188.0,1983-03-24,0.0,31.4,39.1,
TH000048431,"NAKHON RATCHASIMA, TH",14.967,102.083,188.0,1983-03-25,0.0,32.4,38.9,
TH000048431,"NAKHON RATCHASIMA, TH",14.967,102.083,188.0,1983-03-26,0.0,31.3,39.0,
TH000048431,"NAKHON RATCHASIMA, TH",14.967,102.083,188.0,1983-03-27,0.0,32.4,39.0,
TH000048431,"NAKHON RATCHASIMA, TH",14.967,102.083,188.0,1983-03-28,0.0,30.7,38.5,
TH000048431,"NAKHON RATCHASIMA, TH",14.967,102.083,188.0,1983-03-29,0.0,30.7,39.7,
TH000048431,"NAKHON RATCHASIMA, TH",14.967,102.083,188.0,1983-03-30,0.0,29.9,38.3,
TH000048431,"NAKHON RATCHASIMA, TH",14.967,102.083,188.0,1983-03-31,0.0,32.1,38.2,
TH000048431,"NAKHON RATCHASIMA, TH",14.967,102.083,188.0,1983-04-01,0.0,32.3,38.0,
TH000048431,"NAKHON RATCHASIMA, TH",14.967,102.083,188.0,1983-04-02,0.0,31.2,38.4,
TH000048431,"NAKHON RATCHASIMA, TH",14.967,102.083,188.0,1983-04-03,0.0,30.6,39.0,
TH000048431,"NAKHON RATCHASIMA, TH",14.967,102.083,188.0,1983-04-04,0.0,32.2,39.8,
TH000048431,"NAKHON RATCHASIMA, TH",14.967,102.083,188.0,1983-04-05,0.0,32.2,40.4,
TH000048431,"NAKHON RATCHASIMA, TH",14.967,102.083,188.0,1983-04-06,0.0,33.3,40.1,
TH000048431,"NAKHON RATCHASIMA, TH",14.967,102.083,188.0,1983-04-07,0.0,32.3,40.6,
TH000048431,"NAKHON RATCHASIMA, TH",14.967,102.083,188.0,1983-04-08,0.0,32.9,40.3,
TH000048431,"NAKHON RATCHASIMA, TH",14.967,102.083,188.0,1983-04-09,0.0,32.7,40.4,
TH000048431,"NAKHON RATCHASIMA, TH",14.967,102.083,188.0,1983-04-10,0.0,32.7,40.5,
TH000048431,"NAKHON RATCHASIMA, TH",14.967,102.083,188.0,1983-04-11,0.0,32.6,38.9,
TH000048431,"NAKHON RATCHASIMA, TH",14.967,102.083,188.0,1983-04-12,0.3,31.9,40.5,
TH000048431,"NAKHON RATCHASIMA, TH",14.967,102.083,188.0,1983-04-13,0.0,32.1,39.9,
TH000048431,"NAKHON RATCHASIMA, TH",14.967,102.083,188.0,1983-04-14,0.0,33.2,41.2,
TH000048431,"NAKHON RATCHASIMA, TH",14.967,102.083,188.0,1983-04-15,0.0,33.1,40.6,
TH000048431,"NAKHON RATCHASIMA, TH",14.967,102.083,188.0,1983-04-16,0.0,33.7,41.3,
TH000048431,"NAKHON RATCHASIMA, TH",14.967,102.083,188.0,1983-04-17,0.0,32.9,40.3,
TH000048431,"NAKHON RATCHASIMA, TH",14.967,102.083,188.0,1983-04-18,0.0,33.0,40.6,
TH000048431,"NAKHON RATCHASIMA, TH",14.967,102.083,188.0,1983-04-19,0.6,33.0,39.2,
TH000048431,"NAKHON RATCHASIMA, TH",14.967,102.083,188.0,1983-04-20,0.0,31.4,37.9,
TH000048431,"NAKHON RATCHASIMA, TH",14.967,102.083,188.0,1983-04-21,0.0,32.7,39.3,
TH000048431,"NAKHON RATCHASIMA, TH",14.967,102.083,188.0,1983-04-22,1.5,30.0,38.3,
TH000048431,"NAKHON RATCHASIMA, TH",14.967,102.083,188.0,1983-04-23,0.0,31.0,39.1,
TH000048431,"NAKHON RATCHASIMA, TH",14.967,102.083,188.0,1983-04-24,0.0,32.2,38.7,
TH000048431,"NAKHON RATCHASIMA, TH",14.967,102.083,188.0,1983-04-25,0.0,31.8,39.2,
TH000048431,"NAKHON RATCHASIMA, TH",14.967,102.083,188.0,1983-04-26,0.0,30.2,35.6,
TH000048431,"NAKHON RATCHASIMA, TH",14.967,102.083,188.0,1983-04-27,0.0,30.7,37.6,
TH000048431,"NAKHON RATCHASIMA, TH",14.967,102.083,188.0,1983-04-28,0.0,31.4,38.0,
TH000048431,"NAKHON RATCHASIMA, TH",14.967,102.083,188.0,1983-04-29,0.0,33.0,39.3,
TH000048431,"NAKHON RATCHASIMA, TH",14.967,102.083,188.0,1983-04-30,24.5,28.9,28.7,
TH000048431,"NAKHON RATCHASIMA, TH",14.967,102.083,188.0,1983-05-01,7.1,28.4,35.6,
TH000048431,"NAKHON RATCHASIMA, TH",14.967,102.083,188.0,1983-05-02,0.0,28.3,32.4,
TH000048431,"NAKHON RATCHASIMA, TH",14.967,102.083,188.0,1983-05-03,3.7,25.9,32.6,
TH000048431,"NAKHON RATCHASIMA, TH",14.967,102.083,188.0,1983-05-04,0.0,29.6,35.4,
TH000048431,"NAKHON RATCHASIMA, TH",14.967,102.083,188.0,1983-05-05,1.9,28.1,35.4,
TH000048431,"NAKHON RATCHASIMA, TH",14.967,102.083,188.0,1983-05-06,0.0,30.2,36.8,
TH000048431,"NAKHON RATCHASIMA, TH",14.967,102.083,188.0,1983-05-07,0.0,31.5,38.0,
TH000048431,"NAKHON RATCHASIMA, TH",14.967,102.083,188.0,1983-05-08,0.9,27.1,35.3,
TH000048431,"NAKHON RATCHASIMA, TH",14.967,102.083,188.0,1983-05-09,0.0,29.8,36.0,
TH000048431,"NAKHON RATCHASIMA, TH",14.967,102.083,188.0,1983-05-10,0.0,31.3,37.5,
TH000048431,"NAKHON RATCHASIMA, TH",14.967,102.083,188.0,1983-05-11,0.0,31.0,37.6,
TH000048431,"NAKHON RATCHASIMA, TH",14.967,102.083,188.0,1983-05-12,0.0,31.9,38.2,
TH000048431,"NAKHON RATCHASIMA, TH",14.967,102.083,188.0,1983-05-13,0.0,32.6,38.8,
TH000048431,"NAKHON RATCHASIMA, TH",14.967,102.083,188.0,1983-05-14,0.0,31.8,38.4,
TH000048431,"NAKHON RATCHASIMA, TH",14.967,102.083,188.0,1983-05-15,0.0,31.9,39.8,
TH000048431,"NAKHON RATCHASIMA, TH",14.967,102.083,188.0,1983-05-16,0.0,31.6,39.2,
TH000048431,"NAKHON RATCHASIMA, TH",14.967,102.083,188.0,1983-05-17,0.0,30.9,38.5,
TH000048431,"NAKHON RATCHASIMA, TH",14.967,102.083,188.0,1983-05-18,0.0,29.0,36.0,
TH000048431,"NAKHON RATCHASIMA, TH",14.967,102.083,188.0,1983-05-19,0.0,30.8,38.6,
TH000048431,"NAKHON RATCHASIMA, TH",14.967,102.083,188.0,1983-05-20,0.0,32.3,38.7,
TH000048431,"NAKHON RATCHASIMA, TH",14.967,102.083,188.0,1983-05-21,0.0,33.1,39.0,
TH000048431,"NAKHON RATCHASIMA, TH",14.967,102.083,188.0,1983-05-22,0.0,33.8,38.8,
TH000048431,"NAKHON RATCHASIMA, TH",14.967,102.083,188.0,1983-05-23,0.0,32.7,39.7,
TH000048431,"NAKHON RATCHASIMA, TH",14.967,102.083,188.0,1983-05-24,1.3,32.1,38.9,
TH000048431,"NAKHON RATCHASIMA, TH",14.967,102.083,188.0,1983-05-25,4.5,28.8,35.1,
TH000048431,"NAKHON RATCHASIMA, TH",14.967,102.083,188.0,1983-05-26,5.6,27.3,33.9,
TH000048431,"NAKHON RATCHASIMA, TH",14.967,102.083,188.0,1983-05-27,16.5,27.6,34.3,
TH000048431,"NAKHON RATCHASIMA, TH",14.967,102.083,188.0,1983-05-28,2.6,27.4,32.4,
TH000048431,"NAKHON RATCHASIMA, TH",14.967,102.083,188.0,1983-05-29,0.0,27.4,32.5,
TH000048431,"NAKHON RATCHASIMA, TH",14.967,102.083,188.0,1983-05-30,0.0,28.8,34.1,
TH000048431,"NAKHON RATCHASIMA, TH",14.967,102.083,188.0,1983-05-31,4.3,26.6,33.4,
TH000048431,"NAKHON RATCHASIMA, TH",14.967,102.083,188.0,1983-06-01,0.0,28.4,34.4,
TH000048431,"NAKHON RATCHASIMA, TH",14.967,102.083,188.0,1983-06-02,2.6,28.3,33.2,
TH000048431,"NAKHON RATCHASIMA, TH",14.967,102.083,188.0,1983-06-03,1.5,28.9,35.1,
TH000048431,"NAKHON RATCHASIMA, TH",14.967,102.083,188.0,1983-06-04,0.0,30.8,35.3,
TH000048431,"NAKHON RATCHASIMA, TH",14.967,102.083,188.0,1983-06-05,0.0,30.7,36.4,
TH000048431,"NAKHON RATCHASIMA, TH",14.967,102.083,188.0,1983-06-06,0.0,29.7,35.0,
TH000048431,"NAKHON RATCHASIMA, TH",14.967,102.083,188.0,1983-06-07,0.0,28.8,35.0,
TH000048431,"NAKHON RATCHASIMA, TH",14.967,102.083,188.0,1983-06-08,0.4,28.9,33.5,
TH000048431,"NAKHON RATCHASIMA, TH",14.967,102.083,188.0,1983-06-09,4.5,28.4,34.4,
TH000048431,"NAKHON RATCHASIMA, TH",14.967,102.083,188.0,1983-06-10,23.2,26.8,32.8,
TH000048431,"NAKHON RATCHASIMA, TH",14.967,102.083,188.0,1983-06-11,18.9,26.5,32.0,
TH000048431,"NAKHON RATCHASIMA, TH",14.967,102.083,188.0,1983-06-12,3.4,27.9,33.0,
TH000048431,"NAKHON RATCHASIMA, TH",14.967,102.083,188.0,1983-06-13,0.0,29.9,34.0,
TH000048431,"NAKHON RATCHASIMA, TH",14.967,102.083,188.0,1983-06-14,0.0,30.7,35.5,
TH000048431,"NAKHON RATCHASIMA, TH",14.967,102.083,188.0,1983-06-15,14.6,30.4,37.0,
TH000048431,"NAKHON RATCHASIMA, TH",14.967,102.083,188.0,1983-06-16,0.0,29.7,36.7,
TH000048431,"NAKHON RATCHASIMA, TH",14.967,102.083,188.0,1983-06-17,0.0,30.4,36.7,
TH000048431,"NAKHON RATCHASIMA, TH",14.967,102.083,188.0,1983-06-18,1.0,30.3,35.1,
TH000048431,"NAKHON RATCHASIMA, TH",14.967,102.083,188.0,1983-06-19,0.0,30.9,37.3,
TH000048431,"NAKHON RATCHASIMA, TH",14.967,102.083,188.0,1983-06-20,0.0,31.0,36.3,
TH000048431,"NAKHON RATCHASIMA, TH",14.967,102.083,188.0,1983-06-21,0.0,30.6,35.6,
TH000048431,"NAKHON RATCHASIMA, TH",14.967,102.083,188.0,1983-06-22,2.2,29.8,33.2,
TH000048431,"NAKHON RATCHASIMA, TH",14.967,102.083,188.0,1983-06-23,9.1,27.7,32.2,
TH000048431,"NAKHON RATCHASIMA, TH",14.967,102.083,188.0,1983-06-24,0.0,29.2,33.0,
TH000048431,"NAKHON RATCHASIMA, TH",14.967,102.083,188.0,1983-06-25,0.0,28.4,32.3,
TH000048431,"NAKHON RATCHASIMA, TH",14.967,102.083,188.0,1983-06-26,8.7,27.1,31.2,
TH000048431,"NAKHON RATCHASIMA, TH",14.967,102.083,188.0,1983-06-27,3.5,25.3,26.7,
TH000048431,"NAKHON RATCHASIMA, TH",14.967,102.083,188.0,1983-06-28,2.5,25.7,29.5,
TH000048431,"NAKHON RATCHASIMA, TH",14.967,102.083,188.0,1983-06-29,0.2,27.7,33.3,
TH000048431,"NAKHON RATCHASIMA, TH",14.967,102.083,188.0,1983-06-30,0.0,29.0,34.6,
TH000048431,"NAKHON RATCHASIMA, TH",14.967,102.083,188.0,1983-07-01,0.0,30.2,35.6,
TH000048431,"NAKHON RATCHASIMA, TH",14.967,102.083,188.0,1983-07-02,0.0,30.4,35.9,
TH000048431,"NAKHON RATCHASIMA, TH",14.967,102.083,188.0,1983-07-03,0.0,30.9,36.7,
TH000048431,"NAKHON RATCHASIMA, TH",14.967,102.083,188.0,1983-07-04,0.0,31.3,36.6,
TH000048431,"NAKHON RATCHASIMA, TH",14.967,102.083,188.0,1983-07-05,0.0,31.6,37.6,
TH000048431,"NAKHON RATCHASIMA, TH",14.967,102.083,188.0,1983-07-06,2.9,28.4,36.8,
TH000048431,"NAKHON RATCHASIMA, TH",14.967,102.083,188.0,1983-07-07,0.7,27.9,34.5,
TH000048431,"NAKHON RATCHASIMA, TH",14.967,102.083,188.0,1983-07-08,38.0,27.2,34.2,
TH000048431,"NAKHON RATCHASIMA, TH",14.967,102.083,188.0,1983-07-09,0.5,28.6,34.9,
TH000048431,"NAKHON RATCHASIMA, TH",14.967,102.083,188.0,1983-07-10,66.2,26.6,34.2,
TH000048431,"NAKHON RATCHASIMA, TH",14.967,102.083,188.0,1983-07-11,0.4,27.3,33.6,
TH000048431,"NAKHON RATCHASIMA, TH",14.967,102.083,188.0,1983-07-12,4.2,27.9,34.6,
TH000048431,"NAKHON RATCHASIMA, TH",14.967,102.083,188.0,1983-07-13,0.5,28.3,34.2,
TH000048431,"NAKHON RATCHASIMA, TH",14.967,102.083,188.0,1983-07-14,0.0,29.1,33.4,
TH000048431,"NAKHON RATCHASIMA, TH",14.967,102.083,188.0,1983-07-15,0.9,29.5,35.0,
TH000048431,"NAKHON RATCHASIMA, TH",14.967,102.083,188.0,1983-07-16,7.0,28.2,33.2,
TH000048431,"NAKHON RATCHASIMA, TH",14.967,102.083,188.0,1983-07-17,0.0,28.0,31.2,
TH000048431,"NAKHON RATCHASIMA, TH",14.967,102.083,188.0,1983-07-18,0.0,27.7,32.5,
TH000048431,"NAKHON RATCHASIMA, TH",14.967,102.083,188.0,1983-07-19,2.3,26.9,31.0,
TH000048431,"NAKHON RATCHASIMA, TH",14.967,102.083,188.0,1983-07-20,0.5,28.3,33.2,
TH000048431,"NAKHON RATCHASIMA, TH",14.967,102.083,188.0,1983-07-21,0.0,28.3,34.7,
TH000048431,"NAKHON RATCHASIMA, TH",14.967,102.083,188.0,1983-07-22,4.7,28.1,35.0,
TH000048431,"NAKHON RATCHASIMA, TH",14.967,102.083,188.0,1983-07-23,8.3,28.7,34.6,
TH000048431,"NAKHON RATCHASIMA, TH",14.967,102.083,188.0,1983-07-24,3.9,27.1,34.5,
TH000048431,"NAKHON RATCHASIMA, TH",14.967,102.083,188.0,1983-07-25,1.2,28.3,33.5,
TH000048431,"NAKHON RATCHASIMA, TH",14.967,102.083,188.0,1983-07-26,0.0,28.7,32.8,
TH000048431,"NAKHON RATCHASIMA, TH",14.967,102.083,188.0,1983-07-27,0.0,27.8,33.8,
TH000048431,"NAKHON RATCHASIMA, TH",14.967,102.083,188.0,1983-07-28,0.5,29.2,34.8,
TH000048431,"NAKHON RATCHASIMA, TH",14.967,102.083,188.0,1983-07-29,0.3,29.6,34.5,
TH000048431,"NAKHON RATCHASIMA, TH",14.967,102.083,188.0,1983-07-30,37.9,29.4,35.0,
TH000048431,"NAKHON RATCHASIMA, TH",14.967,102.083,188.0,1983-07-31,13.1,27.8,31.9,
TH000048431,"NAKHON RATCHASIMA, TH",14.967,102.083,188.0,1983-08-01,0.5,27.8,33.2,
TH000048431,"NAKHON RATCHASIMA, TH",14.967,102.083,188.0,1983-08-02,25.1,25.3,28.9,
TH000048431,"NAKHON RATCHASIMA, TH",14.967,102.083,188.0,1983-08-03,17.7,27.4,33.4,
TH000048431,"NAKHON RATCHASIMA, TH",14.967,102.083,188.0,1983-08-04,2.5,26.6,30.5,
TH000048431,"NAKHON RATCHASIMA, TH",14.967,102.083,188.0,1983-08-05,21.2,27.1,32.0,
TH000048431,"NAKHON RATCHASIMA, TH",14.967,102.083,188.0,1983-08-06,7.6,25.4,29.6,
TH000048431,"NAKHON RATCHASIMA, TH",14.967,102.083,188.0,1983-08-07,5.7,25.1,28.8,
TH000048431,"NAKHON RATCHASIMA, TH",14.967,102.083,188.0,1983-08-08,4.4,26.4,30.1,
TH000048431,"NAKHON RATCHASIMA, TH",14.967,102.083,188.0,1983-08-09,1.2,27.0,30.5,
TH000048431,"NAKHON RATCHASIMA, TH",14.967,102.083,188.0,1983-08-10,11.6,27.8,33.5,
TH000048431,"NAKHON RATCHASIMA, TH",14.967,102.083,188.0,1983-08-11,0.0,27.7,33.0,
TH000048431,"NAKHON RATCHASIMA, TH",14.967,102.083,188.0,1983-08-12,0.0,28.4,32.9,
TH000048431,"NAKHON RATCHASIMA, TH",14.967,102.083,188.0,1983-08-13,0.3,28.9,33.5,
TH000048431,"NAKHON RATCHASIMA, TH",14.967,102.083,188.0,1983-08-14,18.1,27.9,34.3,
TH000048431,"NAKHON RATCHASIMA, TH",14.967,102.083,188.0,1983-08-15,0.0,28.5,33.2,
TH000048431,"NAKHON RATCHASIMA, TH",14.967,102.083,188.0,1983-08-16,0.0,28.8,33.7,
TH000048431,"NAKHON RATCHASIMA, TH",14.967,102.083,188.0,1983-08-17,0.0,29.2,33.8,
TH000048431,"NAKHON RATCHASIMA, TH",14.967,102.083,188.0,1983-08-18,18.4,28.5,33.9,
TH000048431,"NAKHON RATCHASIMA, TH",14.967,102.083,188.0,1983-08-19,4.1,27.3,31.0,
TH000048431,"NAKHON RATCHASIMA, TH",14.967,102.083,188.0,1983-08-20,0.8,27.4,32.0,
TH000048431,"NAKHON RATCHASIMA, TH",14.967,102.083,188.0,1983-08-21,4.0,28.4,32.5,
TH000048431,"NAKHON RATCHASIMA, TH",14.967,102.083,188.0,1983-08-22,0.0,28.9,34.0,
TH000048431,"NAKHON RATCHASIMA, TH",14.967,102.083,188.0,1983-08-23,1.4,28.3,33.5,
TH000048431,"NAKHON RATCHASIMA, TH",14.967,102.083,188.0,1983-08-24,0.0,28.8,33.8,
TH000048431,"NAKHON RATCHASIMA, TH",14.967,102.083,188.0,1983-08-25,0.0,27.3,32.7,
TH000048431,"NAKHON RATCHASIMA, TH",14.967,102.083,188.0,1983-08-26,0.5,28.1,31.7,
TH000048431,"NAKHON RATCHASIMA, TH",14.967,102.083,188.0,1983-08-27,4.2,26.5,31.2,
TH000048431,"NAKHON RATCHASIMA, TH",14.967,102.083,188.0,1983-08-28,0.1,27.9,32.2,
TH000048431,"NAKHON RATCHASIMA, TH",14.967,102.083,188.0,1983-08-29,0.0,28.9,33.7,
TH000048431,"NAKHON RATCHASIMA, TH",14.967,102.083,188.0,1983-08-30,60.3,27.8,34.5,
TH000048431,"NAKHON RATCHASIMA, TH",14.967,102.083,188.0,1983-08-31,1.4,26.9,31.6,
TH000048431,"NAKHON RATCHASIMA, TH",14.967,102.083,188.0,1983-09-01,11.6,25.7,31.2,
TH000048431,"NAKHON RATCHASIMA, TH",14.967,102.083,188.0,1983-09-02,0.0,27.9,32.4,
TH000048431,"NAKHON RATCHASIMA, TH",14.967,102.083,188.0,1983-09-03,0.7,27.1,31.9,
TH000048431,"NAKHON RATCHASIMA, TH",14.967,102.083,188.0,1983-09-04,0.2,27.8,32.7,
TH000048431,"NAKHON RATCHASIMA, TH",14.967,102.083,188.0,1983-09-05,19.6,27.4,33.2,
TH000048431,"NAKHON RATCHASIMA, TH",14.967,102.083,188.0,1983-09-06,0.0,26.9,31.2,
TH000048431,"NAKHON RATCHASIMA, TH",14.967,102.083,188.0,1983-09-07,4.7,26.5,31.3,
TH000048431,"NAKHON RATCHASIMA, TH",14.967,102.083,188.0,1983-09-08,36.5,26.8,31.6,
TH000048431,"NAKHON RATCHASIMA, TH",14.967,102.083,188.0,1983-09-09,6.7,27.8,32.5,
TH000048431,"NAKHON RATCHASIMA, TH",14.967,102.083,188.0,1983-09-10,3.7,26.8,32.4,
TH000048431,"NAKHON RATCHASIMA, TH",14.967,102.083,188.0,1983-09-11,1.7,28.2,32.2,
TH000048431,"NAKHON RATCHASIMA, TH",14.967,102.083,188.0,1983-09-12,0.0,26.7,30.4,
TH000048431,"NAKHON RATCHASIMA, TH",14.967,102.083,188.0,1983-09-13,13.7,26.7,31.3,
TH000048431,"NAKHON RATCHASIMA, TH",14.967,102.083,188.0,1983-09-14,3.3,26.1,30.6,
TH000048431,"NAKHON RATCHASIMA, TH",14.967,102.083,188.0,1983-09-15,0.0,26.8,32.3,
TH000048431,"NAKHON RATCHASIMA, TH",14.967,102.083,188.0,1983-09-16,0.2,27.6,33.2,
TH000048431,"NAKHON RATCHASIMA, TH",14.967,102.083,188.0,1983-09-17,5.6,28.7,34.0,
TH000048431,"NAKHON RATCHASIMA, TH",14.967,102.083,188.0,1983-09-18,0.0,27.4,33.3,
TH000048431,"NAKHON RATCHASIMA, TH",14.967,102.083,188.0,1983-09-19,8.0,26.7,32.5,
TH000048431,"NAKHON RATCHASIMA, TH",14.967,102.083,188.0,1983-09-20,0.0,28.2,32.5,
TH000048431,"NAKHON RATCHASIMA, TH",14.967,102.083,188.0,1983-09-21,3.9,27.7,32.8,
TH000048431,"NAKHON RATCHASIMA, TH",14.967,102.083,188.0,1983-09-22,2.5,28.1,32.8,
TH000048431,"NAKHON RATCHASIMA, TH",14.967,102.083,188.0,1983-09-23,31.9,28.7,33.1,
TH000048431,"NAKHON RATCHASIMA, TH",14.967,102.083,188.0,1983-09-24,0.0,27.9,31.7,
TH000048431,"NAKHON RATCHASIMA, TH",14.967,102.083,188.0,1983-09-25,0.6,27.1,32.2,
TH000048431,"NAKHON RATCHASIMA, TH",14.967,102.083,188.0,1983-09-26,5.7,27.4,32.7,
TH000048431,"NAKHON RATCHASIMA, TH",14.967,102.083,188.0,1983-09-27,32.5,25.6,28.1,
TH000048431,"NAKHON RATCHASIMA, TH",14.967,102.083,188.0,1983-09-28,1.1,26.4,30.7,
TH000048431,"NAKHON RATCHASIMA, TH",14.967,102.083,188.0,1983-09-29,50.8,25.2,28.0,
TH000048431,"NAKHON RATCHASIMA, TH",14.967,102.083,188.0,1983-09-30,38.5,24.3,25.8,
TH000048431,"NAKHON RATCHASIMA, TH",14.967,102.083,188.0,1983-10-01,0.0,26.8,31.7,
TH000048431,"NAKHON RATCHASIMA, TH",14.967,102.083,188.0,1983-10-02,0.0,27.5,31.5,
TH000048431,"NAKHON RATCHASIMA, TH",14.967,102.083,188.0,1983-10-03,2.2,26.2,30.9,
TH000048431,"NAKHON RATCHASIMA, TH",14.967,102.083,188.0,1983-10-04,0.0,26.5,30.0,
TH000048431,"NAKHON RATCHASIMA, TH",14.967,102.083,188.0,1983-10-05,23.2,26.5,32.3,
TH000048431,"NAKHON RATCHASIMA, TH",14.967,102.083,188.0,1983-10-06,0.0,27.5,31.3,
TH000048431,"NAKHON RATCHASIMA, TH",14.967,102.083,188.0,1983-10-07,4.7,27.7,32.2,
TH000048431,"NAKHON RATCHASIMA, TH",14.967,102.083,188.0,1983-10-08,0.2,28.1,32.2,
TH000048431,"NAKHON RATCHASIMA, TH",14.967,102.083,188.0,1983-10-09,3.0,26.2,29.8,
TH000048431,"NAKHON RATCHASIMA, TH",14.967,102.083,188.0,1983-10-10,112.4,23.4,25.8,
TH000048431,"NAKHON RATCHASIMA, TH",14.967,102.083,188.0,1983-10-11,12.5,24.6,27.3,
TH000048431,"NAKHON RATCHASIMA, TH",14.967,102.083,188.0,1983-10-12,3.4,25.8,29.2,
TH000048431,"NAKHON RATCHASIMA, TH",14.967,102.083,188.0,1983-10-13,5.0,25.3,28.7,
TH000048431,"NAKHON RATCHASIMA, TH",14.967,102.083,188.0,1983-10-14,20.2,26.4,30.8,
TH000048431,"NAKHON RATCHASIMA, TH",14.967,102.083,188.0,1983-10-15,45.0,25.4,30.5,
TH000048431,"NAKHON RATCHASIMA, TH",14.967,102.083,188.0,1983-10-16,0.0,26.4,29.7,
TH000048431,"NAKHON RATCHASIMA, TH",14.967,102.083,188.0,1983-10-17,11.2,27.8,31.1,
TH000048431,"NAKHON RATCHASIMA, TH",14.967,102.083,188.0,1983-10-18,15.9,24.8,26.7,
TH000048431,"NAKHON RATCHASIMA, TH",14.967,102.083,188.0,1983-10-19,1.3,26.1,30.2,
TH000048431,"NAKHON RATCHASIMA, TH",14.967,102.083,188.0,1983-10-20,0.0,27.3,31.0,
TH000048431,"NAKHON RATCHASIMA, TH",14.967,102.083,188.0,1983-10-21,15.3,27.1,31.2,
TH000048431,"NAKHON RATCHASIMA, TH",14.967,102.083,188.0,1983-10-22,2.3,26.3,31.6,
TH000048431,"NAKHON RATCHASIMA, TH",14.967,102.083,188.0,1983-10-23,0.0,27.4,31.1,
TH000048431,"NAKHON RATCHASIMA, TH",14.967,102.083,188.0,1983-10-24,10.5,27.8,31.5,
TH000048431,"NAKHON RATCHASIMA, TH",14.967,102.083,188.0,1983-10-25,0.0,27.7,31.0,
TH000048431,"NAKHON RATCHASIMA, TH",14.967,102.083,188.0,1983-10-26,0.8,27.0,31.8,
TH000048431,"NAKHON RATCHASIMA, TH",14.967,102.083,188.0,1983-10-27,0.0,23.8,26.2,
TH000048431,"NAKHON RATCHASIMA, TH",14.967,102.083,188.0,1983-10-28,3.0,25.2,27.7,
TH000048431,"NAKHON RATCHASIMA, TH",14.967,102.083,188.0,1983-10-29,0.0,25.9,29.8,
TH000048431,"NAKHON RATCHASIMA, TH",14.967,102.083,188.0,1983-10-30,2.5,24.7,28.1,
TH000048431,"NAKHON RATCHASIMA, TH",14.967,102.083,188.0,1983-10-31,16.9,21.6,23.0,
TH000048431,"NAKHON RATCHASIMA, TH",14.967,102.083,188.0,1983-11-01,0.0,25.7,26.9,
TH000048431,"NAKHON RATCHASIMA, TH",14.967,102.083,188.0,1983-11-02,0.0,25.4,29.4,
TH000048431,"NAKHON RATCHASIMA, TH",14.967,102.083,188.0,1983-11-03,0.0,25.9,30.1,
TH000048431,"NAKHON RATCHASIMA, TH",14.967,102.083,188.0,1983-11-04,0.0,26.4,30.4,
TH000048431,"NAKHON RATCHASIMA, TH",14.967,102.083,188.0,1983-11-05,0.0,25.9,29.2,
TH000048431,"NAKHON RATCHASIMA, TH",14.967,102.083,188.0,1983-11-06,0.0,25.7,28.3,
TH000048431,"NAKHON RATCHASIMA, TH",14.967,102.083,188.0,1983-11-07,0.0,26.4,29.8,
TH000048431,"NAKHON RATCHASIMA, TH",14.967,102.083,188.0,1983-11-08,21.0,26.2,31.0,
TH000048431,"NAKHON RATCHASIMA, TH",14.967,102.083,188.0,1983-11-09,21.4,25.6,30.1,
TH000048431,"NAKHON RATCHASIMA, TH",14.967,102.083,188.0,1983-11-10,11.3,25.3,29.8,
TH000048431,"NAKHON RATCHASIMA, TH",14.967,102.083,188.0,1983-11-11,0.3,26.1,30.7,
TH000048431,"NAKHON RATCHASIMA, TH",14.967,102.083,188.0,1983-11-12,0.0,26.4,30.8,
TH000048431,"NAKHON RATCHASIMA, TH",14.967,102.083,188.0,1983-11-13,0.0,25.8,29.5,
TH000048431,"NAKHON RATCHASIMA, TH",14.967,102.083,188.0,1983-11-14,0.0,25.3,28.2,
TH000048431,"NAKHON RATCHASIMA, TH",14.967,102.083,188.0,1983-11-15,0.0,25.7,28.7,
TH000048431,"NAKHON RATCHASIMA, TH",14.967,102.083,188.0,1983-11-16,0.0,24.2,26.6,
TH000048431,"NAKHON RATCHASIMA, TH",14.967,102.083,188.0,1983-11-17,0.0,24.2,26.7,
TH000048431,"NAKHON RATCHASIMA, TH",14.967,102.083,188.0,1983-11-18,0.0,23.3,26.9,
TH000048431,"NAKHON RATCHASIMA, TH",14.967,102.083,188.0,1983-11-19,0.0,22.8,27.8,
TH000048431,"NAKHON RATCHASIMA, TH",14.967,102.083,188.0,1983-11-20,0.0,23.3,27.5,
TH000048431,"NAKHON RATCHASIMA, TH",14.967,102.083,188.0,1983-11-21,0.0,22.6,28.0,
TH000048431,"NAKHON RATCHASIMA, TH",14.967,102.083,188.0,1983-11-22,0.0,21.7,26.7,
TH000048431,"NAKHON RATCHASIMA, TH",14.967,102.083,188.0,1983-11-23,0.0,21.3,26.0,
TH000048431,"NAKHON RATCHASIMA, TH",14.967,102.083,188.0,1983-11-24,0.0,20.1,25.1,
TH000048431,"NAKHON RATCHASIMA, TH",14.967,102.083,188.0,1983-11-25,0.0,20.6,25.3,
TH000048431,"NAKHON RATCHASIMA, TH",14.967,102.083,188.0,1983-11-26,0.0,20.7,26.0,
TH000048431,"NAKHON RATCHASIMA, TH",14.967,102.083,188.0,1983-11-27,0.0,19.1,24.5,
TH000048431,"NAKHON RATCHASIMA, TH",14.967,102.083,188.0,1983-11-28,0.0,18.4,23.4,
TH000048431,"NAKHON RATCHASIMA, TH",14.967,102.083,188.0,1983-11-29,0.0,19.1,24.5,
TH000048431,"NAKHON RATCHASIMA, TH",14.967,102.083,188.0,1983-11-30,0.0,19.8,24.7,
TH000048431,"NAKHON RATCHASIMA, TH",14.967,102.083,188.0,1983-12-01,0.0,18.9,24.8,
TH000048431,"NAKHON RATCHASIMA, TH",14.967,102.083,188.0,1983-12-02,0.0,20.6,25.7,
TH000048431,"NAKHON RATCHASIMA, TH",14.967,102.083,188.0,1983-12-03,0.0,20.5,26.1,
TH000048431,"NAKHON RATCHASIMA, TH",14.967,102.083,188.0,1983-12-04,0.0,18.2,25.5,
TH000048431,"NAKHON RATCHASIMA, TH",14.967,102.083,188.0,1983-12-05,0.0,19.3,26.3,
TH000048431,"NAKHON RATCHASIMA, TH",14.967,102.083,188.0,1983-12-06,0.0,22.0,27.2,
TH000048431,"NAKHON RATCHASIMA, TH",14.967,102.083,188.0,1983-12-07,0.0,22.2,26.2,
TH000048431,"NAKHON RATCHASIMA, TH",14.967,102.083,188.0,1983-12-08,0.0,21.3,26.2,
TH000048431,"NAKHON RATCHASIMA, TH",14.967,102.083,188.0,1983-12-09,0.0,20.9,26.5,
TH000048431,"NAKHON RATCHASIMA, TH",14.967,102.083,188.0,1983-12-10,0.0,21.7,28.0,
TH000048431,"NAKHON RATCHASIMA, TH",14.967,102.083,188.0,1983-12-11,0.0,22.9,27.9,
TH000048431,"NAKHON RATCHASIMA, TH",14.967,102.083,188.0,1983-12-12,0.0,22.4,27.9,
TH000048431,"NAKHON RATCHASIMA, TH",14.967,102.083,188.0,1983-12-13,0.0,21.8,28.5,
TH000048431,"NAKHON RATCHASIMA, TH",14.967,102.083,188.0,1983-12-14,0.0,24.8,30.2,
TH000048431,"NAKHON RATCHASIMA, TH",14.967,102.083,188.0,1983-12-15,0.0,24.7,29.4,
TH000048431,"NAKHON RATCHASIMA, TH",14.967,102.083,188.0,1983-12-16,0.0,24.9,30.1,
TH000048431,"NAKHON RATCHASIMA, TH",14.967,102.083,188.0,1983-12-17,0.0,25.9,30.5,
TH000048431,"NAKHON RATCHASIMA, TH",14.967,102.083,188.0,1983-12-18,0.0,25.2,30.4,
TH000048431,"NAKHON RATCHASIMA, TH",14.967,102.083,188.0,1983-12-19,0.0,24.8,29.9,
TH000048431,"NAKHON RATCHASIMA, TH",14.967,102.083,188.0,1983-12-20,0.0,24.5,31.5,
TH000048431,"NAKHON RATCHASIMA, TH",14.967,102.083,188.0,1983-12-21,0.0,23.0,31.0,
TH000048431,"NAKHON RATCHASIMA, TH",14.967,102.083,188.0,1983-12-22,0.0,23.7,29.7,
TH000048431,"NAKHON RATCHASIMA, TH",14.967,102.083,188.0,1983-12-23,0.0,23.2,29.4,
TH000048431,"NAKHON RATCHASIMA, TH",14.967,102.083,188.0,1983-12-24,0.0,22.1,27.9,
TH000048431,"NAKHON RATCHASIMA, TH",14.967,102.083,188.0,1983-12-25,0.0,21.5,27.2,
TH000048431,"NAKHON RATCHASIMA, TH",14.967,102.083,188.0,1983-12-26,0.0,20.3,25.2,
TH000048431,"NAKHON RATCHASIMA, TH",14.967,102.083,188.0,1983-12-27,0.0,21.3,25.4,
TH000048431,"NAKHON RATCHASIMA, TH",14.967,102.083,188.0,1983-12-28,0.0,23.6,28.9,
TH000048431,"NAKHON RATCHASIMA, TH",14.967,102.083,188.0,1983-12-29,0.0,24.7,29.0,
TH000048431,"NAKHON RATCHASIMA, TH",14.967,102.083,188.0,1983-12-30,0.0,21.2,25.3,
TH000048431,"NAKHON RATCHASIMA, TH",14.967,102.083,188.0,1983-12-31,0.3,18.5,19.8,
TH000048431,"NAKHON RATCHASIMA, TH",14.967,102.083,188.0,1984-01-01,0.0,19.3,22.3,
TH000048431,"NAKHON RATCHASIMA, TH",14.967,102.083,188.0,1984-01-02,0.0,21.3,27.3,
TH000048431,"NAKHON RATCHASIMA, TH",14.967,102.083,188.0,1984-01-03,0.0,22.4,28.7,
TH000048431,"NAKHON RATCHASIMA, TH",14.967,102.083,188.0,1984-01-04,0.0,20.7,26.2,
TH000048431,"NAKHON RATCHASIMA, TH",14.967,102.083,188.0,1984-01-05,0.0,19.2,25.3,
TH000048431,"NAKHON RATCHASIMA, TH",14.967,102.083,188.0,1984-01-06,0.0,20.0,26.1,
TH000048431,"NAKHON RATCHASIMA, TH",14.967,102.083,188.0,1984-01-07,0.0,19.4,25.0,
TH000048431,"NAKHON RATCHASIMA, TH",14.967,102.083,188.0,1984-01-08,0.0,19.1,24.1,
TH000048431,"NAKHON RATCHASIMA, TH",14.967,102.083,188.0,1984-01-09,0.0,16.2,23.2,
TH000048431,"NAKHON RATCHASIMA, TH",14.967,102.083,188.0,1984-01-10,0.0,18.4,26.3,
TH000048431,"NAKHON RATCHASIMA, TH",14.967,102.083,188.0,1984-01-11,0.0,19.6,27.1,
TH000048431,"NAKHON RATCHASIMA, TH",14.967,102.083,188.0,1984-01-12,0.0,22.3,30.7,
TH000048431,"NAKHON RATCHASIMA, TH",14.967,102.083,188.0,1984-01-13,0.0,21.5,28.5,
TH000048431,"NAKHON RATCHASIMA, TH",14.967,102.083,188.0,1984-01-14,0.0,23.3,31.3,
TH000048431,"NAKHON RATCHASIMA, TH",14.967,102.083,188.0,1984-01-15,0.0,22.5,32.2,
TH000048431,"NAKHON RATCHASIMA, TH",14.967,102.083,188.0,1984-01-16,0.0,24.1,31.7,
TH000048431,"NAKHON RATCHASIMA, TH",14.967,102.083,188.0,1984-01-17,0.0,24.8,31.5,
TH000048431,"NAKHON RATCHASIMA, TH",14.967,102.083,188.0,1984-01-18,0.0,25.6,32.7,
TH000048431,"NAKHON RATCHASIMA, TH",14.967,102.083,188.0,1984-01-19,0.0,26.1,33.3,
TH000048431,"NAKHON RATCHASIMA, TH",14.967,102.083,188.0,1984-01-20,0.0,26.7,33.5,
TH000048431,"NAKHON RATCHASIMA, TH",14.967,102.083,188.0,1984-01-21,0.0,28.2,33.7,
TH000048431,"NAKHON RATCHASIMA, TH",14.967,102.083,188.0,1984-01-22,0.0,22.6,27.3,
TH000048431,"NAKHON RATCHASIMA, TH",14.967,102.083,188.0,1984-01-23,0.0,23.6,27.8,
TH000048431,"NAKHON RATCHASIMA, TH",14.967,102.083,188.0,1984-01-24,0.0,25.2,29.2,
TH000048431,"NAKHON RATCHASIMA, TH",14.967,102.083,188.0,1984-01-25,0.0,24.8,30.3,
TH000048431,"NAKHON RATCHASIMA, TH",14.967,102.083,188.0,1984-01-26,0.0,22.2,27.5,
TH000048431,"NAKHON RATCHASIMA, TH",14.967,102.083,188.0,1984-01-27,0.0,22.6,29.0,
TH000048431,"NAKHON RATCHASIMA, TH",14.967,102.083,188.0,1984-01-28,0.0,22.3,29.4,
TH000048431,"NAKHON RATCHASIMA, TH",14.967,102.083,188.0,1984-01-29,0.0,25.1,30.2,
TH000048431,"NAKHON RATCHASIMA, TH",14.967,102.083,188.0,1984-01-30,0.0,26.2,31.5,
TH000048431,"NAKHON RATCHASIMA, TH",14.967,102.083,188.0,1984-01-31,0.0,26.4,31.8,
TH000048431,"NAKHON RATCHASIMA, TH",14.967,102.083,188.0,1984-02-01,0.0,24.1,30.5,
TH000048431,"NAKHON RATCHASIMA, TH",14.967,102.083,188.0,1984-02-02,0.0,24.9,31.8,
TH000048431,"NAKHON RATCHASIMA, TH",14.967,102.083,188.0,1984-02-03,0.0,25.3,32.2,
TH000048431,"NAKHON RATCHASIMA, TH",14.967,102.083,188.0,1984-02-04,0.0,24.9,31.8,
TH000048431,"NAKHON RATCHASIMA, TH",14.967,102.083,188.0,1984-02-05,0.0,26.9,34.0,
TH000048431,"NAKHON RATCHASIMA, TH",14.967,102.083,188.0,1984-02-06,0.0,24.1,30.8,
TH000048431,"NAKHON RATCHASIMA, TH",14.967,102.083,188.0,1984-02-07,0.0,19.8,25.5,
TH000048431,"NAKHON RATCHASIMA, TH",14.967,102.083,188.0,1984-02-08,0.0,20.2,25.7,
TH000048431,"NAKHON RATCHASIMA, TH",14.967,102.083,188.0,1984-02-09,0.0,21.6,29.1,
TH000048431,"NAKHON RATCHASIMA, TH",14.967,102.083,188.0,1984-02-10,0.0,26.3,33.1,
TH000048431,"NAKHON RATCHASIMA, TH",14.967,102.083,188.0,1984-02-11,0.0,27.5,34.5,
TH000048431,"NAKHON RATCHASIMA, TH",14.967,102.083,188.0,1984-02-12,0.0,28.2,34.5,
TH000048431,"NAKHON RATCHASIMA, TH",14.967,102.083,188.0,1984-02-13,3.1,28.1,36.2,
TH000048431,"NAKHON RATCHASIMA, TH",14.967,102.083,188.0,1984-02-14,0.0,28.4,35.2,
TH000048431,"NAKHON RATCHASIMA, TH",14.967,102.083,188.0,1984-02-15,0.0,28.1,34.5,
TH000048431,"NAKHON RATCHASIMA, TH",14.967,102.083,188.0,1984-02-16,0.0,28.1,34.4,
TH000048431,"NAKHON RATCHASIMA, TH",14.967,102.083,188.0,1984-02-17,0.1,28.5,35.6,
TH000048431,"NAKHON RATCHASIMA, TH",14.967,102.083,188.0,1984-02-18,0.0,28.1,33.3,
TH000048431,"NAKHON RATCHASIMA, TH",14.967,102.083,188.0,1984-02-19,0.0,28.3,34.0,
TH000048431,"NAKHON RATCHASIMA, TH",14.967,102.083,188.0,1984-02-20,0.0,29.6,35.7,
TH000048431,"NAKHON RATCHASIMA, TH",14.967,102.083,188.0,1984-02-21,0.0,29.3,36.4,
TH000048431,"NAKHON RATCHASIMA, TH",14.967,102.083,188.0,1984-02-22,0.0,30.2,36.8,
TH000048431,"NAKHON RATCHASIMA, TH",14.967,102.083,188.0,1984-02-23,0.0,30.8,37.2,
TH000048431,"NAKHON RATCHASIMA, TH",14.967,102.083,188.0,1984-02-24,0.0,29.2,37.0,
TH000048431,"NAKHON RATCHASIMA, TH",14.967,102.083,188.0,1984-02-25,0.0,29.4,36.4,
TH000048431,"NAKHON RATCHASIMA, TH",14.967,102.083,188.0,1984-02-26,8.0,27.9,34.6,
TH000048431,"NAKHON RATCHASIMA, TH",14.967,102.083,188.0,1984-02-27,0.0,25.9,29.8,
TH000048431,"NAKHON RATCHASIMA, TH",14.967,102.083,188.0,1984-02-28,0.0,25.9,31.9,
TH000048431,"NAKHON RATCHASIMA, TH",14.967,102.083,188.0,1984-02-29,0.0,23.6,29.0,
TH000048431,"NAKHON RATCHASIMA, TH",14.967,102.083,188.0,1984-03-01,0.0,23.9,29.5,
TH000048431,"NAKHON RATCHASIMA, TH",14.967,102.083,188.0,1984-03-02,0.0,22.1,28.2,
TH000048431,"NAKHON RATCHASIMA, TH",14.967,102.083,188.0,1984-03-03,0.0,24.6,30.9,
TH000048431,"NAKHON RATCHASIMA, TH",14.967,102.083,188.0,1984-03-04,0.0,23.6,29.6,
TH000048431,"NAKHON RATCHASIMA, TH",14.967,102.083,188.0,1984-03-05,0.0,26.0,33.4,
TH000048431,"NAKHON RATCHASIMA, TH",14.967,102.083,188.0,1984-03-06,0.0,27.7,34.6,
TH000048431,"NAKHON RATCHASIMA, TH",14.967,102.083,188.0,1984-03-07,0.0,28.6,35.5,
TH000048431,"NAKHON RATCHASIMA, TH",14.967,102.083,188.0,1984-03-08,0.0,29.2,36.5,
TH000048431,"NAKHON RATCHASIMA, TH",14.967,102.083,188.0,1984-03-09,0.0,28.6,36.2,
TH000048431,"NAKHON RATCHASIMA, TH",14.967,102.083,188.0,1984-03-10,0.0,28.2,35.8,
TH000048431,"NAKHON RATCHASIMA, TH",14.967,102.083,188.0,1984-03-11,0.0,28.3,36.5,
TH000048431,"NAKHON RATCHASIMA, TH",14.967,102.083,188.0,1984-03-12,0.0,28.4,37.5,
TH000048431,"NAKHON RATCHASIMA, TH",14.967,102.083,188.0,1984-03-13,0.0,28.1,37.2,
TH000048431,"NAKHON RATCHASIMA, TH",14.967,102.083,188.0,1984-03-14,0.0,29.4,38.3,
TH000048431,"NAKHON RATCHASIMA, TH",14.967,102.083,188.0,1984-03-15,0.0,30.6,39.6,
TH000048431,"NAKHON RATCHASIMA, TH",14.967,102.083,188.0,1984-03-16,0.0,32.0,39.8,
TH000048431,"NAKHON RATCHASIMA, TH",14.967,102.083,188.0,1984-03-17,0.0,31.6,39.8,
TH000048431,"NAKHON RATCHASIMA, TH",14.967,102.083,188.0,1984-03-18,0.0,30.1,38.6,
TH000048431,"NAKHON RATCHASIMA, TH",14.967,102.083,188.0,1984-03-19,0.0,30.2,38.4,
TH000048431,"NAKHON RATCHASIMA, TH",14.967,102.083,188.0,1984-03-20,0.0,31.3,39.0,
TH000048431,"NAKHON RATCHASIMA, TH",14.967,102.083,188.0,1984-03-21,0.0,29.7,34.9,
TH000048431,"NAKHON RATCHASIMA, TH",14.967,102.083,188.0,1984-03-22,3.0,27.0,35.0,
TH000048431,"NAKHON RATCHASIMA, TH",14.967,102.083,188.0,1984-03-23,3.4,27.2,34.3,
TH000048431,"NAKHON RATCHASIMA, TH",14.967,102.083,188.0,1984-03-24,0.0,27.8,33.1,
TH000048431,"NAKHON RATCHASIMA, TH",14.967,102.083,188.0,1984-03-25,1.9,27.9,34.9,
TH000048431,"NAKHON RATCHASIMA, TH",14.967,102.083,188.0,1984-03-26,3.0,26.8,37.1,
TH000048431,"NAKHON RATCHASIMA, TH",14.967,102.083,188.0,1984-03-27,0.0,29.1,37.6,
TH000048431,"NAKHON RATCHASIMA, TH",14.967,102.083,188.0,1984-03-28,0.0,31.3,37.4,
TH000048431,"NAKHON RATCHASIMA, TH",14.967,102.083,188.0,1984-03-29,0.0,29.6,34.4,
TH000048431,"NAKHON RATCHASIMA, TH",14.967,102.083,188.0,1984-03-30,0.0,27.8,33.1,
TH000048431,"NAKHON RATCHASIMA, TH",14.967,102.083,188.0,1984-03-31,0.2,28.0,35.6,
TH000048431,"NAKHON RATCHASIMA, TH",14.967,102.083,188.0,1984-04-01,4.2,28.2,36.4,
TH000048431,"NAKHON RATCHASIMA, TH",14.967,102.083,188.0,1984-04-02,0.0,31.0,38.4,
TH000048431,"NAKHON RATCHASIMA, TH",14.967,102.083,188.0,1984-04-03,0.0,31.1,39.0,
TH000048431,"NAKHON RATCHASIMA, TH",14.967,102.083,188.0,1984-04-04,0.0,31.4,39.2,
TH000048431,"NAKHON RATCHASIMA, TH",14.967,102.083,188.0,1984-04-05,0.0,32.4,39.7,
TH000048431,"NAKHON RATCHASIMA, TH",14.967,102.083,188.0,1984-04-06,0.0,31.8,39.0,
TH000048431,"NAKHON RATCHASIMA, TH",14.967,102.083,188.0,1984-04-07,0.0,31.7,39.5,
TH000048431,"NAKHON RATCHASIMA, TH",14.967,102.083,188.0,1984-04-08,0.0,31.0,38.7,
TH000048431,"NAKHON RATCHASIMA, TH",14.967,102.083,188.0,1984-04-09,0.0,31.7,38.5,
TH000048431,"NAKHON RATCHASIMA, TH",14.967,102.083,188.0,1984-04-10,1.5,31.1,39.2,
TH000048431,"NAKHON RATCHASIMA, TH",14.967,102.083,188.0,1984-04-11,0.0,30.4,36.4,
TH000048431,"NAKHON RATCHASIMA, TH",14.967,102.083,188.0,1984-04-12,1.2,29.9,38.7,
TH000048431,"NAKHON RATCHASIMA, TH",14.967,102.083,188.0,1984-04-13,0.0,29.8,35.5,
TH000048431,"NAKHON RATCHASIMA, TH",14.967,102.083,188.0,1984-04-14,0.0,29.9,37.4,
TH000048431,"NAKHON RATCHASIMA, TH",14.967,102.083,188.0,1984-04-15,0.0,29.6,36.5,
TH000048431,"NAKHON RATCHASIMA, TH",14.967,102.083,188.0,1984-04-16,0.0,29.7,36.6,
TH000048431,"NAKHON RATCHASIMA, TH",14.967,102.083,188.0,1984-04-17,0.0,30.8,38.7,
TH000048431,"NAKHON RATCHASIMA, TH",14.967,102.083,188.0,1984-04-18,0.0,30.4,37.1,
TH000048431,"NAKHON RATCHASIMA, TH",14.967,102.083,188.0,1984-04-19,0.0,30.9,38.5,
TH000048431,"NAKHON RATCHASIMA, TH",14.967,102.083,188.0,1984-04-20,0.0,29.9,38.6,
TH000048431,"NAKHON RATCHASIMA, TH",14.967,102.083,188.0,1984-04-21,1.2,28.9,37.8,
TH000048431,"NAKHON RATCHASIMA, TH",14.967,102.083,188.0,1984-04-22,29.3,25.9,35.6,
TH000048431,"NAKHON RATCHASIMA, TH",14.967,102.083,188.0,1984-04-23,0.0,27.9,33.1,
TH000048431,"NAKHON RATCHASIMA, TH",14.967,102.083,188.0,1984-04-24,0.0,27.9,34.0,
TH000048431,"NAKHON RATCHASIMA, TH",14.967,102.083,188.0,1984-04-25,0.0,29.7,36.2,
TH000048431,"NAKHON RATCHASIMA, TH",14.967,102.083,188.0,1984-04-26,0.0,28.8,34.6,
TH000048431,"NAKHON RATCHASIMA, TH",14.967,102.083,188.0,1984-04-27,0.0,29.8,35.6,
TH000048431,"NAKHON RATCHASIMA, TH",14.967,102.083,188.0,1984-04-28,0.0,30.3,35.8,
TH000048431,"NAKHON RATCHASIMA, TH",14.967,102.083,188.0,1984-04-29,17.2,28.0,33.0,
TH000048431,"NAKHON RATCHASIMA, TH",14.967,102.083,188.0,1984-04-30,0.5,28.9,34.9,
TH000048431,"NAKHON RATCHASIMA, TH",14.967,102.083,188.0,1984-05-01,0.0,28.2,34.0,
TH000048431,"NAKHON RATCHASIMA, TH",14.967,102.083,188.0,1984-05-02,0.0,29.7,36.6,
TH000048431,"NAKHON RATCHASIMA, TH",14.967,102.083,188.0,1984-05-03,0.0,30.2,36.9,
TH000048431,"NAKHON RATCHASIMA, TH",14.967,102.083,188.0,1984-05-04,0.0,30.9,38.3,
TH000048431,"NAKHON RATCHASIMA, TH",14.967,102.083,188.0,1984-05-05,0.0,30.7,38.2,
TH000048431,"NAKHON RATCHASIMA, TH",14.967,102.083,188.0,1984-05-06,0.0,28.3,33.8,
TH000048431,"NAKHON RATCHASIMA, TH",14.967,102.083,188.0,1984-05-07,0.0,27.1,32.6,
TH000048431,"NAKHON RATCHASIMA, TH",14.967,102.083,188.0,1984-05-08,0.0,30.1,35.7,
TH000048431,"NAKHON RATCHASIMA, TH",14.967,102.083,188.0,1984-05-09,0.0,28.6,35.4,
TH000048431,"NAKHON RATCHASIMA, TH",14.967,102.083,188.0,1984-05-10,3.0,28.2,35.1,
TH000048431,"NAKHON RATCHASIMA, TH",14.967,102.083,188.0,1984-05-11,0.0,28.5,35.8,
TH000048431,"NAKHON RATCHASIMA, TH",14.967,102.083,188.0,1984-05-12,73.3,27.3,34.7,
TH000048431,"NAKHON RATCHASIMA, TH",14.967,102.083,188.0,1984-05-13,3.8,27.2,33.4,
TH000048431,"NAKHON RATCHASIMA, TH",14.967,102.083,188.0,1984-05-14,0.8,26.7,33.0,
TH000048431,"NAKHON RATCHASIMA, TH",14.967,102.083,188.0,1984-05-15,0.0,28.3,35.0,
TH000048431,"NAKHON RATCHASIMA, TH",14.967,102.083,188.0,1984-05-16,0.0,29.3,35.3,
TH000048431,"NAKHON RATCHASIMA, TH",14.967,102.083,188.0,1984-05-17,5.5,27.8,34.5,
TH000048431,"NAKHON RATCHASIMA, TH",14.967,102.083,188.0,1984-05-18,0.3,28.0,35.1,
TH000048431,"NAKHON RATCHASIMA, TH",14.967,102.083,188.0,1984-05-19,0.0,28.4,35.4,
TH000048431,"NAKHON RATCHASIMA, TH",14.967,102.083,188.0,1984-05-20,13.1,28.6,36.2,
TH000048431,"NAKHON RATCHASIMA, TH",14.967,102.083,188.0,1984-05-21,0.1,27.7,35.0,
TH000048431,"NAKHON RATCHASIMA, TH",14.967,102.083,188.0,1984-05-22,0.0,28.9,35.6,
TH000048431,"NAKHON RATCHASIMA, TH",14.967,102.083,188.0,1984-05-23,0.0,29.9,34.7,
TH000048431,"NAKHON RATCHASIMA, TH",14.967,102.083,188.0,1984-05-24,28.5,29.6,36.3,
TH000048431,"NAKHON RATCHASIMA, TH",14.967,102.083,188.0,1984-05-25,0.2,28.6,35.6,
TH000048431,"NAKHON RATCHASIMA, TH",14.967,102.083,188.0,1984-05-26,1.4,26.8,32.8,
TH000048431,"NAKHON RATCHASIMA, TH",14.967,102.083,188.0,1984-05-27,64.7,27.4,33.7,
TH000048431,"NAKHON RATCHASIMA, TH",14.967,102.083,188.0,1984-05-28,13.3,26.9,32.5,
TH000048431,"NAKHON RATCHASIMA, TH",14.967,102.083,188.0,1984-05-29,21.5,27.3,32.0,
TH000048431,"NAKHON RATCHASIMA, TH",14.967,102.083,188.0,1984-05-30,0.0,28.9,33.0,
TH000048431,"NAKHON RATCHASIMA, TH",14.967,102.083,188.0,1984-05-31,14.8,28.3,35.3,
TH000048431,"NAKHON RATCHASIMA, TH",14.967,102.083,188.0,1984-06-01,1.0,28.8,35.5,
TH000048431,"NAKHON RATCHASIMA, TH",14.967,102.083,188.0,1984-06-02,14.4,27.8,33.1,
TH000048431,"NAKHON RATCHASIMA, TH",14.967,102.083,188.0,1984-06-03,0.0,27.4,33.0,
TH000048431,"NAKHON RATCHASIMA, TH",14.967,102.083,188.0,1984-06-04,3.6,27.7,33.3,
TH000048431,"NAKHON RATCHASIMA, TH",14.967,102.083,188.0,1984-06-05,1.4,27.2,34.2,
TH000048431,"NAKHON RATCHASIMA, TH",14.967,102.083,188.0,1984-06-06,8.5,26.9,32.2,
TH000048431,"NAKHON RATCHASIMA, TH",14.967,102.083,188.0,1984-06-07,0.8,28.1,33.4,
TH000048431,"NAKHON RATCHASIMA, TH",14.967,102.083,188.0,1984-06-08,0.0,28.3,33.8,
TH000048431,"NAKHON RATCHASIMA, TH",14.967,102.083,188.0,1984-06-09,20.1,29.1,35.1,
TH000048431,"NAKHON RATCHASIMA, TH",14.967,102.083,188.0,1984-06-10,15.2,28.4,33.2,
TH000048431,"NAKHON RATCHASIMA, TH",14.967,102.083,188.0,1984-06-11,10.2,26.1,28.2,
TH000048431,"NAKHON RATCHASIMA, TH",14.967,102.083,188.0,1984-06-12,0.0,28.0,32.5,
TH000048431,"NAKHON RATCHASIMA, TH",14.967,102.083,188.0,1984-06-13,0.0,28.1,33.9,
TH000048431,"NAKHON RATCHASIMA, TH",14.967,102.083,188.0,1984-06-14,0.0,29.8,35.0,
TH000048431,"NAKHON RATCHASIMA, TH",14.967,102.083,188.0,1984-06-15,0.0,29.3,34.9,
TH000048431,"NAKHON RATCHASIMA, TH",14.967,102.083,188.0,1984-06-16,0.0,28.1,34.0,
TH000048431,"NAKHON RATCHASIMA, TH",14.967,102.083,188.0,1984-06-17,0.0,28.0,33.1,
TH000048431,"NAKHON RATCHASIMA, TH",14.967,102.083,188.0,1984-06-18,0.0,27.3,32.0,
TH000048431,"NAKHON RATCHASIMA, TH",14.967,102.083,188.0,1984-06-19,0.0,28.3,32.5,
TH000048431,"NAKHON RATCHASIMA, TH",14.967,102.083,188.0,1984-06-20,0.0,28.4,33.0,
TH000048431,"NAKHON RATCHASIMA, TH",14.967,102.083,188.0,1984-06-21,0.1,28.1,32.7,
TH000048431,"NAKHON RATCHASIMA, TH",14.967,102.083,188.0,1984-06-22,0.0,28.0,33.0,
TH000048431,"NAKHON RATCHASIMA, TH",14.967,102.083,188.0,1984-06-23,4.2,28.2,34.2,
TH000048431,"NAKHON RATCHASIMA, TH",14.967,102.083,188.0,1984-06-24,0.0,29.1,34.2,
TH000048431,"NAKHON RATCHASIMA, TH",14.967,102.083,188.0,1984-06-25,0.0,28.7,33.4,
TH000048431,"NAKHON RATCHASIMA, TH",14.967,102.083,188.0,1984-06-26,0.0,28.7,33.5,
TH000048431,"NAKHON RATCHASIMA, TH",14.967,102.083,188.0,1984-06-27,0.3,27.2,29.8,
TH000048431,"NAKHON RATCHASIMA, TH",14.967,102.083,188.0,1984-06-28,0.0,28.2,33.3,
TH000048431,"NAKHON RATCHASIMA, TH",14.967,102.083,188.0,1984-06-29,0.0,28.7,34.7,
TH000048431,"NAKHON RATCHASIMA, TH",14.967,102.083,188.0,1984-06-30,0.3,26.7,35.0,
TH000048431,"NAKHON RATCHASIMA, TH",14.967,102.083,188.0,1984-07-01,0.0,28.1,35.2,
TH000048431,"NAKHON RATCHASIMA, TH",14.967,102.083,188.0,1984-07-02,0.0,29.8,34.7,
TH000048431,"NAKHON RATCHASIMA, TH",14.967,102.083,188.0,1984-07-03,0.0,29.6,35.3,
TH000048431,"NAKHON RATCHASIMA, TH",14.967,102.083,188.0,1984-07-04,17.5,26.8,35.2,
TH000048431,"NAKHON RATCHASIMA, TH",14.967,102.083,188.0,1984-07-05,1.0,25.7,31.7,
TH000048431,"NAKHON RATCHASIMA, TH",14.967,102.083,188.0,1984-07-06,5.6,27.4,33.3,
TH000048431,"NAKHON RATCHASIMA, TH",14.967,102.083,188.0,1984-07-07,0.0,26.6,32.9,
TH000048431,"NAKHON RATCHASIMA, TH",14.967,102.083,188.0,1984-07-08,0.0,28.4,34.2,
TH000048431,"NAKHON RATCHASIMA, TH",14.967,102.083,188.0,1984-07-09,0.0,27.7,32.6,
TH000048431,"NAKHON RATCHASIMA, TH",14.967,102.083,188.0,1984-07-10,11.8,26.0,33.1,
TH000048431,"NAKHON RATCHASIMA, TH",14.967,102.083,188.0,1984-07-11,18.5,25.2,30.1,
TH000048431,"NAKHON RATCHASIMA, TH",14.967,102.083,188.0,1984-07-12,9.7,24.9,29.0,
TH000048431,"NAKHON RATCHASIMA, TH",14.967,102.083,188.0,1984-07-13,0.0,26.7,30.9,
TH000048431,"NAKHON RATCHASIMA, TH",14.967,102.083,188.0,1984-07-14,1.2,27.4,32.6,
TH000048431,"NAKHON RATCHASIMA, TH",14.967,102.083,188.0,1984-07-15,1.3,27.7,32.6,
TH000048431,"NAKHON RATCHASIMA, TH",14.967,102.083,188.0,1984-07-16,0.0,27.4,32.4,
TH000048431,"NAKHON RATCHASIMA, TH",14.967,102.083,188.0,1984-07-17,0.0,27.9,33.9,
TH000048431,"NAKHON RATCHASIMA, TH",14.967,102.083,188.0,1984-07-18,0.0,28.3,34.4,
TH000048431,"NAKHON RATCHASIMA, TH",14.967,102.083,188.0,1984-07-19,0.0,29.3,35.6,
TH000048431,"NAKHON RATCHASIMA, TH",14.967,102.083,188.0,1984-07-20,14.4,27.5,35.0,
TH000048431,"NAKHON RATCHASIMA, TH",14.967,102.083,188.0,1984-07-21,13.5,26.4,32.8,
TH000048431,"NAKHON RATCHASIMA, TH",14.967,102.083,188.0,1984-07-22,17.5,25.2,32.0,
TH000048431,"NAKHON RATCHASIMA, TH",14.967,102.083,188.0,1984-07-23,0.0,27.8,33.0,
TH000048431,"NAKHON RATCHASIMA, TH",14.967,102.083,188.0,1984-07-24,0.0,28.9,34.2,
TH000048431,"NAKHON RATCHASIMA, TH",14.967,102.083,188.0,1984-07-25,0.0,28.7,34.8,
TH000048431,"NAKHON RATCHASIMA, TH",14.967,102.083,188.0,1984-07-26,0.0,28.9,34.3,
TH000048431,"NAKHON RATCHASIMA, TH",14.967,102.083,188.0,1984-07-27,0.0,29.1,34.6,
TH000048431,"NAKHON RATCHASIMA, TH",14.967,102.083,188.0,1984-07-28,0.0,28.1,33.5,
TH000048431,"NAKHON RATCHASIMA, TH",14.967,102.083,188.0,1984-07-29,0.0,27.6,33.4,
TH000048431,"NAKHON RATCHASIMA, TH",14.967,102.083,188.0,1984-07-30,0.0,27.9,33.0,
TH000048431,"NAKHON RATCHASIMA, TH",14.967,102.083,188.0,1984-07-31,0.0,28.1,32.1,
TH000048431,"NAKHON RATCHASIMA, TH",14.967,102.083,188.0,1984-08-01,0.0,28.2,33.4,
TH000048431,"NAKHON RATCHASIMA, TH",14.967,102.083,188.0,1984-08-02,0.0,28.8,34.6,
TH000048431,"NAKHON RATCHASIMA, TH",14.967,102.083,188.0,1984-08-03,0.3,28.7,34.7,
TH000048431,"NAKHON RATCHASIMA, TH",14.967,102.083,188.0,1984-08-04,0.0,28.0,33.5,
TH000048431,"NAKHON RATCHASIMA, TH",14.967,102.083,188.0,1984-08-05,0.0,28.8,33.5,
TH000048431,"NAKHON RATCHASIMA, TH",14.967,102.083,188.0,1984-08-06,0.0,28.4,32.6,
TH000048431,"NAKHON RATCHASIMA, TH",14.967,102.083,188.0,1984-08-07,0.4,27.8,33.1,
TH000048431,"NAKHON RATCHASIMA, TH",14.967,102.083,188.0,1984-08-08,18.6,26.5,32.6,
TH000048431,"NAKHON RATCHASIMA, TH",14.967,102.083,188.0,1984-08-09,4.2,26.4,32.7,
TH000048431,"NAKHON RATCHASIMA, TH",14.967,102.083,188.0,1984-08-10,38.2,24.9,29.4,
TH000048431,"NAKHON RATCHASIMA, TH",14.967,102.083,188.0,1984-08-11,0.0,26.3,31.1,
TH000048431,"NAKHON RATCHASIMA, TH",14.967,102.083,188.0,1984-08-12,0.0,26.4,30.7,
TH000048431,"NAKHON RATCHASIMA, TH",14.967,102.083,188.0,1984-08-13,0.1,27.2,32.0,
TH000048431,"NAKHON RATCHASIMA, TH",14.967,102.083,188.0,1984-08-14,40.2,25.9,32.0,
TH000048431,"NAKHON RATCHASIMA, TH",14.967,102.083,188.0,1984-08-15,3.5,26.5,31.0,
TH000048431,"NAKHON RATCHASIMA, TH",14.967,102.083,188.0,1984-08-16,0.0,28.1,32.2,
TH000048431,"NAKHON RATCHASIMA, TH",14.967,102.083,188.0,1984-08-17,0.0,27.3,30.5,
TH000048431,"NAKHON RATCHASIMA, TH",14.967,102.083,188.0,1984-08-18,13.3,27.7,32.6,
TH000048431,"NAKHON RATCHASIMA, TH",14.967,102.083,188.0,1984-08-19,6.0,26.4,30.9,
TH000048431,"NAKHON RATCHASIMA, TH",14.967,102.083,188.0,1984-08-20,0.0,27.5,31.2,
TH000048431,"NAKHON RATCHASIMA, TH",14.967,102.083,188.0,1984-08-21,0.0,27.8,32.7,
TH000048431,"NAKHON RATCHASIMA, TH",14.967,102.083,188.0,1984-08-22,0.0,28.3,33.0,
TH000048431,"NAKHON RATCHASIMA, TH",14.967,102.083,188.0,1984-08-23,4.6,27.9,32.3,
TH000048431,"NAKHON RATCHASIMA, TH",14.967,102.083,188.0,1984-08-24,0.0,28.7,33.8,
TH000048431,"NAKHON RATCHASIMA, TH",14.967,102.083,188.0,1984-08-25,0.0,27.7,31.0,
TH000048431,"NAKHON RATCHASIMA, TH",14.967,102.083,188.0,1984-08-26,0.0,26.9,31.7,
TH000048431,"NAKHON RATCHASIMA, TH",14.967,102.083,188.0,1984-08-27,0.0,28.1,33.2,
TH000048431,"NAKHON RATCHASIMA, TH",14.967,102.083,188.0,1984-08-28,13.5,26.5,33.5,
TH000048431,"NAKHON RATCHASIMA, TH",14.967,102.083,188.0,1984-08-29,25.3,27.6,33.3,
TH000048431,"NAKHON RATCHASIMA, TH",14.967,102.083,188.0,1984-08-30,0.0,26.8,30.1,
TH000048431,"NAKHON RATCHASIMA, TH",14.967,102.083,188.0,1984-08-31,0.0,27.7,32.5,
TH000048431,"NAKHON RATCHASIMA, TH",14.967,102.083,188.0,1984-09-01,0.0,27.6,32.5,
TH000048431,"NAKHON RATCHASIMA, TH",14.967,102.083,188.0,1984-09-02,0.0,27.1,31.5,
TH000048431,"NAKHON RATCHASIMA, TH",14.967,102.083,188.0,1984-09-03,16.2,26.4,30.1,
TH000048431,"NAKHON RATCHASIMA, TH",14.967,102.083,188.0,1984-09-04,0.9,26.6,31.2,
TH000048431,"NAKHON RATCHASIMA, TH",14.967,102.083,188.0,1984-09-05,0.0,27.0,31.7,
TH000048431,"NAKHON RATCHASIMA, TH",14.967,102.083,188.0,1984-09-06,24.6,27.3,33.0,
TH000048431,"NAKHON RATCHASIMA, TH",14.967,102.083,188.0,1984-09-07,18.3,25.6,30.6,
TH000048431,"NAKHON RATCHASIMA, TH",14.967,102.083,188.0,1984-09-08,3.9,25.9,31.8,
TH000048431,"NAKHON RATCHASIMA, TH",14.967,102.083,188.0,1984-09-09,2.0,25.6,31.0,
TH000048431,"NAKHON RATCHASIMA, TH",14.967,102.083,188.0,1984-09-10,1.2,26.3,31.5,
TH000048431,"NAKHON RATCHASIMA, TH",14.967,102.083,188.0,1984-09-11,13.2,24.5,32.1,
TH000048431,"NAKHON RATCHASIMA, TH",14.967,102.083,188.0,1984-09-12,0.0,27.7,33.0,
TH000048431,"NAKHON RATCHASIMA, TH",14.967,102.083,188.0,1984-09-13,2.3,25.8,31.7,
TH000048431,"NAKHON RATCHASIMA, TH",14.967,102.083,188.0,1984-09-14,0.2,26.2,31.0,
TH000048431,"NAKHON RATCHASIMA, TH",14.967,102.083,188.0,1984-09-15,0.0,27.3,31.1,
TH000048431,"NAKHON RATCHASIMA, TH",14.967,102.083,188.0,1984-09-16,1.0,27.5,33.0,
TH000048431,"NAKHON RATCHASIMA, TH",14.967,102.083,188.0,1984-09-17,0.0,27.6,32.7,
TH000048431,"NAKHON RATCHASIMA, TH",14.967,102.083,188.0,1984-09-18,0.0,27.8,33.0,
TH000048431,"NAKHON RATCHASIMA, TH",14.967,102.083,188.0,1984-09-19,0.0,26.9,31.7,
TH000048431,"NAKHON RATCHASIMA, TH",14.967,102.083,188.0,1984-09-20,0.0,26.6,33.0,
TH000048431,"NAKHON RATCHASIMA, TH",14.967,102.083,188.0,1984-09-21,8.5,27.4,32.1,
TH000048431,"NAKHON RATCHASIMA, TH",14.967,102.083,188.0,1984-09-22,33.4,26.8,32.4,
TH000048431,"NAKHON RATCHASIMA, TH",14.967,102.083,188.0,1984-09-23,10.1,26.7,30.9,
TH000048431,"NAKHON RATCHASIMA, TH",14.967,102.083,188.0,1984-09-24,4.5,26.7,31.1,
TH000048431,"NAKHON RATCHASIMA, TH",14.967,102.083,188.0,1984-09-25,0.0,28.4,33.4,
TH000048431,"NAKHON RATCHASIMA, TH",14.967,102.083,188.0,1984-09-26,1.0,28.4,33.8,
TH000048431,"NAKHON RATCHASIMA, TH",14.967,102.083,188.0,1984-09-27,0.0,28.7,34.0,
TH000048431,"NAKHON RATCHASIMA, TH",14.967,102.083,188.0,1984-09-28,11.7,26.7,32.7,
TH000048431,"NAKHON RATCHASIMA, TH",14.967,102.083,188.0,1984-09-29,7.3,25.6,29.2,
TH000048431,"NAKHON RATCHASIMA, TH",14.967,102.083,188.0,1984-09-30,6.7,26.6,31.8,
TH000048431,"NAKHON RATCHASIMA, TH",14.967,102.083,188.0,1984-10-01,0.0,27.4,31.2,
TH000048431,"NAKHON RATCHASIMA, TH",14.967,102.083,188.0,1984-10-02,0.0,27.7,32.5,
TH000048431,"NAKHON RATCHASIMA, TH",14.967,102.083,188.0,1984-10-03,1.3,26.9,30.6,
TH000048431,"NAKHON RATCHASIMA, TH",14.967,102.083,188.0,1984-10-04,0.3,26.7,32.2,
TH000048431,"NAKHON RATCHASIMA, TH",14.967,102.083,188.0,1984-10-05,0.0,25.5,30.3,
TH000048431,"NAKHON RATCHASIMA, TH",14.967,102.083,188.0,1984-10-06,0.0,25.6,29.4,
TH000048431,"NAKHON RATCHASIMA, TH",14.967,102.083,188.0,1984-10-07,40.7,25.9,30.6,
TH000048431,"NAKHON RATCHASIMA, TH",14.967,102.083,188.0,1984-10-08,4.8,26.1,31.5,
TH000048431,"NAKHON RATCHASIMA, TH",14.967,102.083,188.0,1984-10-09,48.4,26.8,33.0,
TH000048431,"NAKHON RATCHASIMA, TH",14.967,102.083,188.0,1984-10-10,0.0,26.7,31.1,
TH000048431,"NAKHON RATCHASIMA, TH",14.967,102.083,188.0,1984-10-11,0.0,27.7,32.4,
TH000048431,"NAKHON RATCHASIMA, TH",14.967,102.083,188.0,1984-10-12,0.0,26.6,32.2,
TH000048431,"NAKHON RATCHASIMA, TH",14.967,102.083,188.0,1984-10-13,28.0,24.9,28.9,
TH000048431,"NAKHON RATCHASIMA, TH",14.967,102.083,188.0,1984-10-14,12.3,22.9,24.3,
TH000048431,"NAKHON RATCHASIMA, TH",14.967,102.083,188.0,1984-10-15,1.3,25.4,28.5,
TH000048431,"NAKHON RATCHASIMA, TH",14.967,102.083,188.0,1984-10-16,3.0,26.1,31.5,
TH000048431,"NAKHON RATCHASIMA, TH",14.967,102.083,188.0,1984-10-17,0.0,24.9,27.6,
TH000048431,"NAKHON RATCHASIMA, TH",14.967,102.083,188.0,1984-10-18,0.5,26.6,30.8,
TH000048431,"NAKHON RATCHASIMA, TH",14.967,102.083,188.0,1984-10-19,3.1,25.5,29.3,
TH000048431,"NAKHON RATCHASIMA, TH",14.967,102.083,188.0,1984-10-20,0.0,25.3,29.1,
TH000048431,"NAKHON RATCHASIMA, TH",14.967,102.083,188.0,1984-10-21,0.0,24.6,29.0,
TH000048431,"NAKHON RATCHASIMA, TH",14.967,102.083,188.0,1984-10-22,0.0,24.2,29.3,
TH000048431,"NAKHON RATCHASIMA, TH",14.967,102.083,188.0,1984-10-23,0.0,25.4,29.4,
TH000048431,"NAKHON RATCHASIMA, TH",14.967,102.083,188.0,1984-10-24,0.0,24.8,29.6,
TH000048431,"NAKHON RATCHASIMA, TH",14.967,102.083,188.0,1984-10-25,0.0,25.3,29.7,
TH000048431,"NAKHON RATCHASIMA, TH",14.967,102.083,188.0,1984-10-26,0.0,25.3,29.5,
TH000048431,"NAKHON RATCHASIMA, TH",14.967,102.083,188.0,1984-10-27,0.0,24.2,29.7,
TH000048431,"NAKHON RATCHASIMA, TH",14.967,102.083,188.0,1984-10-28,0.0,22.2,28.8,
TH000048431,"NAKHON RATCHASIMA, TH",14.967,102.083,188.0,1984-10-29,0.0,23.4,29.4,
TH000048431,"NAKHON RATCHASIMA, TH",14.967,102.083,188.0,1984-10-30,0.0,25.2,29.9,
TH000048431,"NAKHON RATCHASIMA, TH",14.967,102.083,188.0,1984-10-31,0.0,25.1,29.6,
TH000048431,"NAKHON RATCHASIMA, TH",14.967,102.083,188.0,1984-11-01,0.0,24.9,29.6,
TH000048431,"NAKHON RATCHASIMA, TH",14.967,102.083,188.0,1984-11-02,5.6,25.0,30.0,
TH000048431,"NAKHON RATCHASIMA, TH",14.967,102.083,188.0,1984-11-03,6.5,21.1,23.8,
TH000048431,"NAKHON RATCHASIMA, TH",14.967,102.083,188.0,1984-11-04,0.0,24.2,28.7,
TH000048431,"NAKHON RATCHASIMA, TH",14.967,102.083,188.0,1984-11-05,0.0,25.2,31.1,
TH000048431,"NAKHON RATCHASIMA, TH",14.967,102.083,188.0,1984-11-06,0.0,25.8,31.0,
TH000048431,"NAKHON RATCHASIMA, TH",14.967,102.083,188.0,1984-11-07,0.0,24.8,30.9,
TH000048431,"NAKHON RATCHASIMA, TH",14.967,102.083,188.0,1984-11-08,0.0,27.1,31.5,
TH000048431,"NAKHON RATCHASIMA, TH",14.967,102.083,188.0,1984-11-09,0.0,26.8,32.0,
TH000048431,"NAKHON RATCHASIMA, TH",14.967,102.083,188.0,1984-11-10,0.0,26.6,31.6,
TH000048431,"NAKHON RATCHASIMA, TH",14.967,102.083,188.0,1984-11-11,10.3,26.2,32.9,
TH000048431,"NAKHON RATCHASIMA, TH",14.967,102.083,188.0,1984-11-12,0.0,26.9,32.0,
TH000048431,"NAKHON RATCHASIMA, TH",14.967,102.083,188.0,1984-11-13,0.0,26.6,31.7,
TH000048431,"NAKHON RATCHASIMA, TH",14.967,102.083,188.0,1984-11-14,0.2,26.2,32.0,
TH000048431,"NAKHON RATCHASIMA, TH",14.967,102.083,188.0,1984-11-15,0.0,26.9,32.2,
TH000048431,"NAKHON RATCHASIMA, TH",14.967,102.083,188.0,1984-11-16,0.0,26.7,31.7,
TH000048431,"NAKHON RATCHASIMA, TH",14.967,102.083,188.0,1984-11-17,0.0,26.3,32.1,
TH000048431,"NAKHON RATCHASIMA, TH",14.967,102.083,188.0,1984-11-18,0.0,26.1,32.0,
TH000048431,"NAKHON RATCHASIMA, TH",14.967,102.083,188.0,1984-11-19,0.0,28.1,31.8,
TH000048431,"NAKHON RATCHASIMA, TH",14.967,102.083,188.0,1984-11-20,0.0,24.3,30.0,
TH000048431,"NAKHON RATCHASIMA, TH",14.967,102.083,188.0,1984-11-21,0.0,23.3,29.2,
TH000048431,"NAKHON RATCHASIMA, TH",14.967,102.083,188.0,1984-11-22,0.0,23.9,29.5,
TH000048431,"NAKHON RATCHASIMA, TH",14.967,102.083,188.0,1984-11-23,0.0,23.4,29.5,
TH000048431,"NAKHON RATCHASIMA, TH",14.967,102.083,188.0,1984-11-24,0.0,23.4,29.0,
TH000048431,"NAKHON RATCHASIMA, TH",14.967,102.083,188.0,1984-11-25,0.0,23.1,28.5,
TH000048431,"NAKHON RATCHASIMA, TH",14.967,102.083,188.0,1984-11-26,0.0,23.0,28.4,
TH000048431,"NAKHON RATCHASIMA, TH",14.967,102.083,188.0,1984-11-27,0.0,24.9,28.2,
TH000048431,"NAKHON RATCHASIMA, TH",14.967,102.083,188.0,1984-11-28,0.0,22.9,26.1,
TH000048431,"NAKHON RATCHASIMA, TH",14.967,102.083,188.0,1984-11-29,0.0,23.7,28.3,
TH000048431,"NAKHON RATCHASIMA, TH",14.967,102.083,188.0,1984-11-30,0.0,22.7,26.6,
TH000048431,"NAKHON RATCHASIMA, TH",14.967,102.083,188.0,1984-12-01,0.0,22.8,27.6,
TH000048431,"NAKHON RATCHASIMA, TH",14.967,102.083,188.0,1984-12-02,0.0,22.0,28.1,
TH000048431,"NAKHON RATCHASIMA, TH",14.967,102.083,188.0,1984-12-03,0.0,21.4,28.7,
TH000048431,"NAKHON RATCHASIMA, TH",14.967,102.083,188.0,1984-12-04,0.0,23.8,29.2,
TH000048431,"NAKHON RATCHASIMA, TH",14.967,102.083,188.0,1984-12-05,0.0,24.4,30.5,
TH000048431,"NAKHON RATCHASIMA, TH",14.967,102.083,188.0,1984-12-06,0.0,24.0,28.7,
TH000048431,"NAKHON RATCHASIMA, TH",14.967,102.083,188.0,1984-12-07,0.0,24.4,29.6,
TH000048431,"NAKHON RATCHASIMA, TH",14.967,102.083,188.0,1984-12-08,0.0,24.3,30.9,
TH000048431,"NAKHON RATCHASIMA, TH",14.967,102.083,188.0,1984-12-09,0.0,24.7,31.5,
TH000048431,"NAKHON RATCHASIMA, TH",14.967,102.083,188.0,1984-12-10,0.0,24.2,31.4,
TH000048431,"NAKHON RATCHASIMA, TH",14.967,102.083,188.0,1984-12-11,0.0,23.8,30.7,
TH000048431,"NAKHON RATCHASIMA, TH",14.967,102.083,188.0,1984-12-12,0.0,22.9,31.0,
TH000048431,"NAKHON RATCHASIMA, TH",14.967,102.083,188.0,1984-12-13,0.0,24.1,31.1,
TH000048431,"NAKHON RATCHASIMA, TH",14.967,102.083,188.0,1984-12-14,0.0,24.2,31.4,
TH000048431,"NAKHON RATCHASIMA, TH",14.967,102.083,188.0,1984-12-15,0.0,23.9,31.8,
TH000048431,"NAKHON RATCHASIMA, TH",14.967,102.083,188.0,1984-12-16,0.0,25.7,32.4,
TH000048431,"NAKHON RATCHASIMA, TH",14.967,102.083,188.0,1984-12-17,0.0,25.8,33.6,
TH000048431,"NAKHON RATCHASIMA, TH",14.967,102.083,188.0,1984-12-18,0.0,26.6,33.2,
TH000048431,"NAKHON RATCHASIMA, TH",14.967,102.083,188.0,1984-12-19,0.0,25.8,32.0,
TH000048431,"NAKHON RATCHASIMA, TH",14.967,102.083,188.0,1984-12-20,0.0,25.3,31.5,
TH000048431,"NAKHON RATCHASIMA, TH",14.967,102.083,188.0,1984-12-21,0.0,24.8,31.2,
TH000048431,"NAKHON RATCHASIMA, TH",14.967,102.083,188.0,1984-12-22,0.0,23.4,28.6,
TH000048431,"NAKHON RATCHASIMA, TH",14.967,102.083,188.0,1984-12-23,0.0,21.6,25.7,
TH000048431,"NAKHON RATCHASIMA, TH",14.967,102.083,188.0,1984-12-24,0.0,20.7,26.7,
TH000048431,"NAKHON RATCHASIMA, TH",14.967,102.083,188.0,1984-12-25,0.0,21.2,27.2,
TH000048431,"NAKHON RATCHASIMA, TH",14.967,102.083,188.0,1984-12-26,0.0,21.7,27.9,
TH000048431,"NAKHON RATCHASIMA, TH",14.967,102.083,188.0,1984-12-27,0.0,22.9,28.6,
TH000048431,"NAKHON RATCHASIMA, TH",14.967,102.083,188.0,1984-12-28,0.0,22.2,28.5,
TH000048431,"NAKHON RATCHASIMA, TH",14.967,102.083,188.0,1984-12-29,0.0,21.7,27.0,
TH000048431,"NAKHON RATCHASIMA, TH",14.967,102.083,188.0,1984-12-30,0.0,20.2,26.6,
TH000048431,"NAKHON RATCHASIMA, TH",14.967,102.083,188.0,1984-12-31,0.0,20.7,28.3,
TH000048431,"NAKHON RATCHASIMA, TH",14.967,102.083,188.0,1985-01-01,0.0,22.2,29.7,
TH000048431,"NAKHON RATCHASIMA, TH",14.967,102.083,188.0,1985-01-02,0.0,23.7,30.6,
TH000048431,"NAKHON RATCHASIMA, TH",14.967,102.083,188.0,1985-01-03,0.0,23.3,31.5,
TH000048431,"NAKHON RATCHASIMA, TH",14.967,102.083,188.0,1985-01-04,0.0,23.7,31.0,
TH000048431,"NAKHON RATCHASIMA, TH",14.967,102.083,188.0,1985-01-05,0.0,22.4,29.7,
TH000048431,"NAKHON RATCHASIMA, TH",14.967,102.083,188.0,1985-01-06,0.0,23.4,30.4,
TH000048431,"NAKHON RATCHASIMA, TH",14.967,102.083,188.0,1985-01-07,0.0,25.1,32.3,
TH000048431,"NAKHON RATCHASIMA, TH",14.967,102.083,188.0,1985-01-08,0.0,23.4,30.7,
TH000048431,"NAKHON RATCHASIMA, TH",14.967,102.083,188.0,1985-01-09,0.0,23.2,30.8,
TH000048431,"NAKHON RATCHASIMA, TH",14.967,102.083,188.0,1985-01-10,0.0,24.7,30.5,
TH000048431,"NAKHON RATCHASIMA, TH",14.967,102.083,188.0,1985-01-11,0.0,26.1,32.3,
TH000048431,"NAKHON RATCHASIMA, TH",14.967,102.083,188.0,1985-01-12,0.0,25.9,33.6,
TH000048431,"NAKHON RATCHASIMA, TH",14.967,102.083,188.0,1985-01-13,0.0,28.3,32.7,
TH000048431,"NAKHON RATCHASIMA, TH",14.967,102.083,188.0,1985-01-14,0.0,24.4,29.6,
TH000048431,"NAKHON RATCHASIMA, TH",14.967,102.083,188.0,1985-01-15,0.0,23.4,30.0,
TH000048431,"NAKHON RATCHASIMA, TH",14.967,102.083,188.0,1985-01-16,0.0,25.3,32.0,
TH000048431,"NAKHON RATCHASIMA, TH",14.967,102.083,188.0,1985-01-17,0.0,25.7,32.7,
TH000048431,"NAKHON RATCHASIMA, TH",14.967,102.083,188.0,1985-01-18,2.4,27.4,32.2,
TH000048431,"NAKHON RATCHASIMA, TH",14.967,102.083,188.0,1985-01-19,0.2,24.9,28.2,
TH000048431,"NAKHON RATCHASIMA, TH",14.967,102.083,188.0,1985-01-20,0.0,23.2,29.8,
TH000048431,"NAKHON RATCHASIMA, TH",14.967,102.083,188.0,1985-01-21,0.0,22.9,30.7,
TH000048431,"NAKHON RATCHASIMA, TH",14.967,102.083,188.0,1985-01-22,0.0,23.6,32.0,
TH000048431,"NAKHON RATCHASIMA, TH",14.967,102.083,188.0,1985-01-23,0.0,26.1,33.9,
TH000048431,"NAKHON RATCHASIMA, TH",14.967,102.083,188.0,1985-01-24,0.2,26.2,34.3,
TH000048431,"NAKHON RATCHASIMA, TH",14.967,102.083,188.0,1985-01-25,71.2,26.9,32.0,
TH000048431,"NAKHON RATCHASIMA, TH",14.967,102.083,188.0,1985-01-26,0.0,20.6,21.7,
TH000048431,"NAKHON RATCHASIMA, TH",14.967,102.083,188.0,1985-01-27,0.0,22.9,27.4,
TH000048431,"NAKHON RATCHASIMA, TH",14.967,102.083,188.0,1985-01-28,0.0,23.9,29.4,
TH000048431,"NAKHON RATCHASIMA, TH",14.967,102.083,188.0,1985-01-29,0.0,23.9,29.5,
TH000048431,"NAKHON RATCHASIMA, TH",14.967,102.083,188.0,1985-01-30,0.0,22.0,28.1,
TH000048431,"NAKHON RATCHASIMA, TH",14.967,102.083,188.0,1985-01-31,0.0,21.4,27.3,
TH000048431,"NAKHON RATCHASIMA, TH",14.967,102.083,188.0,1985-02-01,0.0,22.8,29.8,
TH000048431,"NAKHON RATCHASIMA, TH",14.967,102.083,188.0,1985-02-02,0.0,24.7,30.2,
TH000048431,"NAKHON RATCHASIMA, TH",14.967,102.083,188.0,1985-02-03,0.0,26.3,31.8,
TH000048431,"NAKHON RATCHASIMA, TH",14.967,102.083,188.0,1985-02-04,0.0,28.3,33.5,
TH000048431,"NAKHON RATCHASIMA, TH",14.967,102.083,188.0,1985-02-05,0.0,27.4,33.4,
TH000048431,"NAKHON RATCHASIMA, TH",14.967,102.083,188.0,1985-02-06,0.0,29.3,34.6,
TH000048431,"NAKHON RATCHASIMA, TH",14.967,102.083,188.0,1985-02-07,0.0,28.3,35.0,
TH000048431,"NAKHON RATCHASIMA, TH",14.967,102.083,188.0,1985-02-08,0.0,28.0,34.3,
TH000048431,"NAKHON RATCHASIMA, TH",14.967,102.083,188.0,1985-02-09,0.0,29.0,34.9,
TH000048431,"NAKHON RATCHASIMA, TH",14.967,102.083,188.0,1985-02-10,0.0,28.4,34.2,
TH000048431,"NAKHON RATCHASIMA, TH",14.967,102.083,188.0,1985-02-11,0.0,30.3,36.0,
TH000048431,"NAKHON RATCHASIMA, TH",14.967,102.083,188.0,1985-02-12,0.0,28.9,36.7,
TH000048431,"NAKHON RATCHASIMA, TH",14.967,102.083,188.0,1985-02-13,0.0,29.0,35.3,
TH000048431,"NAKHON RATCHASIMA, TH",14.967,102.083,188.0,1985-02-14,1.2,27.5,34.7,
TH000048431,"NAKHON RATCHASIMA, TH",14.967,102.083,188.0,1985-02-15,0.0,28.2,36.5,
TH000048431,"NAKHON RATCHASIMA, TH",14.967,102.083,188.0,1985-02-16,0.0,28.0,35.9,
TH000048431,"NAKHON RATCHASIMA, TH",14.967,102.083,188.0,1985-02-17,0.0,30.0,36.3,
TH000048431,"NAKHON RATCHASIMA, TH",14.967,102.083,188.0,1985-02-18,0.0,29.5,35.7,
TH000048431,"NAKHON RATCHASIMA, TH",14.967,102.083,188.0,1985-02-19,0.0,29.9,36.6,
TH000048431,"NAKHON RATCHASIMA, TH",14.967,102.083,188.0,1985-02-20,0.0,29.2,36.1,
TH000048431,"NAKHON RATCHASIMA, TH",14.967,102.083,188.0,1985-02-21,0.0,30.1,36.7,
TH000048431,"NAKHON RATCHASIMA, TH",14.967,102.083,188.0,1985-02-22,51.2,29.3,35.3,
TH000048431,"NAKHON RATCHASIMA, TH",14.967,102.083,188.0,1985-02-23,10.8,22.8,26.0,
TH000048431,"NAKHON RATCHASIMA, TH",14.967,102.083,188.0,1985-02-24,0.0,24.9,29.5,
TH000048431,"NAKHON RATCHASIMA, TH",14.967,102.083,188.0,1985-02-25,0.0,26.5,32.2,
TH000048431,"NAKHON RATCHASIMA, TH",14.967,102.083,188.0,1985-02-26,0.0,28.3,35.2,
TH000048431,"NAKHON RATCHASIMA, TH",14.967,102.083,188.0,1985-02-27,0.0,28.4,35.7,
TH000048431,"NAKHON RATCHASIMA, TH",14.967,102.083,188.0,1985-02-28,0.0,28.3,34.6,
TH000048431,"NAKHON RATCHASIMA, TH",14.967,102.083,188.0,1985-03-01,0.0,27.6,35.0,
TH000048431,"NAKHON RATCHASIMA, TH",14.967,102.083,188.0,1985-03-02,0.0,27.3,35.4,
TH000048431,"NAKHON RATCHASIMA, TH",14.967,102.083,188.0,1985-03-03,0.0,28.9,35.6,
TH000048431,"NAKHON RATCHASIMA, TH",14.967,102.083,188.0,1985-03-04,0.0,29.9,36.6,
TH000048431,"NAKHON RATCHASIMA, TH",14.967,102.083,188.0,1985-03-05,0.0,26.6,33.3,
TH000048431,"NAKHON RATCHASIMA, TH",14.967,102.083,188.0,1985-03-06,0.0,28.2,34.2,
TH000048431,"NAKHON RATCHASIMA, TH",14.967,102.083,188.0,1985-03-07,0.0,29.1,35.9,
TH000048431,"NAKHON RATCHASIMA, TH",14.967,102.083,188.0,1985-03-08,0.0,30.3,36.7,
TH000048431,"NAKHON RATCHASIMA, TH",14.967,102.083,188.0,1985-03-09,0.0,29.7,37.2,
TH000048431,"NAKHON RATCHASIMA, TH",14.967,102.083,188.0,1985-03-10,0.0,31.1,36.6,
TH000048431,"NAKHON RATCHASIMA, TH",14.967,102.083,188.0,1985-03-11,0.0,30.1,36.7,
TH000048431,"NAKHON RATCHASIMA, TH",14.967,102.083,188.0,1985-03-12,0.0,28.8,33.6,
TH000048431,"NAKHON RATCHASIMA, TH",14.967,102.083,188.0,1985-03-13,0.0,28.2,34.4,
TH000048431,"NAKHON RATCHASIMA, TH",14.967,102.083,188.0,1985-03-14,0.0,25.1,32.0,
TH000048431,"NAKHON RATCHASIMA, TH",14.967,102.083,188.0,1985-03-15,0.0,24.6,29.4,
TH000048431,"NAKHON RATCHASIMA, TH",14.967,102.083,188.0,1985-03-16,0.0,24.0,29.2,
TH000048431,"NAKHON RATCHASIMA, TH",14.967,102.083,188.0,1985-03-17,0.0,27.1,32.7,
TH000048431,"NAKHON RATCHASIMA, TH",14.967,102.083,188.0,1985-03-18,0.0,29.3,35.3,
TH000048431,"NAKHON RATCHASIMA, TH",14.967,102.083,188.0,1985-03-19,0.0,29.6,35.5,
TH000048431,"NAKHON RATCHASIMA, TH",14.967,102.083,188.0,1985-03-20,0.0,30.0,36.1,
TH000048431,"NAKHON RATCHASIMA, TH",14.967,102.083,188.0,1985-03-21,0.0,30.2,34.1,
TH000048431,"NAKHON RATCHASIMA, TH",14.967,102.083,188.0,1985-03-22,0.0,28.8,35.0,
TH000048431,"NAKHON RATCHASIMA, TH",14.967,102.083,188.0,1985-03-23,3.2,27.4,35.8,
TH000048431,"NAKHON RATCHASIMA, TH",14.967,102.083,188.0,1985-03-24,0.0,29.4,35.5,
TH000048431,"NAKHON RATCHASIMA, TH",14.967,102.083,188.0,1985-03-25,20.2,26.0,35.2,
TH000048431,"NAKHON RATCHASIMA, TH",14.967,102.083,188.0,1985-03-26,0.0,28.8,35.7,
TH000048431,"NAKHON RATCHASIMA, TH",14.967,102.083,188.0,1985-03-27,0.0,30.3,36.6,
TH000048431,"NAKHON RATCHASIMA, TH",14.967,102.083,188.0,1985-03-28,0.0,30.4,38.0,
TH000048431,"NAKHON RATCHASIMA, TH",14.967,102.083,188.0,1985-03-29,0.0,31.4,38.2,
TH000048431,"NAKHON RATCHASIMA, TH",14.967,102.083,188.0,1985-03-30,0.0,29.8,37.3,
TH000048431,"NAKHON RATCHASIMA, TH",14.967,102.083,188.0,1985-03-31,0.0,27.1,31.8,
TH000048431,"NAKHON RATCHASIMA, TH",14.967,102.083,188.0,1985-04-01,0.0,28.3,34.1,
TH000048431,"NAKHON RATCHASIMA, TH",14.967,102.083,188.0,1985-04-02,0.0,30.2,37.2,
TH000048431,"NAKHON RATCHASIMA, TH",14.967,102.083,188.0,1985-04-03,1.5,30.1,38.2,
TH000048431,"NAKHON RATCHASIMA, TH",14.967,102.083,188.0,1985-04-04,0.0,28.6,33.4,
TH000048431,"NAKHON RATCHASIMA, TH",14.967,102.083,188.0,1985-04-05,12.0,29.8,36.7,
TH000048431,"NAKHON RATCHASIMA, TH",14.967,102.083,188.0,1985-04-06,0.0,31.0,36.9,
TH000048431,"NAKHON RATCHASIMA, TH",14.967,102.083,188.0,1985-04-07,0.0,31.4,37.0,
TH000048431,"NAKHON RATCHASIMA, TH",14.967,102.083,188.0,1985-04-08,0.0,30.4,37.7,
TH000048431,"NAKHON RATCHASIMA, TH",14.967,102.083,188.0,1985-04-09,0.0,31.8,38.4,
TH000048431,"NAKHON RATCHASIMA, TH",14.967,102.083,188.0,1985-04-10,0.0,31.1,39.1,
TH000048431,"NAKHON RATCHASIMA, TH",14.967,102.083,188.0,1985-04-11,0.0,31.1,39.5,
TH000048431,"NAKHON RATCHASIMA, TH",14.967,102.083,188.0,1985-04-12,0.0,32.1,40.2,
TH000048431,"NAKHON RATCHASIMA, TH",14.967,102.083,188.0,1985-04-13,0.0,32.7,39.4,
TH000048431,"NAKHON RATCHASIMA, TH",14.967,102.083,188.0,1985-04-14,0.0,33.1,39.3,
TH000048431,"NAKHON RATCHASIMA, TH",14.967,102.083,188.0,1985-04-15,0.0,31.7,37.8,
TH000048431,"NAKHON RATCHASIMA, TH",14.967,102.083,188.0,1985-04-16,0.0,31.2,34.9,
TH000048431,"NAKHON RATCHASIMA, TH",14.967,102.083,188.0,1985-04-17,0.0,25.3,30.0,
TH000048431,"NAKHON RATCHASIMA, TH",14.967,102.083,188.0,1985-04-18,0.0,29.3,34.5,
TH000048431,"NAKHON RATCHASIMA, TH",14.967,102.083,188.0,1985-04-19,0.3,29.5,36.5,
TH000048431,"NAKHON RATCHASIMA, TH",14.967,102.083,188.0,1985-04-20,0.0,31.3,36.0,
TH000048431,"NAKHON RATCHASIMA, TH",14.967,102.083,188.0,1985-04-21,2.4,29.9,37.2,
TH000048431,"NAKHON RATCHASIMA, TH",14.967,102.083,188.0,1985-04-22,17.8,31.0,35.3,
TH000048431,"NAKHON RATCHASIMA, TH",14.967,102.083,188.0,1985-04-23,0.0,28.9,34.2,
TH000048431,"NAKHON RATCHASIMA, TH",14.967,102.083,188.0,1985-04-24,3.0,28.2,32.8,
TH000048431,"NAKHON RATCHASIMA, TH",14.967,102.083,188.0,1985-04-25,0.0,27.8,34.7,
TH000048431,"NAKHON RATCHASIMA, TH",14.967,102.083,188.0,1985-04-26,5.8,28.5,34.6,
TH000048431,"NAKHON RATCHASIMA, TH",14.967,102.083,188.0,1985-04-27,1.6,24.7,27.0,
TH000048431,"NAKHON RATCHASIMA, TH",14.967,102.083,188.0,1985-04-28,0.0,26.4,30.0,
TH000048431,"NAKHON RATCHASIMA, TH",14.967,102.083,188.0,1985-04-29,0.0,26.6,30.6,
TH000048431,"NAKHON RATCHASIMA, TH",14.967,102.083,188.0,1985-04-30,33.0,23.6,27.3,
TH000048431,"NAKHON RATCHASIMA, TH",14.967,102.083,188.0,1985-05-01,0.0,27.9,33.2,
TH000048431,"NAKHON RATCHASIMA, TH",14.967,102.083,188.0,1985-05-02,0.0,30.3,35.5,
TH000048431,"NAKHON RATCHASIMA, TH",14.967,102.083,188.0,1985-05-03,0.0,30.1,35.8,
TH000048431,"NAKHON RATCHASIMA, TH",14.967,102.083,188.0,1985-05-04,0.0,31.7,35.6,
TH000048431,"NAKHON RATCHASIMA, TH",14.967,102.083,188.0,1985-05-05,0.0,31.6,37.2,
TH000048431,"NAKHON RATCHASIMA, TH",14.967,102.083,188.0,1985-05-06,0.0,30.8,37.0,
TH000048431,"NAKHON RATCHASIMA, TH",14.967,102.083,188.0,1985-05-07,23.9,28.3,36.0,
TH000048431,"NAKHON RATCHASIMA, TH",14.967,102.083,188.0,1985-05-08,0.0,29.4,33.3,
TH000048431,"NAKHON RATCHASIMA, TH",14.967,102.083,188.0,1985-05-09,67.4,27.2,31.7,
TH000048431,"NAKHON RATCHASIMA, TH",14.967,102.083,188.0,1985-05-10,1.5,27.8,32.9,
TH000048431,"NAKHON RATCHASIMA, TH",14.967,102.083,188.0,1985-05-11,16.6,26.2,32.0,
TH000048431,"NAKHON RATCHASIMA, TH",14.967,102.083,188.0,1985-05-12,7.9,25.9,31.0,
TH000048431,"NAKHON RATCHASIMA, TH",14.967,102.083,188.0,1985-05-13,1.6,27.0,32.6,
TH000048431,"NAKHON RATCHASIMA, TH",14.967,102.083,188.0,1985-05-14,14.7,26.6,31.3,
TH000048431,"NAKHON RATCHASIMA, TH",14.967,102.083,188.0,1985-05-15,3.4,26.6,33.1,
TH000048431,"NAKHON RATCHASIMA, TH",14.967,102.083,188.0,1985-05-16,4.8,28.1,31.8,
TH000048431,"NAKHON RATCHASIMA, TH",14.967,102.083,188.0,1985-05-17,4.4,27.5,31.4,
TH000048431,"NAKHON RATCHASIMA, TH",14.967,102.083,188.0,1985-05-18,0.5,26.7,30.2,
TH000048431,"NAKHON RATCHASIMA, TH",14.967,102.083,188.0,1985-05-19,0.0,29.6,34.1,
TH000048431,"NAKHON RATCHASIMA, TH",14.967,102.083,188.0,1985-05-20,1.4,30.2,33.4,
TH000048431,"NAKHON RATCHASIMA, TH",14.967,102.083,188.0,1985-05-21,24.4,27.2,32.6,
TH000048431,"NAKHON RATCHASIMA, TH",14.967,102.083,188.0,1985-05-22,0.2,27.1,31.9,
TH000048431,"NAKHON RATCHASIMA, TH",14.967,102.083,188.0,1985-05-23,0.0,30.8,34.2,
TH000048431,"NAKHON RATCHASIMA, TH",14.967,102.083,188.0,1985-05-24,6.5,28.7,34.3,
TH000048431,"NAKHON RATCHASIMA, TH",14.967,102.083,188.0,1985-05-25,2.2,29.2,33.6,
TH000048431,"NAKHON RATCHASIMA, TH",14.967,102.083,188.0,1985-05-26,0.0,29.2,32.8,
TH000048431,"NAKHON RATCHASIMA, TH",14.967,102.083,188.0,1985-05-27,0.0,30.1,34.2,
TH000048431,"NAKHON RATCHASIMA, TH",14.967,102.083,188.0,1985-05-28,5.3,28.8,34.0,
TH000048431,"NAKHON RATCHASIMA, TH",14.967,102.083,188.0,1985-05-29,0.0,28.3,34.4,
TH000048431,"NAKHON RATCHASIMA, TH",14.967,102.083,188.0,1985-05-30,0.1,28.6,33.7,
TH000048431,"NAKHON RATCHASIMA, TH",14.967,102.083,188.0,1985-05-31,0.0,28.4,32.5,
TH000048431,"NAKHON RATCHASIMA, TH",14.967,102.083,188.0,1985-06-01,5.6,28.0,33.6,
TH000048431,"NAKHON RATCHASIMA, TH",14.967,102.083,188.0,1985-06-02,0.0,29.6,34.4,
TH000048431,"NAKHON RATCHASIMA, TH",14.967,102.083,188.0,1985-06-03,0.0,30.7,34.8,
TH000048431,"NAKHON RATCHASIMA, TH",14.967,102.083,188.0,1985-06-04,0.0,30.1,34.7,
TH000048431,"NAKHON RATCHASIMA, TH",14.967,102.083,188.0,1985-06-05,0.0,28.3,32.7,
TH000048431,"NAKHON RATCHASIMA, TH",14.967,102.083,188.0,1985-06-06,0.0,29.7,35.0,
TH000048431,"NAKHON RATCHASIMA, TH",14.967,102.083,188.0,1985-06-07,0.0,29.0,33.7,
TH000048431,"NAKHON RATCHASIMA, TH",14.967,102.083,188.0,1985-06-08,0.0,29.9,35.4,
TH000048431,"NAKHON RATCHASIMA, TH",14.967,102.083,188.0,1985-06-09,0.0,31.2,34.8,
TH000048431,"NAKHON RATCHASIMA, TH",14.967,102.083,188.0,1985-06-10,4.7,27.9,34.0,
TH000048431,"NAKHON RATCHASIMA, TH",14.967,102.083,188.0,1985-06-11,0.0,28.8,33.6,
TH000048431,"NAKHON RATCHASIMA, TH",14.967,102.083,188.0,1985-06-12,0.7,27.7,34.1,
TH000048431,"NAKHON RATCHASIMA, TH",14.967,102.083,188.0,1985-06-13,25.4,26.7,32.0,
TH000048431,"NAKHON RATCHASIMA, TH",14.967,102.083,188.0,1985-06-14,1.7,27.1,30.3,
TH000048431,"NAKHON RATCHASIMA, TH",14.967,102.083,188.0,1985-06-15,3.0,27.8,31.8,
TH000048431,"NAKHON RATCHASIMA, TH",14.967,102.083,188.0,1985-06-16,0.0,27.8,32.8,
TH000048431,"NAKHON RATCHASIMA, TH",14.967,102.083,188.0,1985-06-17,12.3,28.3,33.2,
TH000048431,"NAKHON RATCHASIMA, TH",14.967,102.083,188.0,1985-06-18,0.0,27.7,32.2,
TH000048431,"NAKHON RATCHASIMA, TH",14.967,102.083,188.0,1985-06-19,1.7,25.9,28.1,
TH000048431,"NAKHON RATCHASIMA, TH",14.967,102.083,188.0,1985-06-20,0.0,26.4,29.7,
TH000048431,"NAKHON RATCHASIMA, TH",14.967,102.083,188.0,1985-06-21,2.6,27.3,32.1,
TH000048431,"NAKHON RATCHASIMA, TH",14.967,102.083,188.0,1985-06-22,0.7,28.8,33.0,
TH000048431,"NAKHON RATCHASIMA, TH",14.967,102.083,188.0,1985-06-23,0.0,28.7,33.4,
TH000048431,"NAKHON RATCHASIMA, TH",14.967,102.083,188.0,1985-06-24,0.0,28.8,33.3,
TH000048431,"NAKHON RATCHASIMA, TH",14.967,102.083,188.0,1985-06-25,0.0,29.3,32.3,
TH000048431,"NAKHON RATCHASIMA, TH",14.967,102.083,188.0,1985-06-26,0.0,28.6,31.8,
TH000048431,"NAKHON RATCHASIMA, TH",14.967,102.083,188.0,1985-06-27,0.0,28.2,32.3,
TH000048431,"NAKHON RATCHASIMA, TH",14.967,102.083,188.0,1985-06-28,0.0,28.8,32.3,
TH000048431,"NAKHON RATCHASIMA, TH",14.967,102.083,188.0,1985-06-29,0.1,27.4,30.3,
TH000048431,"NAKHON RATCHASIMA, TH",14.967,102.083,188.0,1985-06-30,0.1,27.4,32.2,
TH000048431,"NAKHON RATCHASIMA, TH",14.967,102.083,188.0,1985-07-01,6.7,26.6,33.1,
TH000048431,"NAKHON RATCHASIMA, TH",14.967,102.083,188.0,1985-07-02,0.0,27.9,33.5,
TH000048431,"NAKHON RATCHASIMA, TH",14.967,102.083,188.0,1985-07-03,0.0,27.4,33.3,
TH000048431,"NAKHON RATCHASIMA, TH",14.967,102.083,188.0,1985-07-04,0.5,28.7,34.2,
TH000048431,"NAKHON RATCHASIMA, TH",14.967,102.083,188.0,1985-07-05,0.1,28.4,33.5,
TH000048431,"NAKHON RATCHASIMA, TH",14.967,102.083,188.0,1985-07-06,0.0,30.2,34.6,
TH000048431,"NAKHON RATCHASIMA, TH",14.967,102.083,188.0,1985-07-07,4.4,28.8,34.6,
TH000048431,"NAKHON RATCHASIMA, TH",14.967,102.083,188.0,1985-07-08,1.1,25.7,31.7,
TH000048431,"NAKHON RATCHASIMA, TH",14.967,102.083,188.0,1985-07-09,0.0,27.4,33.6,
TH000048431,"NAKHON RATCHASIMA, TH",14.967,102.083,188.0,1985-07-10,0.0,28.9,33.8,
TH000048431,"NAKHON RATCHASIMA, TH",14.967,102.083,188.0,1985-07-11,39.0,26.4,33.0,
TH000048431,"NAKHON RATCHASIMA, TH",14.967,102.083,188.0,1985-07-12,5.6,24.7,29.2,
TH000048431,"NAKHON RATCHASIMA, TH",14.967,102.083,188.0,1985-07-13,7.4,26.3,29.8,
TH000048431,"NAKHON RATCHASIMA, TH",14.967,102.083,188.0,1985-07-14,0.0,28.6,33.3,
TH000048431,"NAKHON RATCHASIMA, TH",14.967,102.083,188.0,1985-07-15,0.0,28.2,33.7,
TH000048431,"NAKHON RATCHASIMA, TH",14.967,102.083,188.0,1985-07-16,0.0,28.6,33.7,
TH000048431,"NAKHON RATCHASIMA, TH",14.967,102.083,188.0,1985-07-17,27.3,29.3,34.9,
TH000048431,"NAKHON RATCHASIMA, TH",14.967,102.083,188.0,1985-07-18,37.6,26.7,33.0,
TH000048431,"NAKHON RATCHASIMA, TH",14.967,102.083,188.0,1985-07-19,0.3,27.2,30.1,
TH000048431,"NAKHON RATCHASIMA, TH",14.967,102.083,188.0,1985-07-20,0.4,29.4,34.3,
TH000048431,"NAKHON RATCHASIMA, TH",14.967,102.083,188.0,1985-07-21,0.0,29.1,34.3,
TH000048431,"NAKHON RATCHASIMA, TH",14.967,102.083,188.0,1985-07-22,28.0,31.2,34.4,
TH000048431,"NAKHON RATCHASIMA, TH",14.967,102.083,188.0,1985-07-23,0.6,25.1,28.7,
TH000048431,"NAKHON RATCHASIMA, TH",14.967,102.083,188.0,1985-07-24,1.0,26.2,31.1,
TH000048431,"NAKHON RATCHASIMA, TH",14.967,102.083,188.0,1985-07-25,0.0,27.2,32.1,
TH000048431,"NAKHON RATCHASIMA, TH",14.967,102.083,188.0,1985-07-26,0.0,28.6,33.9,
TH000048431,"NAKHON RATCHASIMA, TH",14.967,102.083,188.0,1985-07-27,0.0,29.2,33.1,
TH000048431,"NAKHON RATCHASIMA, TH",14.967,102.083,188.0,1985-07-28,0.6,28.2,32.8,
TH000048431,"NAKHON RATCHASIMA, TH",14.967,102.083,188.0,1985-07-29,2.5,27.3,32.3,
TH000048431,"NAKHON RATCHASIMA, TH",14.967,102.083,188.0,1985-07-30,0.0,27.5,31.8,
TH000048431,"NAKHON RATCHASIMA, TH",14.967,102.083,188.0,1985-07-31,0.0,28.4,33.0,
TH000048431,"NAKHON RATCHASIMA, TH",14.967,102.083,188.0,1985-08-01,0.0,28.4,33.4,
TH000048431,"NAKHON RATCHASIMA, TH",14.967,102.083,188.0,1985-08-02,0.0,29.1,33.0,
TH000048431,"NAKHON RATCHASIMA, TH",14.967,102.083,188.0,1985-08-03,2.2,27.6,33.4,
TH000048431,"NAKHON RATCHASIMA, TH",14.967,102.083,188.0,1985-08-04,0.0,28.6,34.8,
TH000048431,"NAKHON RATCHASIMA, TH",14.967,102.083,188.0,1985-08-05,10.6,28.6,34.2,
TH000048431,"NAKHON RATCHASIMA, TH",14.967,102.083,188.0,1985-08-06,0.0,27.0,31.4,
TH000048431,"NAKHON RATCHASIMA, TH",14.967,102.083,188.0,1985-08-07,0.0,26.7,30.6,
TH000048431,"NAKHON RATCHASIMA, TH",14.967,102.083,188.0,1985-08-08,0.0,28.1,32.7,
TH000048431,"NAKHON RATCHASIMA, TH",14.967,102.083,188.0,1985-08-09,0.2,26.9,31.2,
TH000048431,"NAKHON RATCHASIMA, TH",14.967,102.083,188.0,1985-08-10,0.0,28.7,33.3,
TH000048431,"NAKHON RATCHASIMA, TH",14.967,102.083,188.0,1985-08-11,0.0,27.4,32.1,
TH000048431,"NAKHON RATCHASIMA, TH",14.967,102.083,188.0,1985-08-12,0.0,29.3,32.6,
TH000048431,"NAKHON RATCHASIMA, TH",14.967,102.083,188.0,1985-08-13,0.0,28.5,33.0,
TH000048431,"NAKHON RATCHASIMA, TH",14.967,102.083,188.0,1985-08-14,0.9,28.0,33.5,
TH000048431,"NAKHON RATCHASIMA, TH",14.967,102.083,188.0,1985-08-15,1.0,27.5,33.1,
TH000048431,"NAKHON RATCHASIMA, TH",14.967,102.083,188.0,1985-08-16,0.0,29.2,35.3,
TH000048431,"NAKHON RATCHASIMA, TH",14.967,102.083,188.0,1985-08-17,5.8,29.2,35.7,
TH000048431,"NAKHON RATCHASIMA, TH",14.967,102.083,188.0,1985-08-18,0.3,29.2,34.7,
TH000048431,"NAKHON RATCHASIMA, TH",14.967,102.083,188.0,1985-08-19,60.9,26.9,33.1,
TH000048431,"NAKHON RATCHASIMA, TH",14.967,102.083,188.0,1985-08-20,0.0,28.3,33.3,
TH000048431,"NAKHON RATCHASIMA, TH",14.967,102.083,188.0,1985-08-21,0.4,29.2,33.7,
TH000048431,"NAKHON RATCHASIMA, TH",14.967,102.083,188.0,1985-08-22,0.7,28.1,32.9,
TH000048431,"NAKHON RATCHASIMA, TH",14.967,102.083,188.0,1985-08-23,0.0,27.7,32.1,
TH000048431,"NAKHON RATCHASIMA, TH",14.967,102.083,188.0,1985-08-24,0.0,28.9,33.9,
TH000048431,"NAKHON RATCHASIMA, TH",14.967,102.083,188.0,1985-08-25,0.0,28.6,32.7,
TH000048431,"NAKHON RATCHASIMA, TH",14.967,102.083,188.0,1985-08-26,0.0,27.7,31.7,
TH000048431,"NAKHON RATCHASIMA, TH",14.967,102.083,188.0,1985-08-27,0.0,27.7,33.4,
TH000048431,"NAKHON RATCHASIMA, TH",14.967,102.083,188.0,1985-08-28,0.0,27.0,31.6,
TH000048431,"NAKHON RATCHASIMA, TH",14.967,102.083,188.0,1985-08-29,0.0,27.7,34.0,
TH000048431,"NAKHON RATCHASIMA, TH",14.967,102.083,188.0,1985-08-30,0.0,29.3,34.4,
TH000048431,"NAKHON RATCHASIMA, TH",14.967,102.083,188.0,1985-08-31,0.0,29.6,34.7,
TH000048431,"NAKHON RATCHASIMA, TH",14.967,102.083,188.0,1985-09-01,0.0,29.4,34.4,
TH000048431,"NAKHON RATCHASIMA, TH",14.967,102.083,188.0,1985-09-02,15.7,30.5,34.2,
TH000048431,"NAKHON RATCHASIMA, TH",14.967,102.083,188.0,1985-09-03,35.5,26.8,33.4,
TH000048431,"NAKHON RATCHASIMA, TH",14.967,102.083,188.0,1985-09-04,11.0,26.8,33.2,
TH000048431,"NAKHON RATCHASIMA, TH",14.967,102.083,188.0,1985-09-05,0.0,27.2,32.4,
TH000048431,"NAKHON RATCHASIMA, TH",14.967,102.083,188.0,1985-09-06,0.6,27.9,32.3,
TH000048431,"NAKHON RATCHASIMA, TH",14.967,102.083,188.0,1985-09-07,0.0,28.4,33.3,
TH000048431,"NAKHON RATCHASIMA, TH",14.967,102.083,188.0,1985-09-08,0.0,28.8,32.8,
TH000048431,"NAKHON RATCHASIMA, TH",14.967,102.083,188.0,1985-09-09,2.9,29.2,32.0,
TH000048431,"NAKHON RATCHASIMA, TH",14.967,102.083,188.0,1985-09-10,4.1,25.9,31.2,
TH000048431,"NAKHON RATCHASIMA, TH",14.967,102.083,188.0,1985-09-11,10.6,27.3,31.8,
TH000048431,"NAKHON RATCHASIMA, TH",14.967,102.083,188.0,1985-09-12,0.0,27.1,31.0,
TH000048431,"NAKHON RATCHASIMA, TH",14.967,102.083,188.0,1985-09-13,19.6,26.4,32.0,
TH000048431,"NAKHON RATCHASIMA, TH",14.967,102.083,188.0,1985-09-14,31.6,27.8,32.8,
TH000048431,"NAKHON RATCHASIMA, TH",14.967,102.083,188.0,1985-09-15,29.3,27.0,30.3,
TH000048431,"NAKHON RATCHASIMA, TH",14.967,102.083,188.0,1985-09-16,100.8,24.0,28.6,
TH000048431,"NAKHON RATCHASIMA, TH",14.967,102.083,188.0,1985-09-17,0.0,27.0,31.0,
TH000048431,"NAKHON RATCHASIMA, TH",14.967,102.083,188.0,1985-09-18,8.2,25.9,30.7,
TH000048431,"NAKHON RATCHASIMA, TH",14.967,102.083,188.0,1985-09-19,8.1,25.9,29.4,
TH000048431,"NAKHON RATCHASIMA, TH",14.967,102.083,188.0,1985-09-20,0.0,27.4,32.0,
TH000048431,"NAKHON RATCHASIMA, TH",14.967,102.083,188.0,1985-09-21,30.4,29.0,32.4,
TH000048431,"NAKHON RATCHASIMA, TH",14.967,102.083,188.0,1985-09-22,0.0,27.3,31.5,
TH000048431,"NAKHON RATCHASIMA, TH",14.967,102.083,188.0,1985-09-23,4.0,25.7,31.1,
TH000048431,"NAKHON RATCHASIMA, TH",14.967,102.083,188.0,1985-09-24,3.2,26.4,30.5,
TH000048431,"NAKHON RATCHASIMA, TH",14.967,102.083,188.0,1985-09-25,0.0,26.8,30.0,
TH000048431,"NAKHON RATCHASIMA, TH",14.967,102.083,188.0,1985-09-26,0.0,26.9,30.7,
TH000048431,"NAKHON RATCHASIMA, TH",14.967,102.083,188.0,1985-09-27,12.5,28.6,31.2,
TH000048431,"NAKHON RATCHASIMA, TH",14.967,102.083,188.0,1985-09-28,0.0,27.8,31.3,
TH000048431,"NAKHON RATCHASIMA, TH",14.967,102.083,188.0,1985-09-29,0.0,27.2,32.7,
TH000048431,"NAKHON RATCHASIMA, TH",14.967,102.083,188.0,1985-09-30,0.0,27.6,31.8,
TH000048431,"NAKHON RATCHASIMA, TH",14.967,102.083,188.0,1985-10-01,0.0,28.1,32.4,
TH000048431,"NAKHON RATCHASIMA, TH",14.967,102.083,188.0,1985-10-02,0.1,27.7,31.3,
TH000048431,"NAKHON RATCHASIMA, TH",14.967,102.083,188.0,1985-10-03,0.3,23.8,25.6,
TH000048431,"NAKHON RATCHASIMA, TH",14.967,102.083,188.0,1985-10-04,0.0,26.1,30.2,
TH000048431,"NAKHON RATCHASIMA, TH",14.967,102.083,188.0,1985-10-05,0.0,27.7,30.6,
TH000048431,"NAKHON RATCHASIMA, TH",14.967,102.083,188.0,1985-10-06,0.0,27.3,30.3,
TH000048431,"NAKHON RATCHASIMA, TH",14.967,102.083,188.0,1985-10-07,0.0,26.8,30.3,
TH000048431,"NAKHON RATCHASIMA, TH",14.967,102.083,188.0,1985-10-08,0.6,26.1,30.6,
TH000048431,"NAKHON RATCHASIMA, TH",14.967,102.083,188.0,1985-10-09,0.0,27.0,29.8,
TH000048431,"NAKHON RATCHASIMA, TH",14.967,102.083,188.0,1985-10-10,0.7,27.5,30.9,
TH000048431,"NAKHON RATCHASIMA, TH",14.967,102.083,188.0,1985-10-11,0.0,28.2,32.4,
TH000048431,"NAKHON RATCHASIMA, TH",14.967,102.083,188.0,1985-10-12,34.7,27.6,31.3,
TH000048431,"NAKHON RATCHASIMA, TH",14.967,102.083,188.0,1985-10-13,0.0,27.9,31.1,
TH000048431,"NAKHON RATCHASIMA, TH",14.967,102.083,188.0,1985-10-14,2.6,27.1,32.0,
TH000048431,"NAKHON RATCHASIMA, TH",14.967,102.083,188.0,1985-10-15,0.0,28.6,33.3,
TH000048431,"NAKHON RATCHASIMA, TH",14.967,102.083,188.0,1985-10-16,15.5,27.5,30.5,
TH000048431,"NAKHON RATCHASIMA, TH",14.967,102.083,188.0,1985-10-17,0.3,26.4,32.5,
TH000048431,"NAKHON RATCHASIMA, TH",14.967,102.083,188.0,1985-10-18,0.0,27.8,31.7,
TH000048431,"NAKHON RATCHASIMA, TH",14.967,102.083,188.0,1985-10-19,0.0,26.9,31.2,
TH000048431,"NAKHON RATCHASIMA, TH",14.967,102.083,188.0,1985-10-20,0.0,28.3,32.2,
TH000048431,"NAKHON RATCHASIMA, TH",14.967,102.083,188.0,1985-10-21,25.5,27.5,30.8,
TH000048431,"NAKHON RATCHASIMA, TH",14.967,102.083,188.0,1985-10-22,38.9,22.4,25.0,
TH000048431,"NAKHON RATCHASIMA, TH",14.967,102.083,188.0,1985-10-23,0.0,25.2,27.8,
TH000048431,"NAKHON RATCHASIMA, TH",14.967,102.083,188.0,1985-10-24,0.0,25.5,29.3,
TH000048431,"NAKHON RATCHASIMA, TH",14.967,102.083,188.0,1985-10-25,9.7,27.1,30.5,
TH000048431,"NAKHON RATCHASIMA, TH",14.967,102.083,188.0,1985-10-26,0.0,27.6,30.9,
TH000048431,"NAKHON RATCHASIMA, TH",14.967,102.083,188.0,1985-10-27,0.0,28.3,32.5,
TH000048431,"NAKHON RATCHASIMA, TH",14.967,102.083,188.0,1985-10-28,24.3,27.8,32.0,
TH000048431,"NAKHON RATCHASIMA, TH",14.967,102.083,188.0,1985-10-29,0.3,27.1,31.8,
TH000048431,"NAKHON RATCHASIMA, TH",14.967,102.083,188.0,1985-10-30,4.6,26.6,31.4,
TH000048431,"NAKHON RATCHASIMA, TH",14.967,102.083,188.0,1985-10-31,0.0,26.6,30.1,
TH000048431,"NAKHON RATCHASIMA, TH",14.967,102.083,188.0,1985-11-01,0.0,25.8,30.0,
TH000048431,"NAKHON RATCHASIMA, TH",14.967,102.083,188.0,1985-11-02,0.0,26.2,29.3,
TH000048431,"NAKHON RATCHASIMA, TH",14.967,102.083,188.0,1985-11-03,0.0,25.6,29.9,
TH000048431,"NAKHON RATCHASIMA, TH",14.967,102.083,188.0,1985-11-04,0.0,27.0,29.7,
TH000048431,"NAKHON RATCHASIMA, TH",14.967,102.083,188.0,1985-11-05,0.0,25.6,29.5,
TH000048431,"NAKHON RATCHASIMA, TH",14.967,102.083,188.0,1985-11-06,0.0,27.3,29.6,
TH000048431,"NAKHON RATCHASIMA, TH",14.967,102.083,188.0,1985-11-07,0.0,26.3,30.9,
TH000048431,"NAKHON RATCHASIMA, TH",14.967,102.083,188.0,1985-11-08,0.0,26.9,30.2,
TH000048431,"NAKHON RATCHASIMA, TH",14.967,102.083,188.0,1985-11-09,0.0,28.1,31.1,
TH000048431,"NAKHON RATCHASIMA, TH",14.967,102.083,188.0,1985-11-10,0.0,27.6,30.2,
TH000048431,"NAKHON RATCHASIMA, TH",14.967,102.083,188.0,1985-11-11,21.1,27.3,30.7,
TH000048431,"NAKHON RATCHASIMA, TH",14.967,102.083,188.0,1985-11-12,2.8,25.6,27.8,
TH000048431,"NAKHON RATCHASIMA, TH",14.967,102.083,188.0,1985-11-13,0.0,27.2,30.1,
TH000048431,"NAKHON RATCHASIMA, TH",14.967,102.083,188.0,1985-11-14,10.8,25.6,31.0,
TH000048431,"NAKHON RATCHASIMA, TH",14.967,102.083,188.0,1985-11-15,0.0,26.6,30.5,
TH000048431,"NAKHON RATCHASIMA, TH",14.967,102.083,188.0,1985-11-16,0.0,27.2,29.7,
TH000048431,"NAKHON RATCHASIMA, TH",14.967,102.083,188.0,1985-11-17,0.0,26.7,29.7,
TH000048431,"NAKHON RATCHASIMA, TH",14.967,102.083,188.0,1985-11-18,0.0,25.4,30.0,
TH000048431,"NAKHON RATCHASIMA, TH",14.967,102.083,188.0,1985-11-19,0.0,26.8,30.4,
TH000048431,"NAKHON RATCHASIMA, TH",14.967,102.083,188.0,1985-11-20,0.0,25.9,30.7,
TH000048431,"NAKHON RATCHASIMA, TH",14.967,102.083,188.0,1985-11-21,0.0,27.1,33.0,
TH000048431,"NAKHON RATCHASIMA, TH",14.967,102.083,188.0,1985-11-22,0.0,26.4,33.2,
TH000048431,"NAKHON RATCHASIMA, TH",14.967,102.083,188.0,1985-11-23,0.0,25.9,31.7,
TH000048431,"NAKHON RATCHASIMA, TH",14.967,102.083,188.0,1985-11-24,0.0,25.8,31.8,
TH000048431,"NAKHON RATCHASIMA, TH",14.967,102.083,188.0,1985-11-25,0.0,25.3,28.6,
TH000048431,"NAKHON RATCHASIMA, TH",14.967,102.083,188.0,1985-11-26,0.0,25.1,27.2,
TH000048431,"NAKHON RATCHASIMA, TH",14.967,102.083,188.0,1985-11-27,0.0,26.3,29.8,
TH000048431,"NAKHON RATCHASIMA, TH",14.967,102.083,188.0,1985-11-28,27.7,27.3,31.2,
TH000048431,"NAKHON RATCHASIMA, TH",14.967,102.083,188.0,1985-11-29,0.0,26.0,29.1,
TH000048431,"NAKHON RATCHASIMA, TH",14.967,102.083,188.0,1985-11-30,0.0,27.1,30.9,
TH000048431,"NAKHON RATCHASIMA, TH",14.967,102.083,188.0,1985-12-01,0.0,25.7,29.3,
TH000048431,"NAKHON RATCHASIMA, TH",14.967,102.083,188.0,1985-12-02,0.0,25.7,29.2,
TH000048431,"NAKHON RATCHASIMA, TH",14.967,102.083,188.0,1985-12-03,0.0,24.8,29.6,
TH000048431,"NAKHON RATCHASIMA, TH",14.967,102.083,188.0,1985-12-04,0.0,24.6,30.3,
TH000048431,"NAKHON RATCHASIMA, TH",14.967,102.083,188.0,1985-12-05,0.0,25.2,30.7,
TH000048431,"NAKHON RATCHASIMA, TH",14.967,102.083,188.0,1985-12-06,0.0,25.4,31.2,
TH000048431,"NAKHON RATCHASIMA, TH",14.967,102.083,188.0,1985-12-07,0.0,27.5,31.6,
TH000048431,"NAKHON RATCHASIMA, TH",14.967,102.083,188.0,1985-12-08,0.0,26.3,30.9,
TH000048431,"NAKHON RATCHASIMA, TH",14.967,102.083,188.0,1985-12-09,0.0,25.0,31.2,
TH000048431,"NAKHON RATCHASIMA, TH",14.967,102.083,188.0,1985-12-10,0.0,24.3,31.8,
TH000048431,"NAKHON RATCHASIMA, TH",14.967,102.083,188.0,1985-12-11,0.0,24.9,32.2,
TH000048431,"NAKHON RATCHASIMA, TH",14.967,102.083,188.0,1985-12-12,0.0,23.6,29.5,
TH000048431,"NAKHON RATCHASIMA, TH",14.967,102.083,188.0,1985-12-13,0.0,23.8,28.5,
TH000048431,"NAKHON RATCHASIMA, TH",14.967,102.083,188.0,1985-12-14,0.0,22.9,29.0,
TH000048431,"NAKHON RATCHASIMA, TH",14.967,102.083,188.0,1985-12-15,0.0,23.1,25.5,
TH000048431,"NAKHON RATCHASIMA, TH",14.967,102.083,188.0,1985-12-16,0.0,20.3,24.2,
TH000048431,"NAKHON RATCHASIMA, TH",14.967,102.083,188.0,1985-12-17,0.0,19.6,24.7,
TH000048431,"NAKHON RATCHASIMA, TH",14.967,102.083,188.0,1985-12-18,0.0,21.6,26.9,
TH000048431,"NAKHON RATCHASIMA, TH",14.967,102.083,188.0,1985-12-19,0.0,22.0,27.9,
TH000048431,"NAKHON RATCHASIMA, TH",14.967,102.083,188.0,1985-12-20,0.0,23.6,27.8,
TH000048431,"NAKHON RATCHASIMA, TH",14.967,102.083,188.0,1985-12-21,0.0,24.7,28.3,
TH000048431,"NAKHON RATCHASIMA, TH",14.967,102.083,188.0,1985-12-22,0.0,24.2,28.2,
TH000048431,"NAKHON RATCHASIMA, TH",14.967,102.083,188.0,1985-12-23,0.0,21.6,24.8,
TH000048431,"NAKHON RATCHASIMA, TH",14.967,102.083,188.0,1985-12-24,0.0,19.3,24.4,
TH000048431,"NAKHON RATCHASIMA, TH",14.967,102.083,188.0,1985-12-25,0.0,19.6,25.8,
TH000048431,"NAKHON RATCHASIMA, TH",14.967,102.083,188.0,1985-12-26,0.0,20.2,27.4,
TH000048431,"NAKHON RATCHASIMA, TH",14.967,102.083,188.0,1985-12-27,0.0,21.2,28.3,
TH000048431,"NAKHON RATCHASIMA, TH",14.967,102.083,188.0,1985-12-28,0.0,23.1,29.0,
TH000048431,"NAKHON RATCHASIMA, TH",14.967,102.083,188.0,1985-12-29,0.0,24.8,30.8,
TH000048431,"NAKHON RATCHASIMA, TH",14.967,102.083,188.0,1985-12-30,0.0,25.5,30.6,
TH000048431,"NAKHON RATCHASIMA, TH",14.967,102.083,188.0,1985-12-31,0.0,24.6,32.4,
TH000048431,"NAKHON RATCHASIMA, TH",14.967,102.083,188.0,1986-01-01,0.0,23.2,28.8,
TH000048431,"NAKHON RATCHASIMA, TH",14.967,102.083,188.0,1986-01-02,,21.2,,14.7
TH000048431,"NAKHON RATCHASIMA, TH",14.967,102.083,188.0,1986-01-03,0.0,21.6,28.0,
TH000048431,"NAKHON RATCHASIMA, TH",14.967,102.083,188.0,1986-01-04,0.0,20.7,26.9,14.1
TH000048431,"NAKHON RATCHASIMA, TH",14.967,102.083,188.0,1986-01-05,,20.2,24.4,13.6
TH000048431,"NAKHON RATCHASIMA, TH",14.967,102.083,188.0,1986-01-06,,19.3,23.9,11.5
TH000048431,"NAKHON RATCHASIMA, TH",14.967,102.083,188.0,1986-01-07,0.0,17.3,24.1,13.0
TH000048431,"NAKHON RATCHASIMA, TH",14.967,102.083,188.0,1986-01-08,,20.2,24.8,12.1
TH000048431,"NAKHON RATCHASIMA, TH",14.967,102.083,188.0,1986-01-09,0.0,20.3,26.3,12.8
TH000048431,"NAKHON RATCHASIMA, TH",14.967,102.083,188.0,1986-01-10,0.0,21.1,26.2,13.1
TH000048431,"NAKHON RATCHASIMA, TH",14.967,102.083,188.0,1986-01-11,0.0,20.1,26.4,12.5
TH000048431,"NAKHON RATCHASIMA, TH",14.967,102.083,188.0,1986-01-12,,21.9,27.4,13.1
TH000048431,"NAKHON RATCHASIMA, TH",14.967,102.083,188.0,1986-01-13,0.0,22.2,28.6,14.4
TH000048431,"NAKHON RATCHASIMA, TH",14.967,102.083,188.0,1986-01-14,0.0,21.6,29.1,14.6
TH000048431,"NAKHON RATCHASIMA, TH",14.967,102.083,188.0,1986-01-15,,23.0,29.6,14.7
TH000048431,"NAKHON RATCHASIMA, TH",14.967,102.083,188.0,1986-01-16,0.0,21.7,29.7,15.3
TH000048431,"NAKHON RATCHASIMA, TH",14.967,102.083,188.0,1986-01-17,,26.7,32.6,16.1
TH000048431,"NAKHON RATCHASIMA, TH",14.967,102.083,188.0,1986-01-18,,27.6,33.6,17.1
TH000048431,"NAKHON RATCHASIMA, TH",14.967,102.083,188.0,1986-01-19,,28.6,33.8,18.8
TH000048431,"NAKHON RATCHASIMA, TH",14.967,102.083,188.0,1986-01-20,,30.4,33.1,
TH000048431,"NAKHON RATCHASIMA, TH",14.967,102.083,188.0,1986-01-21,0.0,23.5,30.5,
TH000048431,"NAKHON RATCHASIMA, TH",14.967,102.083,188.0,1986-01-22,0.0,24.2,30.6,17.7
TH000048431,"NAKHON RATCHASIMA, TH",14.967,102.083,188.0,1986-01-23,0.0,23.7,30.7,17.0
TH000048431,"NAKHON RATCHASIMA, TH",14.967,102.083,188.0,1986-01-24,0.0,25.1,,18.4
TH000048431,"NAKHON RATCHASIMA, TH",14.967,102.083,188.0,1986-01-25,0.0,27.4,32.8,
TH000048431,"NAKHON RATCHASIMA, TH",14.967,102.083,188.0,1986-01-26,0.0,23.8,29.7,18.3
TH000048431,"NAKHON RATCHASIMA, TH",14.967,102.083,188.0,1986-01-27,0.0,22.0,28.0,16.5
TH000048431,"NAKHON RATCHASIMA, TH",14.967,102.083,188.0,1986-01-28,0.0,20.9,,14.5
TH000048431,"NAKHON RATCHASIMA, TH",14.967,102.083,188.0,1986-01-29,0.0,21.5,29.0,14.6
TH000048431,"NAKHON RATCHASIMA, TH",14.967,102.083,188.0,1986-01-30,0.0,22.7,31.8,
TH000048431,"NAKHON RATCHASIMA, TH",14.967,102.083,188.0,1986-01-31,0.0,24.5,32.5,15.5
TH000048431,"NAKHON RATCHASIMA, TH",14.967,102.083,188.0,1986-02-01,0.0,25.8,33.0,18.0
TH000048431,"NAKHON RATCHASIMA, TH",14.967,102.083,188.0,1986-02-02,0.0,26.2,33.3,19.7
TH000048431,"NAKHON RATCHASIMA, TH",14.967,102.083,188.0,1986-02-03,0.0,27.3,33.4,19.8
TH000048431,"NAKHON RATCHASIMA, TH",14.967,102.083,188.0,1986-02-04,0.0,25.7,,20.8
TH000048431,"NAKHON RATCHASIMA, TH",14.967,102.083,188.0,1986-02-05,0.0,27.4,34.0,20.2
TH000048431,"NAKHON RATCHASIMA, TH",14.967,102.083,188.0,1986-02-06,0.0,27.6,35.0,19.8
TH000048431,"NAKHON RATCHASIMA, TH",14.967,102.083,188.0,1986-02-07,0.0,27.0,,22.0
TH000048431,"NAKHON RATCHASIMA, TH",14.967,102.083,188.0,1986-02-08,0.0,23.1,29.1,18.5
TH000048431,"NAKHON RATCHASIMA, TH",14.967,102.083,188.0,1986-02-09,0.0,24.7,31.1,17.3
TH000048431,"NAKHON RATCHASIMA, TH",14.967,102.083,188.0,1986-02-10,0.0,24.7,30.0,18.3
TH000048431,"NAKHON RATCHASIMA, TH",14.967,102.083,188.0,1986-02-11,0.0,22.9,30.0,16.5
TH000048431,"NAKHON RATCHASIMA, TH",14.967,102.083,188.0,1986-02-12,0.0,25.2,31.9,15.9
TH000048431,"NAKHON RATCHASIMA, TH",14.967,102.083,188.0,1986-02-13,0.0,26.2,34.5,16.7
TH000048431,"NAKHON RATCHASIMA, TH",14.967,102.083,188.0,1986-02-14,0.0,26.7,35.5,12.9
TH000048431,"NAKHON RATCHASIMA, TH",14.967,102.083,188.0,1986-02-15,0.0,28.6,36.5,20.0
TH000048431,"NAKHON RATCHASIMA, TH",14.967,102.083,188.0,1986-02-16,0.0,28.6,36.3,21.2
TH000048431,"NAKHON RATCHASIMA, TH",14.967,102.083,188.0,1986-02-17,0.0,28.4,36.5,21.1
TH000048431,"NAKHON RATCHASIMA, TH",14.967,102.083,188.0,1986-02-18,0.0,28.1,37.1,19.7
TH000048431,"NAKHON RATCHASIMA, TH",14.967,102.083,188.0,1986-02-19,0.0,29.4,37.0,20.3
TH000048431,"NAKHON RATCHASIMA, TH",14.967,102.083,188.0,1986-02-20,0.0,28.1,35.5,19.7
TH000048431,"NAKHON RATCHASIMA, TH",14.967,102.083,188.0,1986-02-21,0.0,24.1,28.5,20.5
TH000048431,"NAKHON RATCHASIMA, TH",14.967,102.083,188.0,1986-02-22,0.0,24.9,32.0,19.8
TH000048431,"NAKHON RATCHASIMA, TH",14.967,102.083,188.0,1986-02-23,0.0,27.7,35.2,19.5
TH000048431,"NAKHON RATCHASIMA, TH",14.967,102.083,188.0,1986-02-24,0.0,28.9,35.9,21.5
TH000048431,"NAKHON RATCHASIMA, TH",14.967,102.083,188.0,1986-02-25,0.0,28.3,34.3,
TH000048431,"NAKHON RATCHASIMA, TH",14.967,102.083,188.0,1986-02-26,0.0,28.4,34.0,22.3
TH000048431,"NAKHON RATCHASIMA, TH",14.967,102.083,188.0,1986-02-27,0.0,28.4,34.1,23.9
TH000048431,"NAKHON RATCHASIMA, TH",14.967,102.083,188.0,1986-02-28,0.0,27.6,33.5,
TH000048431,"NAKHON RATCHASIMA, TH",14.967,102.083,188.0,1986-03-01,0.0,22.4,29.0,
TH000048431,"NAKHON RATCHASIMA, TH",14.967,102.083,188.0,1986-03-02,0.0,17.7,22.8,
TH000048431,"NAKHON RATCHASIMA, TH",14.967,102.083,188.0,1986-03-03,0.0,18.1,23.8,13.3
TH000048431,"NAKHON RATCHASIMA, TH",14.967,102.083,188.0,1986-03-04,0.0,19.4,25.4,13.0
TH000048431,"NAKHON RATCHASIMA, TH",14.967,102.083,188.0,1986-03-05,0.0,21.1,27.8,14.2
TH000048431,"NAKHON RATCHASIMA, TH",14.967,102.083,188.0,1986-03-06,0.0,21.0,,14.5
TH000048431,"NAKHON RATCHASIMA, TH",14.967,102.083,188.0,1986-03-07,0.0,23.7,31.5,15.2
TH000048431,"NAKHON RATCHASIMA, TH",14.967,102.083,188.0,1986-03-08,0.0,25.1,,18.2
TH000048431,"NAKHON RATCHASIMA, TH",14.967,102.083,188.0,1986-03-09,0.0,26.9,34.9,18.8
TH000048431,"NAKHON RATCHASIMA, TH",14.967,102.083,188.0,1986-03-10,0.0,27.5,34.7,20.2
TH000048431,"NAKHON RATCHASIMA, TH",14.967,102.083,188.0,1986-03-11,0.0,28.9,36.2,22.1
TH000048431,"NAKHON RATCHASIMA, TH",14.967,102.083,188.0,1986-03-12,0.0,29.4,37.0,23.2
TH000048431,"NAKHON RATCHASIMA, TH",14.967,102.083,188.0,1986-03-13,2.0,30.0,37.4,22.7
TH000048431,"NAKHON RATCHASIMA, TH",14.967,102.083,188.0,1986-03-14,0.0,30.6,39.0,22.1
TH000048431,"NAKHON RATCHASIMA, TH",14.967,102.083,188.0,1986-03-15,0.0,29.8,39.1,21.5
TH000048431,"NAKHON RATCHASIMA, TH",14.967,102.083,188.0,1986-03-16,0.0,30.2,39.1,21.0
TH000048431,"NAKHON RATCHASIMA, TH",14.967,102.083,188.0,1986-03-17,0.0,29.8,38.7,
TH000048431,"NAKHON RATCHASIMA, TH",14.967,102.083,188.0,1986-03-18,0.0,29.9,38.7,21.1
TH000048431,"NAKHON RATCHASIMA, TH",14.967,102.083,188.0,1986-03-19,0.0,30.1,39.2,22.1
TH000048431,"NAKHON RATCHASIMA, TH",14.967,102.083,188.0,1986-03-20,0.0,30.7,40.2,
TH000048431,"NAKHON RATCHASIMA, TH",14.967,102.083,188.0,1986-03-21,0.0,31.6,40.2,24.0
TH000048431,"NAKHON RATCHASIMA, TH",14.967,102.083,188.0,1986-03-22,0.0,32.2,39.0,24.9
TH000048431,"NAKHON RATCHASIMA, TH",14.967,102.083,188.0,1986-03-23,0.0,32.4,39.0,
TH000048431,"NAKHON RATCHASIMA, TH",14.967,102.083,188.0,1986-03-24,0.0,31.6,39.3,24.8
TH000048431,"NAKHON RATCHASIMA, TH",14.967,102.083,188.0,1986-03-25,0.0,29.7,37.4,25.2
TH000048431,"NAKHON RATCHASIMA, TH",14.967,102.083,188.0,1986-03-26,7.9,31.3,,24.9
TH000048431,"NAKHON RATCHASIMA, TH",14.967,102.083,188.0,1986-03-27,0.0,29.3,36.8,
TH000048431,"NAKHON RATCHASIMA, TH",14.967,102.083,188.0,1986-03-28,3.0,31.2,37.5,23.5
TH000048431,"NAKHON RATCHASIMA, TH",14.967,102.083,188.0,1986-03-29,0.0,30.8,38.0,23.5
TH000048431,"NAKHON RATCHASIMA, TH",14.967,102.083,188.0,1986-03-30,0.0,29.4,39.1,
TH000048431,"NAKHON RATCHASIMA, TH",14.967,102.083,188.0,1986-03-31,0.0,30.2,40.3,19.5
TH000048431,"NAKHON RATCHASIMA, TH",14.967,102.083,188.0,1986-04-01,0.0,31.8,39.3,23.7
TH000048431,"NAKHON RATCHASIMA, TH",14.967,102.083,188.0,1986-04-02,0.0,32.9,38.7,25.5
TH000048431,"NAKHON RATCHASIMA, TH",14.967,102.083,188.0,1986-04-03,0.0,32.0,38.5,25.5
TH000048431,"NAKHON RATCHASIMA, TH",14.967,102.083,188.0,1986-04-04,0.0,28.4,37.3,
TH000048431,"NAKHON RATCHASIMA, TH",14.967,102.083,188.0,1986-04-05,7.1,30.8,35.8,24.2
TH000048431,"NAKHON RATCHASIMA, TH",14.967,102.083,188.0,1986-04-06,0.0,27.4,32.0,
TH000048431,"NAKHON RATCHASIMA, TH",14.967,102.083,188.0,1986-04-07,1.0,28.7,35.7,23.4
TH000048431,"NAKHON RATCHASIMA, TH",14.967,102.083,188.0,1986-04-08,0.0,30.7,36.6,23.5
TH000048431,"NAKHON RATCHASIMA, TH",14.967,102.083,188.0,1986-04-09,,32.1,38.1,24.5
TH000048431,"NAKHON RATCHASIMA, TH",14.967,102.083,188.0,1986-04-10,0.0,29.5,36.5,
TH000048431,"NAKHON RATCHASIMA, TH",14.967,102.083,188.0,1986-04-11,0.0,30.5,36.4,24.9
TH000048431,"NAKHON RATCHASIMA, TH",14.967,102.083,188.0,1986-04-12,,27.1,35.2,
TH000048431,"NAKHON RATCHASIMA, TH",14.967,102.083,188.0,1986-04-13,2.0,27.2,33.3,22.8
TH000048431,"NAKHON RATCHASIMA, TH",14.967,102.083,188.0,1986-04-14,0.3,28.9,36.2,22.3
TH000048431,"NAKHON RATCHASIMA, TH",14.967,102.083,188.0,1986-04-15,0.0,30.9,38.0,23.5
TH000048431,"NAKHON RATCHASIMA, TH",14.967,102.083,188.0,1986-04-16,0.0,28.6,37.7,
TH000048431,"NAKHON RATCHASIMA, TH",14.967,102.083,188.0,1986-04-17,5.1,28.4,35.5,24.0
TH000048431,"NAKHON RATCHASIMA, TH",14.967,102.083,188.0,1986-04-18,0.0,30.4,36.3,24.1
TH000048431,"NAKHON RATCHASIMA, TH",14.967,102.083,188.0,1986-04-20,0.0,30.9,37.1,25.4
TH000048431,"NAKHON RATCHASIMA, TH",14.967,102.083,188.0,1986-04-21,0.5,30.9,38.7,25.0
TH000048431,"NAKHON RATCHASIMA, TH",14.967,102.083,188.0,1986-04-22,0.0,28.5,35.5,
TH000048431,"NAKHON RATCHASIMA, TH",14.967,102.083,188.0,1986-04-23,0.0,28.2,35.3,22.8
TH000048431,"NAKHON RATCHASIMA, TH",14.967,102.083,188.0,1986-04-24,0.0,26.2,33.2,
TH000048431,"NAKHON RATCHASIMA, TH",14.967,102.083,188.0,1986-04-25,7.9,26.8,34.4,23.0
TH000048431,"NAKHON RATCHASIMA, TH",14.967,102.083,188.0,1986-04-26,0.0,29.4,35.4,23.5
TH000048431,"NAKHON RATCHASIMA, TH",14.967,102.083,188.0,1986-04-27,0.0,29.6,36.5,24.1
TH000048431,"NAKHON RATCHASIMA, TH",14.967,102.083,188.0,1986-04-28,0.0,29.7,36.2,24.3
TH000048431,"NAKHON RATCHASIMA, TH",14.967,102.083,188.0,1986-04-29,0.0,30.0,36.5,23.6
TH000048431,"NAKHON RATCHASIMA, TH",14.967,102.083,188.0,1986-04-30,0.0,28.7,33.6,
TH000048431,"NAKHON RATCHASIMA, TH",14.967,102.083,188.0,1986-05-01,0.0,28.0,35.9,24.2
TH000048431,"NAKHON RATCHASIMA, TH",14.967,102.083,188.0,1986-05-02,2.0,28.6,36.5,
TH000048431,"NAKHON RATCHASIMA, TH",14.967,102.083,188.0,1986-05-03,0.0,29.9,35.3,24.5
TH000048431,"NAKHON RATCHASIMA, TH",14.967,102.083,188.0,1986-05-04,0.0,27.0,34.8,
TH000048431,"NAKHON RATCHASIMA, TH",14.967,102.083,188.0,1986-05-05,27.9,28.9,34.8,23.5
TH000048431,"NAKHON RATCHASIMA, TH",14.967,102.083,188.0,1986-05-06,0.0,27.1,34.8,
TH000048431,"NAKHON RATCHASIMA, TH",14.967,102.083,188.0,1986-05-07,2.0,27.6,33.3,24.0
TH000048431,"NAKHON RATCHASIMA, TH",14.967,102.083,188.0,1986-05-08,7.9,26.4,29.3,23.6
TH000048431,"NAKHON RATCHASIMA, TH",14.967,102.083,188.0,1986-05-09,3.0,24.9,27.7,
TH000048431,"NAKHON RATCHASIMA, TH",14.967,102.083,188.0,1986-05-10,7.1,25.5,27.5,23.3
TH000048431,"NAKHON RATCHASIMA, TH",14.967,102.083,188.0,1986-05-11,3.0,28.9,34.4,23.8
TH000048431,"NAKHON RATCHASIMA, TH",14.967,102.083,188.0,1986-05-12,0.0,29.1,35.2,
TH000048431,"NAKHON RATCHASIMA, TH",14.967,102.083,188.0,1986-05-13,2.0,30.2,34.7,23.7
TH000048431,"NAKHON RATCHASIMA, TH",14.967,102.083,188.0,1986-05-14,0.0,29.6,34.5,24.2
TH000048431,"NAKHON RATCHASIMA, TH",14.967,102.083,188.0,1986-05-15,0.0,30.6,35.5,24.0
TH000048431,"NAKHON RATCHASIMA, TH",14.967,102.083,188.0,1986-05-16,0.0,30.3,35.0,25.5
TH000048431,"NAKHON RATCHASIMA, TH",14.967,102.083,188.0,1986-05-17,0.0,29.1,33.7,25.7
TH000048431,"NAKHON RATCHASIMA, TH",14.967,102.083,188.0,1986-05-18,0.0,29.8,34.3,25.5
TH000048431,"NAKHON RATCHASIMA, TH",14.967,102.083,188.0,1986-05-19,0.0,29.8,35.3,26.2
TH000048431,"NAKHON RATCHASIMA, TH",14.967,102.083,188.0,1986-05-20,0.0,29.3,34.8,25.3
TH000048431,"NAKHON RATCHASIMA, TH",14.967,102.083,188.0,1986-05-21,,29.2,33.4,25.0
TH000048431,"NAKHON RATCHASIMA, TH",14.967,102.083,188.0,1986-05-22,,29.1,34.5,
TH000048431,"NAKHON RATCHASIMA, TH",14.967,102.083,188.0,1986-05-23,1.0,28.2,32.7,24.2
TH000048431,"NAKHON RATCHASIMA, TH",14.967,102.083,188.0,1986-05-24,0.5,28.3,34.7,
TH000048431,"NAKHON RATCHASIMA, TH",14.967,102.083,188.0,1986-05-25,0.0,29.3,34.0,
TH000048431,"NAKHON RATCHASIMA, TH",14.967,102.083,188.0,1986-05-26,0.5,29.2,32.9,
TH000048431,"NAKHON RATCHASIMA, TH",14.967,102.083,188.0,1986-05-27,0.0,29.5,36.3,24.5
TH000048431,"NAKHON RATCHASIMA, TH",14.967,102.083,188.0,1986-05-28,,29.7,36.8,25.2
TH000048431,"NAKHON RATCHASIMA, TH",14.967,102.083,188.0,1986-05-29,,29.8,36.4,24.6
TH000048431,"NAKHON RATCHASIMA, TH",14.967,102.083,188.0,1986-05-30,,31.0,37.3,24.9
TH000048431,"NAKHON RATCHASIMA, TH",14.967,102.083,188.0,1986-05-31,,31.5,37.3,25.2
TH000048431,"NAKHON RATCHASIMA, TH",14.967,102.083,188.0,1986-06-01,,31.7,37.5,25.6
TH000048431,"NAKHON RATCHASIMA, TH",14.967,102.083,188.0,1986-06-02,,31.1,37.0,26.2
TH000048431,"NAKHON RATCHASIMA, TH",14.967,102.083,188.0,1986-06-03,0.0,30.6,,26.1
TH000048431,"NAKHON RATCHASIMA, TH",14.967,102.083,188.0,1986-06-04,,30.2,37.0,25.3
TH000048431,"NAKHON RATCHASIMA, TH",14.967,102.083,188.0,1986-06-05,0.0,28.8,35.3,25.5
TH000048431,"NAKHON RATCHASIMA, TH",14.967,102.083,188.0,1986-06-06,6.1,29.5,36.1,24.9
TH000048431,"NAKHON RATCHASIMA, TH",14.967,102.083,188.0,1986-06-07,0.0,29.4,34.7,25.6
TH000048431,"NAKHON RATCHASIMA, TH",14.967,102.083,188.0,1986-06-08,0.0,30.2,35.7,25.1
TH000048431,"NAKHON RATCHASIMA, TH",14.967,102.083,188.0,1986-06-09,0.0,31.2,36.7,25.6
TH000048431,"NAKHON RATCHASIMA, TH",14.967,102.083,188.0,1986-06-10,0.0,30.4,36.7,
TH000048431,"NAKHON RATCHASIMA, TH",14.967,102.083,188.0,1986-06-11,1.0,29.7,35.4,24.9
TH000048431,"NAKHON RATCHASIMA, TH",14.967,102.083,188.0,1986-06-12,0.0,30.6,35.5,25.3
TH000048431,"NAKHON RATCHASIMA, TH",14.967,102.083,188.0,1986-06-13,0.0,27.8,33.8,
TH000048431,"NAKHON RATCHASIMA, TH",14.967,102.083,188.0,1986-06-14,9.9,29.5,35.0,23.9
TH000048431,"NAKHON RATCHASIMA, TH",14.967,102.083,188.0,1986-06-15,0.0,29.7,35.9,24.9
TH000048431,"NAKHON RATCHASIMA, TH",14.967,102.083,188.0,1986-06-16,0.5,29.9,37.4,25.0
TH000048431,"NAKHON RATCHASIMA, TH",14.967,102.083,188.0,1986-06-17,2.0,30.9,36.8,25.0
TH000048431,"NAKHON RATCHASIMA, TH",14.967,102.083,188.0,1986-06-18,0.0,29.6,35.2,
TH000048431,"NAKHON RATCHASIMA, TH",14.967,102.083,188.0,1986-06-19,0.5,28.6,32.5,24.5
TH000048431,"NAKHON RATCHASIMA, TH",14.967,102.083,188.0,1986-06-20,0.0,28.0,34.7,
TH000048431,"NAKHON RATCHASIMA, TH",14.967,102.083,188.0,1986-06-21,0.0,29.7,35.5,23.5
TH000048431,"NAKHON RATCHASIMA, TH",14.967,102.083,188.0,1986-06-22,0.0,30.7,36.8,25.4
TH000048431,"NAKHON RATCHASIMA, TH",14.967,102.083,188.0,1986-06-23,0.0,29.4,34.8,25.6
TH000048431,"NAKHON RATCHASIMA, TH",14.967,102.083,188.0,1986-06-24,0.0,29.2,34.0,25.0
TH000048431,"NAKHON RATCHASIMA, TH",14.967,102.083,188.0,1986-06-25,0.0,29.6,33.5,24.6
TH000048431,"NAKHON RATCHASIMA, TH",14.967,102.083,188.0,1986-06-26,0.0,29.8,34.5,26.1
TH000048431,"NAKHON RATCHASIMA, TH",14.967,102.083,188.0,1986-06-27,0.0,31.1,,26.2
TH000048431,"NAKHON RATCHASIMA, TH",14.967,102.083,188.0,1986-06-28,0.0,30.8,37.2,26.0
TH000048431,"NAKHON RATCHASIMA, TH",14.967,102.083,188.0,1986-06-29,0.0,31.1,36.7,25.5
TH000048431,"NAKHON RATCHASIMA, TH",14.967,102.083,188.0,1986-06-30,0.0,32.6,38.0,26.1
TH000048431,"NAKHON RATCHASIMA, TH",14.967,102.083,188.0,1986-07-01,0.0,32.2,39.2,26.8
TH000048431,"NAKHON RATCHASIMA, TH",14.967,102.083,188.0,1986-07-02,0.0,31.4,37.3,25.9
TH000048431,"NAKHON RATCHASIMA, TH",14.967,102.083,188.0,1986-07-03,0.0,31.1,36.5,25.5
TH000048431,"NAKHON RATCHASIMA, TH",14.967,102.083,188.0,1986-07-04,,29.4,36.0,
TH000048431,"NAKHON RATCHASIMA, TH",14.967,102.083,188.0,1986-07-05,0.0,29.0,34.8,24.6
TH000048431,"NAKHON RATCHASIMA, TH",14.967,102.083,188.0,1986-07-06,1.0,28.2,34.2,24.4
TH000048431,"NAKHON RATCHASIMA, TH",14.967,102.083,188.0,1986-07-07,0.3,31.0,37.0,24.5
TH000048431,"NAKHON RATCHASIMA, TH",14.967,102.083,188.0,1986-07-08,14.0,29.1,37.8,
TH000048431,"NAKHON RATCHASIMA, TH",14.967,102.083,188.0,1986-07-09,7.1,28.9,34.7,24.8
TH000048431,"NAKHON RATCHASIMA, TH",14.967,102.083,188.0,1986-07-10,0.0,29.7,35.3,
TH000048431,"NAKHON RATCHASIMA, TH",14.967,102.083,188.0,1986-07-11,0.0,29.2,34.0,25.3
TH000048431,"NAKHON RATCHASIMA, TH",14.967,102.083,188.0,1986-07-12,0.0,29.7,34.8,25.5
TH000048431,"NAKHON RATCHASIMA, TH",14.967,102.083,188.0,1986-07-13,0.0,29.8,,24.8
TH000048431,"NAKHON RATCHASIMA, TH",14.967,102.083,188.0,1986-07-14,0.0,30.8,35.3,25.1
TH000048431,"NAKHON RATCHASIMA, TH",14.967,102.083,188.0,1986-07-15,0.0,30.4,36.6,25.3
TH000048431,"NAKHON RATCHASIMA, TH",14.967,102.083,188.0,1986-07-16,0.0,29.5,34.0,25.5
TH000048431,"NAKHON RATCHASIMA, TH",14.967,102.083,188.0,1986-07-17,0.0,29.4,36.4,24.6
TH000048431,"NAKHON RATCHASIMA, TH",14.967,102.083,188.0,1986-07-18,0.0,29.3,35.0,24.5
TH000048431,"NAKHON RATCHASIMA, TH",14.967,102.083,188.0,1986-07-19,0.0,28.7,34.1,
TH000048431,"NAKHON RATCHASIMA, TH",14.967,102.083,188.0,1986-07-20,0.0,27.5,33.4,
TH000048431,"NAKHON RATCHASIMA, TH",14.967,102.083,188.0,1986-07-21,1.0,24.4,29.1,23.4
TH000048431,"NAKHON RATCHASIMA, TH",14.967,102.083,188.0,1986-07-22,21.1,25.4,30.0,23.1
TH000048431,"NAKHON RATCHASIMA, TH",14.967,102.083,188.0,1986-07-23,2.0,24.8,26.4,23.5
TH000048431,"NAKHON RATCHASIMA, TH",14.967,102.083,188.0,1986-07-24,4.1,27.3,32.3,23.2
TH000048431,"NAKHON RATCHASIMA, TH",14.967,102.083,188.0,1986-07-25,0.0,26.9,33.1,
TH000048431,"NAKHON RATCHASIMA, TH",14.967,102.083,188.0,1986-07-26,2.0,27.1,33.0,22.5
TH000048431,"NAKHON RATCHASIMA, TH",14.967,102.083,188.0,1986-07-27,9.9,27.4,33.2,23.4
TH000048431,"NAKHON RATCHASIMA, TH",14.967,102.083,188.0,1986-07-28,0.0,28.1,,24.1
TH000048431,"NAKHON RATCHASIMA, TH",14.967,102.083,188.0,1986-07-29,0.0,27.2,35.3,23.6
TH000048431,"NAKHON RATCHASIMA, TH",14.967,102.083,188.0,1986-07-30,0.0,28.8,,23.4
TH000048431,"NAKHON RATCHASIMA, TH",14.967,102.083,188.0,1986-07-31,0.0,29.2,35.0,24.2
TH000048431,"NAKHON RATCHASIMA, TH",14.967,102.083,188.0,1986-08-01,0.0,30.6,36.0,
TH000048431,"NAKHON RATCHASIMA, TH",14.967,102.083,188.0,1986-08-02,0.0,28.9,33.6,25.3
TH000048431,"NAKHON RATCHASIMA, TH",14.967,102.083,188.0,1986-08-03,0.0,29.8,35.6,24.5
TH000048431,"NAKHON RATCHASIMA, TH",14.967,102.083,188.0,1986-08-04,,29.4,35.2,24.5
TH000048431,"NAKHON RATCHASIMA, TH",14.967,102.083,188.0,1986-08-05,4.1,27.4,36.7,24.0
TH000048431,"NAKHON RATCHASIMA, TH",14.967,102.083,188.0,1986-08-06,7.9,28.6,,24.2
TH000048431,"NAKHON RATCHASIMA, TH",14.967,102.083,188.0,1986-08-07,27.9,27.2,33.3,23.8
TH000048431,"NAKHON RATCHASIMA, TH",14.967,102.083,188.0,1986-08-08,6.1,27.1,32.3,
TH000048431,"NAKHON RATCHASIMA, TH",14.967,102.083,188.0,1986-08-09,2.0,27.3,31.9,23.5
TH000048431,"NAKHON RATCHASIMA, TH",14.967,102.083,188.0,1986-08-10,14.0,27.7,32.2,23.7
TH000048431,"NAKHON RATCHASIMA, TH",14.967,102.083,188.0,1986-08-11,9.9,27.6,31.2,23.9
TH000048431,"NAKHON RATCHASIMA, TH",14.967,102.083,188.0,1986-08-12,0.0,28.9,33.2,24.6
TH000048431,"NAKHON RATCHASIMA, TH",14.967,102.083,188.0,1986-08-13,0.0,28.6,33.0,25.5
TH000048431,"NAKHON RATCHASIMA, TH",14.967,102.083,188.0,1986-08-14,0.0,28.4,,
TH000048431,"NAKHON RATCHASIMA, TH",14.967,102.083,188.0,1986-08-15,0.0,27.9,33.4,
TH000048431,"NAKHON RATCHASIMA, TH",14.967,102.083,188.0,1986-08-16,0.0,27.4,31.0,
TH000048431,"NAKHON RATCHASIMA, TH",14.967,102.083,188.0,1986-08-17,0.0,27.9,32.0,23.8
TH000048431,"NAKHON RATCHASIMA, TH",14.967,102.083,188.0,1986-08-18,0.0,29.2,34.8,24.1
TH000048431,"NAKHON RATCHASIMA, TH",14.967,102.083,188.0,1986-08-19,0.0,29.6,34.7,24.8
TH000048431,"NAKHON RATCHASIMA, TH",14.967,102.083,188.0,1986-08-20,0.0,29.5,34.2,24.2
TH000048431,"NAKHON RATCHASIMA, TH",14.967,102.083,188.0,1986-08-21,0.0,29.6,35.2,25.5
TH000048431,"NAKHON RATCHASIMA, TH",14.967,102.083,188.0,1986-08-22,0.0,29.6,34.4,24.6
TH000048431,"NAKHON RATCHASIMA, TH",14.967,102.083,188.0,1986-08-23,0.0,29.4,34.5,25.4
TH000048431,"NAKHON RATCHASIMA, TH",14.967,102.083,188.0,1986-08-24,0.0,29.4,35.4,24.8
TH000048431,"NAKHON RATCHASIMA, TH",14.967,102.083,188.0,1986-08-25,0.0,27.1,32.3,
TH000048431,"NAKHON RATCHASIMA, TH",14.967,102.083,188.0,1986-08-26,2.0,26.6,28.6,23.8
TH000048431,"NAKHON RATCHASIMA, TH",14.967,102.083,188.0,1986-08-27,0.5,28.6,33.8,24.3
TH000048431,"NAKHON RATCHASIMA, TH",14.967,102.083,188.0,1986-08-28,0.0,27.6,34.2,
TH000048431,"NAKHON RATCHASIMA, TH",14.967,102.083,188.0,1986-08-29,0.0,28.1,32.9,25.0
TH000048431,"NAKHON RATCHASIMA, TH",14.967,102.083,188.0,1986-08-30,0.0,29.4,35.5,
TH000048431,"NAKHON RATCHASIMA, TH",14.967,102.083,188.0,1986-08-31,0.3,29.2,34.6,23.5
TH000048431,"NAKHON RATCHASIMA, TH",14.967,102.083,188.0,1986-09-01,2.0,29.6,35.3,24.5
TH000048431,"NAKHON RATCHASIMA, TH",14.967,102.083,188.0,1986-09-02,0.0,30.1,34.9,24.4
TH000048431,"NAKHON RATCHASIMA, TH",14.967,102.083,188.0,1986-09-03,0.0,29.2,35.6,25.1
TH000048431,"NAKHON RATCHASIMA, TH",14.967,102.083,188.0,1986-09-04,0.0,29.4,35.0,
TH000048431,"NAKHON RATCHASIMA, TH",14.967,102.083,188.0,1986-09-05,5.1,28.4,33.6,24.5
TH000048431,"NAKHON RATCHASIMA, TH",14.967,102.083,188.0,1986-09-06,0.0,30.3,,24.8
TH000048431,"NAKHON RATCHASIMA, TH",14.967,102.083,188.0,1986-09-07,10.9,26.9,31.7,24.0
TH000048431,"NAKHON RATCHASIMA, TH",14.967,102.083,188.0,1986-09-08,8.9,25.8,31.8,
TH000048431,"NAKHON RATCHASIMA, TH",14.967,102.083,188.0,1986-09-09,10.9,26.1,30.8,
TH000048431,"NAKHON RATCHASIMA, TH",14.967,102.083,188.0,1986-09-10,0.3,25.6,30.0,23.0
TH000048431,"NAKHON RATCHASIMA, TH",14.967,102.083,188.0,1986-09-11,2.0,25.4,29.0,
TH000048431,"NAKHON RATCHASIMA, TH",14.967,102.083,188.0,1986-09-12,15.0,26.6,31.9,22.8
TH000048431,"NAKHON RATCHASIMA, TH",14.967,102.083,188.0,1986-09-13,0.0,28.2,33.2,24.0
TH000048431,"NAKHON RATCHASIMA, TH",14.967,102.083,188.0,1986-09-14,0.0,29.0,34.3,24.0
TH000048431,"NAKHON RATCHASIMA, TH",14.967,102.083,188.0,1986-09-15,0.0,29.0,34.8,24.0
TH000048431,"NAKHON RATCHASIMA, TH",14.967,102.083,188.0,1986-09-16,0.0,28.2,34.7,23.9
TH000048431,"NAKHON RATCHASIMA, TH",14.967,102.083,188.0,1986-09-17,0.0,27.5,34.8,
TH000048431,"NAKHON RATCHASIMA, TH",14.967,102.083,188.0,1986-09-18,1.0,29.1,34.0,23.5
TH000048431,"NAKHON RATCHASIMA, TH",14.967,102.083,188.0,1986-09-19,0.0,27.1,31.6,
TH000048431,"NAKHON RATCHASIMA, TH",14.967,102.083,188.0,1986-09-20,0.0,26.8,31.0,
TH000048431,"NAKHON RATCHASIMA, TH",14.967,102.083,188.0,1986-09-21,9.9,27.3,31.8,22.9
TH000048431,"NAKHON RATCHASIMA, TH",14.967,102.083,188.0,1986-09-22,0.0,27.0,31.2,23.0
TH000048431,"NAKHON RATCHASIMA, TH",14.967,102.083,188.0,1986-09-23,0.0,28.0,31.8,23.2
TH000048431,"NAKHON RATCHASIMA, TH",14.967,102.083,188.0,1986-09-24,0.0,27.3,31.1,23.5
TH000048431,"NAKHON RATCHASIMA, TH",14.967,102.083,188.0,1986-09-25,0.0,28.3,32.5,24.5
TH000048431,"NAKHON RATCHASIMA, TH",14.967,102.083,188.0,1986-09-26,0.0,28.2,32.5,
TH000048431,"NAKHON RATCHASIMA, TH",14.967,102.083,188.0,1986-09-27,0.0,29.2,33.3,23.6
TH000048431,"NAKHON RATCHASIMA, TH",14.967,102.083,188.0,1986-09-28,0.0,29.1,33.5,24.9
TH000048431,"NAKHON RATCHASIMA, TH",14.967,102.083,188.0,1986-09-29,22.1,26.6,31.5,22.8
TH000048431,"NAKHON RATCHASIMA, TH",14.967,102.083,188.0,1986-09-30,2.0,28.7,32.7,23.6
TH000048431,"NAKHON RATCHASIMA, TH",14.967,102.083,188.0,1986-10-01,18.0,25.3,29.2,
TH000048431,"NAKHON RATCHASIMA, TH",14.967,102.083,188.0,1986-10-02,19.1,23.7,26.9,21.7
TH000048431,"NAKHON RATCHASIMA, TH",14.967,102.083,188.0,1986-10-03,94.0,26.0,30.3,22.4
TH000048431,"NAKHON RATCHASIMA, TH",14.967,102.083,188.0,1986-10-04,2.0,27.3,30.4,23.6
TH000048431,"NAKHON RATCHASIMA, TH",14.967,102.083,188.0,1986-10-05,0.0,28.1,30.5,24.4
TH000048431,"NAKHON RATCHASIMA, TH",14.967,102.083,188.0,1986-10-06,0.0,27.7,31.0,24.3
TH000048431,"NAKHON RATCHASIMA, TH",14.967,102.083,188.0,1986-10-07,0.0,27.4,31.7,
TH000048431,"NAKHON RATCHASIMA, TH",14.967,102.083,188.0,1986-10-08,0.5,27.8,32.0,23.4
TH000048431,"NAKHON RATCHASIMA, TH",14.967,102.083,188.0,1986-10-09,0.0,27.8,31.9,
TH000048431,"NAKHON RATCHASIMA, TH",14.967,102.083,188.0,1986-10-10,0.0,27.2,31.2,23.8
TH000048431,"NAKHON RATCHASIMA, TH",14.967,102.083,188.0,1986-10-11,0.0,27.3,30.9,23.3
TH000048431,"NAKHON RATCHASIMA, TH",14.967,102.083,188.0,1986-10-12,0.0,28.1,31.2,23.5
TH000048431,"NAKHON RATCHASIMA, TH",14.967,102.083,188.0,1986-10-13,0.0,27.5,31.9,23.0
TH000048431,"NAKHON RATCHASIMA, TH",14.967,102.083,188.0,1986-10-14,0.0,27.0,31.5,
TH000048431,"NAKHON RATCHASIMA, TH",14.967,102.083,188.0,1986-10-15,2.0,26.4,32.4,23.5
TH000048431,"NAKHON RATCHASIMA, TH",14.967,102.083,188.0,1986-10-16,2.0,28.1,33.4,23.3
TH000048431,"NAKHON RATCHASIMA, TH",14.967,102.083,188.0,1986-10-17,0.0,25.4,31.3,
TH000048431,"NAKHON RATCHASIMA, TH",14.967,102.083,188.0,1986-10-18,10.9,28.1,33.2,22.5
TH000048431,"NAKHON RATCHASIMA, TH",14.967,102.083,188.0,1986-10-19,0.0,27.7,32.6,23.3
TH000048431,"NAKHON RATCHASIMA, TH",14.967,102.083,188.0,1986-10-20,0.0,27.4,31.4,23.0
TH000048431,"NAKHON RATCHASIMA, TH",14.967,102.083,188.0,1986-10-21,0.0,28.2,,23.9
TH000048431,"NAKHON RATCHASIMA, TH",14.967,102.083,188.0,1986-10-22,,25.9,,
TH000048431,"NAKHON RATCHASIMA, TH",14.967,102.083,188.0,1986-10-23,6.1,26.2,29.0,22.5
TH000048431,"NAKHON RATCHASIMA, TH",14.967,102.083,188.0,1986-10-24,8.9,26.5,32.5,22.8
TH000048431,"NAKHON RATCHASIMA, TH",14.967,102.083,188.0,1986-10-25,4.1,25.3,29.1,
TH000048431,"NAKHON RATCHASIMA, TH",14.967,102.083,188.0,1986-10-26,1.0,26.9,31.5,22.7
TH000048431,"NAKHON RATCHASIMA, TH",14.967,102.083,188.0,1986-10-27,0.0,26.7,32.5,23.7
TH000048431,"NAKHON RATCHASIMA, TH",14.967,102.083,188.0,1986-10-28,2.0,26.8,33.4,23.2
TH000048431,"NAKHON RATCHASIMA, TH",14.967,102.083,188.0,1986-10-29,15.0,24.1,27.8,
TH000048431,"NAKHON RATCHASIMA, TH",14.967,102.083,188.0,1986-10-30,41.9,24.9,27.7,21.0
TH000048431,"NAKHON RATCHASIMA, TH",14.967,102.083,188.0,1986-10-31,0.0,24.3,28.7,20.5
TH000048431,"NAKHON RATCHASIMA, TH",14.967,102.083,188.0,1986-11-01,0.0,25.7,29.8,21.4
TH000048431,"NAKHON RATCHASIMA, TH",14.967,102.083,188.0,1986-11-02,0.0,25.1,29.5,
TH000048431,"NAKHON RATCHASIMA, TH",14.967,102.083,188.0,1986-11-03,0.0,25.7,30.6,
TH000048431,"NAKHON RATCHASIMA, TH",14.967,102.083,188.0,1986-11-04,0.0,25.2,30.0,21.2
TH000048431,"NAKHON RATCHASIMA, TH",14.967,102.083,188.0,1986-11-05,0.0,25.2,29.5,20.9
TH000048431,"NAKHON RATCHASIMA, TH",14.967,102.083,188.0,1986-11-06,0.0,25.0,30.5,20.5
TH000048431,"NAKHON RATCHASIMA, TH",14.967,102.083,188.0,1986-11-07,0.0,26.2,31.6,20.1
TH000048431,"NAKHON RATCHASIMA, TH",14.967,102.083,188.0,1986-11-08,0.0,26.7,31.1,22.0
TH000048431,"NAKHON RATCHASIMA, TH",14.967,102.083,188.0,1986-11-09,0.0,25.1,29.4,
TH000048431,"NAKHON RATCHASIMA, TH",14.967,102.083,188.0,1986-11-10,0.0,24.9,28.6,
TH000048431,"NAKHON RATCHASIMA, TH",14.967,102.083,188.0,1986-11-11,0.0,24.0,29.4,18.2
TH000048431,"NAKHON RATCHASIMA, TH",14.967,102.083,188.0,1986-11-12,0.0,26.7,31.3,20.3
TH000048431,"NAKHON RATCHASIMA, TH",14.967,102.083,188.0,1986-11-13,0.0,26.9,30.9,23.5
TH000048431,"NAKHON RATCHASIMA, TH",14.967,102.083,188.0,1986-11-14,0.0,26.2,31.0,23.2
TH000048431,"NAKHON RATCHASIMA, TH",14.967,102.083,188.0,1986-11-15,1.0,27.4,31.6,23.1
TH000048431,"NAKHON RATCHASIMA, TH",14.967,102.083,188.0,1986-11-16,0.0,26.3,30.5,
TH000048431,"NAKHON RATCHASIMA, TH",14.967,102.083,188.0,1986-11-17,0.0,25.3,30.2,
TH000048431,"NAKHON RATCHASIMA, TH",14.967,102.083,188.0,1986-11-18,0.0,25.1,30.0,
TH000048431,"NAKHON RATCHASIMA, TH",14.967,102.083,188.0,1986-11-19,0.0,24.4,29.3,19.2
TH000048431,"NAKHON RATCHASIMA, TH",14.967,102.083,188.0,1986-11-20,0.0,24.5,29.1,19.1
TH000048431,"NAKHON RATCHASIMA, TH",14.967,102.083,188.0,1986-11-21,0.0,24.0,28.5,19.5
TH000048431,"NAKHON RATCHASIMA, TH",14.967,102.083,188.0,1986-11-22,0.0,23.9,29.3,18.4
TH000048431,"NAKHON RATCHASIMA, TH",14.967,102.083,188.0,1986-11-23,0.0,23.3,28.7,
TH000048431,"NAKHON RATCHASIMA, TH",14.967,102.083,188.0,1986-11-24,0.0,23.2,28.6,17.5
TH000048431,"NAKHON RATCHASIMA, TH",14.967,102.083,188.0,1986-11-25,,23.8,28.0,17.0
TH000048431,"NAKHON RATCHASIMA, TH",14.967,102.083,188.0,1986-11-26,0.0,24.8,28.8,19.7
TH000048431,"NAKHON RATCHASIMA, TH",14.967,102.083,188.0,1986-11-27,0.0,25.3,,19.8
TH000048431,"NAKHON RATCHASIMA, TH",14.967,102.083,188.0,1986-11-28,0.0,25.2,29.5,
TH000048431,"NAKHON RATCHASIMA, TH",14.967,102.083,188.0,1986-11-29,0.0,23.2,26.4,
TH000048431,"NAKHON RATCHASIMA, TH",14.967,102.083,188.0,1986-11-30,,23.5,,
TH000048431,"NAKHON RATCHASIMA, TH",14.967,102.083,188.0,1986-12-01,0.0,21.4,26.4,16.0
TH000048431,"NAKHON RATCHASIMA, TH",14.967,102.083,188.0,1986-12-02,0.0,24.4,29.2,16.9
TH000048431,"NAKHON RATCHASIMA, TH",14.967,102.083,188.0,1986-12-03,,22.9,27.2,
TH000048431,"NAKHON RATCHASIMA, TH",14.967,102.083,188.0,1986-12-04,1.0,20.2,21.9,19.0
TH000048431,"NAKHON RATCHASIMA, TH",14.967,102.083,188.0,1986-12-05,1.0,21.3,24.4,18.9
TH000048431,"NAKHON RATCHASIMA, TH",14.967,102.083,188.0,1986-12-06,0.0,25.8,30.2,18.5
TH000048431,"NAKHON RATCHASIMA, TH",14.967,102.083,188.0,1986-12-07,0.0,26.3,30.8,21.4
TH000048431,"NAKHON RATCHASIMA, TH",14.967,102.083,188.0,1986-12-08,0.0,25.5,,
TH000048431,"NAKHON RATCHASIMA, TH",14.967,102.083,188.0,1986-12-09,0.0,24.1,29.5,19.3
TH000048431,"NAKHON RATCHASIMA, TH",14.967,102.083,188.0,1986-12-10,0.0,23.1,28.3,
TH000048431,"NAKHON RATCHASIMA, TH",14.967,102.083,188.0,1986-12-11,0.0,21.0,27.5,
TH000048431,"NAKHON RATCHASIMA, TH",14.967,102.083,188.0,1986-12-12,0.0,20.9,28.1,14.7
TH000048431,"NAKHON RATCHASIMA, TH",14.967,102.083,188.0,1986-12-13,0.0,24.2,30.5,14.4
TH000048431,"NAKHON RATCHASIMA, TH",14.967,102.083,188.0,1986-12-14,0.0,23.1,31.0,15.0
TH000048431,"NAKHON RATCHASIMA, TH",14.967,102.083,188.0,1986-12-15,0.0,23.2,31.3,15.5
TH000048431,"NAKHON RATCHASIMA, TH",14.967,102.083,188.0,1986-12-16,0.0,20.2,31.4,15.9
TH000048431,"NAKHON RATCHASIMA, TH",14.967,102.083,188.0,1986-12-17,0.0,23.6,31.2,15.8
TH000048431,"NAKHON RATCHASIMA, TH",14.967,102.083,188.0,1986-12-18,0.0,25.4,32.1,17.3
TH000048431,"NAKHON RATCHASIMA, TH",14.967,102.083,188.0,1986-12-19,0.0,25.2,31.2,
TH000048431,"NAKHON RATCHASIMA, TH",14.967,102.083,188.0,1986-12-20,0.0,23.5,29.4,
TH000048431,"NAKHON RATCHASIMA, TH",14.967,102.083,188.0,1986-12-21,0.0,24.8,29.5,17.2
TH000048431,"NAKHON RATCHASIMA, TH",14.967,102.083,188.0,1986-12-22,0.0,22.6,28.0,17.6
TH000048431,"NAKHON RATCHASIMA, TH",14.967,102.083,188.0,1986-12-23,0.0,21.7,,
TH000048431,"NAKHON RATCHASIMA, TH",14.967,102.083,188.0,1986-12-24,0.0,23.0,29.6,15.5
TH000048431,"NAKHON RATCHASIMA, TH",14.967,102.083,188.0,1986-12-25,0.0,23.7,30.7,
TH000048431,"NAKHON RATCHASIMA, TH",14.967,102.083,188.0,1986-12-26,0.0,24.9,30.0,17.5
TH000048431,"NAKHON RATCHASIMA, TH",14.967,102.083,188.0,1986-12-27,0.0,25.6,30.5,
TH000048431,"NAKHON RATCHASIMA, TH",14.967,102.083,188.0,1986-12-28,0.0,24.7,30.0,
TH000048431,"NAKHON RATCHASIMA, TH",14.967,102.083,188.0,1986-12-29,0.0,23.9,29.9,18.2
TH000048431,"NAKHON RATCHASIMA, TH",14.967,102.083,188.0,1986-12-30,0.0,24.8,31.8,17.8
TH000048431,"NAKHON RATCHASIMA, TH",14.967,102.083,188.0,1986-12-31,0.0,25.8,32.7,18.9
TH000048431,"NAKHON RATCHASIMA, TH",14.967,102.083,188.0,1987-01-01,0.0,27.6,33.0,
TH000048431,"NAKHON RATCHASIMA, TH",14.967,102.083,188.0,1987-01-02,0.0,27.0,33.1,21.9
TH000048431,"NAKHON RATCHASIMA, TH",14.967,102.083,188.0,1987-01-03,0.0,28.4,34.3,21.5
TH000048431,"NAKHON RATCHASIMA, TH",14.967,102.083,188.0,1987-01-04,0.0,28.1,34.5,23.0
TH000048431,"NAKHON RATCHASIMA, TH",14.967,102.083,188.0,1987-01-05,0.0,28.1,33.5,
TH000048431,"NAKHON RATCHASIMA, TH",14.967,102.083,188.0,1987-01-06,0.0,26.6,31.3,21.4
TH000048431,"NAKHON RATCHASIMA, TH",14.967,102.083,188.0,1987-01-07,0.0,24.4,30.4,19.3
TH000048431,"NAKHON RATCHASIMA, TH",14.967,102.083,188.0,1987-01-08,0.0,23.3,28.8,
TH000048431,"NAKHON RATCHASIMA, TH",14.967,102.083,188.0,1987-01-09,0.0,22.2,29.0,16.6
TH000048431,"NAKHON RATCHASIMA, TH",14.967,102.083,188.0,1987-01-10,0.0,22.8,30.6,16.0
TH000048431,"NAKHON RATCHASIMA, TH",14.967,102.083,188.0,1987-01-11,0.0,24.7,31.5,16.0
TH000048431,"NAKHON RATCHASIMA, TH",14.967,102.083,188.0,1987-01-12,0.0,24.3,29.4,19.1
TH000048431,"NAKHON RATCHASIMA, TH",14.967,102.083,188.0,1987-01-13,0.0,21.1,26.7,
TH000048431,"NAKHON RATCHASIMA, TH",14.967,102.083,188.0,1987-01-14,0.0,21.9,,
TH000048431,"NAKHON RATCHASIMA, TH",14.967,102.083,188.0,1987-01-15,0.0,21.9,,14.4
TH000048431,"NAKHON RATCHASIMA, TH",14.967,102.083,188.0,1987-01-16,0.0,23.0,30.5,14.7
TH000048431,"NAKHON RATCHASIMA, TH",14.967,102.083,188.0,1987-01-17,0.0,22.9,30.4,
TH000048431,"NAKHON RATCHASIMA, TH",14.967,102.083,188.0,1987-01-18,0.0,23.2,31.0,15.0
TH000048431,"NAKHON RATCHASIMA, TH",14.967,102.083,188.0,1987-01-19,0.0,25.7,31.9,
TH000048431,"NAKHON RATCHASIMA, TH",14.967,102.083,188.0,1987-01-20,0.0,26.1,31.3,
TH000048431,"NAKHON RATCHASIMA, TH",14.967,102.083,188.0,1987-01-21,0.0,25.3,32.8,18.0
TH000048431,"NAKHON RATCHASIMA, TH",14.967,102.083,188.0,1987-01-22,0.0,27.1,34.3,19.0
TH000048431,"NAKHON RATCHASIMA, TH",14.967,102.083,188.0,1987-01-23,0.0,26.1,32.6,18.4
TH000048431,"NAKHON RATCHASIMA, TH",14.967,102.083,188.0,1987-01-24,0.0,24.8,31.3,18.4
TH000048431,"NAKHON RATCHASIMA, TH",14.967,102.083,188.0,1987-01-25,0.0,24.3,29.9,18.5
TH000048431,"NAKHON RATCHASIMA, TH",14.967,102.083,188.0,1987-01-26,0.0,23.3,27.2,
TH000048431,"NAKHON RATCHASIMA, TH",14.967,102.083,188.0,1987-01-27,0.0,21.8,26.7,17.0
TH000048431,"NAKHON RATCHASIMA, TH",14.967,102.083,188.0,1987-01-28,0.0,20.6,27.0,15.6
TH000048431,"NAKHON RATCHASIMA, TH",14.967,102.083,188.0,1987-01-29,0.0,20.6,29.0,14.7
TH000048431,"NAKHON RATCHASIMA, TH",14.967,102.083,188.0,1987-01-30,0.0,23.8,31.0,
TH000048431,"NAKHON RATCHASIMA, TH",14.967,102.083,188.0,1987-01-31,0.0,23.5,30.8,16.6
TH000048431,"NAKHON RATCHASIMA, TH",14.967,102.083,188.0,1987-02-01,0.0,23.3,30.9,16.0
TH000048431,"NAKHON RATCHASIMA, TH",14.967,102.083,188.0,1987-02-02,0.0,23.9,30.3,15.8
TH000048431,"NAKHON RATCHASIMA, TH",14.967,102.083,188.0,1987-02-03,0.0,23.5,30.1,17.7
TH000048431,"NAKHON RATCHASIMA, TH",14.967,102.083,188.0,1987-02-04,0.0,23.9,28.2,
TH000048431,"NAKHON RATCHASIMA, TH",14.967,102.083,188.0,1987-02-05,0.0,21.4,28.2,15.2
TH000048431,"NAKHON RATCHASIMA, TH",14.967,102.083,188.0,1987-02-06,0.0,23.7,30.9,15.6
TH000048431,"NAKHON RATCHASIMA, TH",14.967,102.083,188.0,1987-02-07,0.0,25.3,32.0,17.0
TH000048431,"NAKHON RATCHASIMA, TH",14.967,102.083,188.0,1987-02-08,0.0,24.7,31.6,
TH000048431,"NAKHON RATCHASIMA, TH",14.967,102.083,188.0,1987-02-09,0.0,25.6,32.9,17.9
TH000048431,"NAKHON RATCHASIMA, TH",14.967,102.083,188.0,1987-02-10,0.0,27.7,34.9,18.7
TH000048431,"NAKHON RATCHASIMA, TH",14.967,102.083,188.0,1987-02-11,0.0,27.5,33.8,22.0
TH000048431,"NAKHON RATCHASIMA, TH",14.967,102.083,188.0,1987-02-12,0.0,27.8,35.6,20.1
TH000048431,"NAKHON RATCHASIMA, TH",14.967,102.083,188.0,1987-02-13,0.0,27.9,35.4,19.0
TH000048431,"NAKHON RATCHASIMA, TH",14.967,102.083,188.0,1987-02-14,0.0,28.2,35.4,22.5
TH000048431,"NAKHON RATCHASIMA, TH",14.967,102.083,188.0,1987-02-15,0.0,28.8,34.8,24.4
TH000048431,"NAKHON RATCHASIMA, TH",14.967,102.083,188.0,1987-02-16,0.0,29.0,33.9,24.8
TH000048431,"NAKHON RATCHASIMA, TH",14.967,102.083,188.0,1987-02-17,0.0,29.2,35.9,24.2
TH000048431,"NAKHON RATCHASIMA, TH",14.967,102.083,188.0,1987-02-18,0.0,29.7,36.3,23.5
TH000048431,"NAKHON RATCHASIMA, TH",14.967,102.083,188.0,1987-02-19,0.0,29.6,36.1,22.5
TH000048431,"NAKHON RATCHASIMA, TH",14.967,102.083,188.0,1987-02-20,0.0,29.2,35.5,23.2
TH000048431,"NAKHON RATCHASIMA, TH",14.967,102.083,188.0,1987-02-21,0.0,29.8,35.4,
TH000048431,"NAKHON RATCHASIMA, TH",14.967,102.083,188.0,1987-02-22,0.0,28.9,35.0,23.4
TH000048431,"NAKHON RATCHASIMA, TH",14.967,102.083,188.0,1987-02-23,0.0,29.2,35.3,23.5
TH000048431,"NAKHON RATCHASIMA, TH",14.967,102.083,188.0,1987-02-24,0.0,29.2,35.8,23.7
TH000048431,"NAKHON RATCHASIMA, TH",14.967,102.083,188.0,1987-02-25,0.0,29.0,35.3,24.0
TH000048431,"NAKHON RATCHASIMA, TH",14.967,102.083,188.0,1987-02-26,0.0,29.3,36.3,23.3
TH000048431,"NAKHON RATCHASIMA, TH",14.967,102.083,188.0,1987-02-27,0.0,28.8,36.1,22.5
TH000048431,"NAKHON RATCHASIMA, TH",14.967,102.083,188.0,1987-02-28,0.0,20.2,22.5,
TH000048431,"NAKHON RATCHASIMA, TH",14.967,102.083,188.0,1987-03-01,0.0,23.9,27.2,17.7
TH000048431,"NAKHON RATCHASIMA, TH",14.967,102.083,188.0,1987-03-02,5.1,23.6,27.5,20.0
TH000048431,"NAKHON RATCHASIMA, TH",14.967,102.083,188.0,1987-03-03,5.1,22.3,26.8,
TH000048431,"NAKHON RATCHASIMA, TH",14.967,102.083,188.0,1987-03-04,0.0,26.0,31.5,19.3
TH000048431,"NAKHON RATCHASIMA, TH",14.967,102.083,188.0,1987-03-05,0.0,25.7,32.5,
TH000048431,"NAKHON RATCHASIMA, TH",14.967,102.083,188.0,1987-03-06,1.0,26.6,,20.5
TH000048431,"NAKHON RATCHASIMA, TH",14.967,102.083,188.0,1987-03-07,0.0,29.2,,21.5
TH000048431,"NAKHON RATCHASIMA, TH",14.967,102.083,188.0,1987-03-08,0.0,29.2,36.5,23.7
TH000048431,"NAKHON RATCHASIMA, TH",14.967,102.083,188.0,1987-03-09,0.0,29.3,37.8,23.5
TH000048431,"NAKHON RATCHASIMA, TH",14.967,102.083,188.0,1987-03-10,0.0,30.0,38.2,23.0
TH000048431,"NAKHON RATCHASIMA, TH",14.967,102.083,188.0,1987-03-11,0.0,30.9,37.6,24.4
TH000048431,"NAKHON RATCHASIMA, TH",14.967,102.083,188.0,1987-03-12,0.0,28.8,38.1,24.2
TH000048431,"NAKHON RATCHASIMA, TH",14.967,102.083,188.0,1987-03-13,0.0,30.2,37.4,24.0
TH000048431,"NAKHON RATCHASIMA, TH",14.967,102.083,188.0,1987-03-14,,29.7,37.5,
TH000048431,"NAKHON RATCHASIMA, TH",14.967,102.083,188.0,1987-03-15,0.5,29.4,38.5,
TH000048431,"NAKHON RATCHASIMA, TH",14.967,102.083,188.0,1987-03-16,0.0,29.6,37.4,21.2
TH000048431,"NAKHON RATCHASIMA, TH",14.967,102.083,188.0,1987-03-17,0.0,29.8,37.5,23.9
TH000048431,"NAKHON RATCHASIMA, TH",14.967,102.083,188.0,1987-03-18,0.0,29.4,38.0,24.4
TH000048431,"NAKHON RATCHASIMA, TH",14.967,102.083,188.0,1987-03-19,0.0,29.4,37.7,22.3
TH000048431,"NAKHON RATCHASIMA, TH",14.967,102.083,188.0,1987-03-20,0.0,31.4,38.8,22.1
TH000048431,"NAKHON RATCHASIMA, TH",14.967,102.083,188.0,1987-03-21,0.0,30.6,39.5,22.3
TH000048431,"NAKHON RATCHASIMA, TH",14.967,102.083,188.0,1987-03-22,0.0,30.7,39.2,20.7
TH000048431,"NAKHON RATCHASIMA, TH",14.967,102.083,188.0,1987-03-23,0.0,30.9,39.0,22.4
TH000048431,"NAKHON RATCHASIMA, TH",14.967,102.083,188.0,1987-03-24,0.0,30.9,38.9,21.8
TH000048431,"NAKHON RATCHASIMA, TH",14.967,102.083,188.0,1987-03-25,0.0,31.4,38.5,24.4
TH000048431,"NAKHON RATCHASIMA, TH",14.967,102.083,188.0,1987-03-26,0.0,30.4,37.3,
TH000048431,"NAKHON RATCHASIMA, TH",14.967,102.083,188.0,1987-03-27,5.1,25.9,27.9,24.8
TH000048431,"NAKHON RATCHASIMA, TH",14.967,102.083,188.0,1987-03-28,0.0,29.3,35.7,
TH000048431,"NAKHON RATCHASIMA, TH",14.967,102.083,188.0,1987-03-29,0.0,27.7,35.8,
TH000048431,"NAKHON RATCHASIMA, TH",14.967,102.083,188.0,1987-03-30,0.0,29.5,36.2,22.3
TH000048431,"NAKHON RATCHASIMA, TH",14.967,102.083,188.0,1987-03-31,0.0,29.6,36.8,22.7
TH000048431,"NAKHON RATCHASIMA, TH",14.967,102.083,188.0,1987-04-01,0.0,30.3,37.3,24.3
TH000048431,"NAKHON RATCHASIMA, TH",14.967,102.083,188.0,1987-04-02,0.0,31.2,37.8,25.5
TH000048431,"NAKHON RATCHASIMA, TH",14.967,102.083,188.0,1987-04-03,0.0,30.6,38.4,23.8
TH000048431,"NAKHON RATCHASIMA, TH",14.967,102.083,188.0,1987-04-04,0.5,31.3,38.6,24.1
TH000048431,"NAKHON RATCHASIMA, TH",14.967,102.083,188.0,1987-04-05,0.0,31.8,38.8,25.7
TH000048431,"NAKHON RATCHASIMA, TH",14.967,102.083,188.0,1987-04-06,0.0,31.4,39.3,24.2
TH000048431,"NAKHON RATCHASIMA, TH",14.967,102.083,188.0,1987-04-07,0.0,30.6,38.2,23.5
TH000048431,"NAKHON RATCHASIMA, TH",14.967,102.083,188.0,1987-04-08,0.0,28.3,35.0,
TH000048431,"NAKHON RATCHASIMA, TH",14.967,102.083,188.0,1987-04-09,14.0,29.4,36.0,23.2
TH000048431,"NAKHON RATCHASIMA, TH",14.967,102.083,188.0,1987-04-10,0.0,30.4,37.0,24.4
TH000048431,"NAKHON RATCHASIMA, TH",14.967,102.083,188.0,1987-04-11,0.0,31.8,38.7,24.0
TH000048431,"NAKHON RATCHASIMA, TH",14.967,102.083,188.0,1987-04-12,0.0,30.9,38.9,24.4
TH000048431,"NAKHON RATCHASIMA, TH",14.967,102.083,188.0,1987-04-13,0.0,32.9,40.5,26.3
TH000048431,"NAKHON RATCHASIMA, TH",14.967,102.083,188.0,1987-04-14,0.0,32.0,38.8,27.7
TH000048431,"NAKHON RATCHASIMA, TH",14.967,102.083,188.0,1987-04-15,0.0,27.0,35.4,
TH000048431,"NAKHON RATCHASIMA, TH",14.967,102.083,188.0,1987-04-16,0.0,28.5,32.5,24.3
TH000048431,"NAKHON RATCHASIMA, TH",14.967,102.083,188.0,1987-04-17,0.0,29.2,35.2,24.6
TH000048431,"NAKHON RATCHASIMA, TH",14.967,102.083,188.0,1987-04-18,0.0,30.3,37.4,23.2
TH000048431,"NAKHON RATCHASIMA, TH",14.967,102.083,188.0,1987-04-19,0.0,31.0,38.5,
TH000048431,"NAKHON RATCHASIMA, TH",14.967,102.083,188.0,1987-04-20,0.0,32.2,38.3,25.7
TH000048431,"NAKHON RATCHASIMA, TH",14.967,102.083,188.0,1987-04-21,0.0,32.4,39.6,26.1
TH000048431,"NAKHON RATCHASIMA, TH",14.967,102.083,188.0,1987-04-22,0.0,28.8,37.3,25.6
TH000048431,"NAKHON RATCHASIMA, TH",14.967,102.083,188.0,1987-04-23,0.0,30.2,37.7,24.6
TH000048431,"NAKHON RATCHASIMA, TH",14.967,102.083,188.0,1987-04-24,19.1,30.6,38.4,25.4
TH000048431,"NAKHON RATCHASIMA, TH",14.967,102.083,188.0,1987-04-25,0.0,31.4,37.2,
TH000048431,"NAKHON RATCHASIMA, TH",14.967,102.083,188.0,1987-04-26,0.0,30.5,38.4,23.3
TH000048431,"NAKHON RATCHASIMA, TH",14.967,102.083,188.0,1987-04-27,0.0,29.3,34.1,
TH000048431,"NAKHON RATCHASIMA, TH",14.967,102.083,188.0,1987-04-28,0.0,30.8,36.6,25.4
TH000048431,"NAKHON RATCHASIMA, TH",14.967,102.083,188.0,1987-04-29,,29.9,37.6,
TH000048431,"NAKHON RATCHASIMA, TH",14.967,102.083,188.0,1987-04-30,13.0,28.8,34.6,23.0
TH000048431,"NAKHON RATCHASIMA, TH",14.967,102.083,188.0,1987-05-01,1.0,28.9,35.0,
TH000048431,"NAKHON RATCHASIMA, TH",14.967,102.083,188.0,1987-05-02,4.1,31.5,37.4,24.8
TH000048431,"NAKHON RATCHASIMA, TH",14.967,102.083,188.0,1987-05-03,0.0,31.1,38.0,26.3
TH000048431,"NAKHON RATCHASIMA, TH",14.967,102.083,188.0,1987-05-04,0.0,28.7,35.6,
TH000048431,"NAKHON RATCHASIMA, TH",14.967,102.083,188.0,1987-05-05,7.9,27.5,33.0,24.5
TH000048431,"NAKHON RATCHASIMA, TH",14.967,102.083,188.0,1987-05-06,2.0,27.3,35.1,25.0
TH000048431,"NAKHON RATCHASIMA, TH",14.967,102.083,188.0,1987-05-07,2.0,28.3,,24.3
TH000048431,"NAKHON RATCHASIMA, TH",14.967,102.083,188.0,1987-05-08,1.0,29.0,36.0,24.5
TH000048431,"NAKHON RATCHASIMA, TH",14.967,102.083,188.0,1987-05-09,0.0,26.6,34.0,
TH000048431,"NAKHON RATCHASIMA, TH",14.967,102.083,188.0,1987-05-10,54.1,27.8,33.8,23.5
TH000048431,"NAKHON RATCHASIMA, TH",14.967,102.083,188.0,1987-05-11,11.9,27.5,34.4,
TH000048431,"NAKHON RATCHASIMA, TH",14.967,102.083,188.0,1987-05-12,0.0,29.7,35.8,24.4
TH000048431,"NAKHON RATCHASIMA, TH",14.967,102.083,188.0,1987-05-13,0.0,30.6,,24.9
TH000048431,"NAKHON RATCHASIMA, TH",14.967,102.083,188.0,1987-05-14,0.0,27.3,33.3,23.1
TH000048431,"NAKHON RATCHASIMA, TH",14.967,102.083,188.0,1987-05-15,0.0,29.0,34.9,23.6
TH000048431,"NAKHON RATCHASIMA, TH",14.967,102.083,188.0,1987-05-16,0.0,30.8,36.7,24.9
TH000048431,"NAKHON RATCHASIMA, TH",14.967,102.083,188.0,1987-05-17,0.0,31.3,37.4,25.5
TH000048431,"NAKHON RATCHASIMA, TH",14.967,102.083,188.0,1987-05-18,0.0,31.7,37.8,26.2
TH000048431,"NAKHON RATCHASIMA, TH",14.967,102.083,188.0,1987-05-19,0.0,30.7,35.7,26.5
TH000048431,"NAKHON RATCHASIMA, TH",14.967,102.083,188.0,1987-05-20,,29.9,37.7,26.0
TH000048431,"NAKHON RATCHASIMA, TH",14.967,102.083,188.0,1987-05-21,11.9,31.1,37.0,25.6
TH000048431,"NAKHON RATCHASIMA, TH",14.967,102.083,188.0,1987-05-22,0.0,32.3,38.2,26.3
TH000048431,"NAKHON RATCHASIMA, TH",14.967,102.083,188.0,1987-05-23,0.0,31.7,38.2,26.0
TH000048431,"NAKHON RATCHASIMA, TH",14.967,102.083,188.0,1987-05-24,0.0,31.9,38.2,26.4
TH000048431,"NAKHON RATCHASIMA, TH",14.967,102.083,188.0,1987-05-25,0.0,31.6,,27.2
TH000048431,"NAKHON RATCHASIMA, TH",14.967,102.083,188.0,1987-05-26,3.0,29.9,35.6,
TH000048431,"NAKHON RATCHASIMA, TH",14.967,102.083,188.0,1987-05-27,0.0,30.8,36.3,25.0
TH000048431,"NAKHON RATCHASIMA, TH",14.967,102.083,188.0,1987-05-28,0.0,27.5,36.7,
TH000048431,"NAKHON RATCHASIMA, TH",14.967,102.083,188.0,1987-05-29,10.9,26.4,33.4,24.2
TH000048431,"NAKHON RATCHASIMA, TH",14.967,102.083,188.0,1987-05-30,15.0,28.6,32.1,24.1
TH000048431,"NAKHON RATCHASIMA, TH",14.967,102.083,188.0,1987-05-31,0.3,27.9,33.5,24.5
TH000048431,"NAKHON RATCHASIMA, TH",14.967,102.083,188.0,1987-06-01,6.1,29.9,34.0,24.4
TH000048431,"NAKHON RATCHASIMA, TH",14.967,102.083,188.0,1987-06-02,0.0,28.3,34.8,
TH000048431,"NAKHON RATCHASIMA, TH",14.967,102.083,188.0,1987-06-03,4.1,27.7,33.5,25.4
TH000048431,"NAKHON RATCHASIMA, TH",14.967,102.083,188.0,1987-06-04,0.0,28.1,33.5,25.2
TH000048431,"NAKHON RATCHASIMA, TH",14.967,102.083,188.0,1987-06-05,10.9,29.1,34.1,25.3
TH000048431,"NAKHON RATCHASIMA, TH",14.967,102.083,188.0,1987-06-06,3.0,28.6,33.3,
TH000048431,"NAKHON RATCHASIMA, TH",14.967,102.083,188.0,1987-06-07,1.0,28.7,33.5,
TH000048431,"NAKHON RATCHASIMA, TH",14.967,102.083,188.0,1987-06-08,17.0,28.1,32.7,23.9
TH000048431,"NAKHON RATCHASIMA, TH",14.967,102.083,188.0,1987-06-09,0.0,28.2,31.5,25.9
TH000048431,"NAKHON RATCHASIMA, TH",14.967,102.083,188.0,1987-06-10,0.0,30.0,34.6,25.6
TH000048431,"NAKHON RATCHASIMA, TH",14.967,102.083,188.0,1987-06-11,0.0,30.2,35.3,
TH000048431,"NAKHON RATCHASIMA, TH",14.967,102.083,188.0,1987-06-12,0.0,32.0,,25.5
TH000048431,"NAKHON RATCHASIMA, TH",14.967,102.083,188.0,1987-06-13,1.0,31.3,35.2,24.8
TH000048431,"NAKHON RATCHASIMA, TH",14.967,102.083,188.0,1987-06-14,0.0,28.4,34.5,25.5
TH000048431,"NAKHON RATCHASIMA, TH",14.967,102.083,188.0,1987-06-15,1.0,29.4,34.3,25.9
TH000048431,"NAKHON RATCHASIMA, TH",14.967,102.083,188.0,1987-06-16,0.0,28.8,32.7,25.5
TH000048431,"NAKHON RATCHASIMA, TH",14.967,102.083,188.0,1987-06-17,0.0,28.9,34.2,25.4
TH000048431,"NAKHON RATCHASIMA, TH",14.967,102.083,188.0,1987-06-18,6.1,29.8,35.5,25.5
TH000048431,"NAKHON RATCHASIMA, TH",14.967,102.083,188.0,1987-06-19,0.0,28.2,33.8,
TH000048431,"NAKHON RATCHASIMA, TH",14.967,102.083,188.0,1987-06-20,3.0,27.4,32.0,25.3
TH000048431,"NAKHON RATCHASIMA, TH",14.967,102.083,188.0,1987-06-21,5.1,28.1,30.6,25.5
TH000048431,"NAKHON RATCHASIMA, TH",14.967,102.083,188.0,1987-06-22,0.5,29.2,32.7,25.0
TH000048431,"NAKHON RATCHASIMA, TH",14.967,102.083,188.0,1987-06-23,0.0,30.2,35.8,24.4
TH000048431,"NAKHON RATCHASIMA, TH",14.967,102.083,188.0,1987-06-24,0.0,30.4,36.3,25.5
TH000048431,"NAKHON RATCHASIMA, TH",14.967,102.083,188.0,1987-06-25,0.0,31.1,36.3,
TH000048431,"NAKHON RATCHASIMA, TH",14.967,102.083,188.0,1987-06-26,0.0,30.8,35.9,24.8
TH000048431,"NAKHON RATCHASIMA, TH",14.967,102.083,188.0,1987-06-27,0.0,31.0,36.9,25.6
TH000048431,"NAKHON RATCHASIMA, TH",14.967,102.083,188.0,1987-06-28,0.0,32.3,37.2,25.4
TH000048431,"NAKHON RATCHASIMA, TH",14.967,102.083,188.0,1987-06-29,0.0,31.5,36.9,26.5
TH000048431,"NAKHON RATCHASIMA, TH",14.967,102.083,188.0,1987-06-30,0.0,30.2,,26.1
TH000048431,"NAKHON RATCHASIMA, TH",14.967,102.083,188.0,1987-07-01,0.5,28.8,33.7,26.2
TH000048431,"NAKHON RATCHASIMA, TH",14.967,102.083,188.0,1987-07-02,0.0,29.6,33.4,
TH000048431,"NAKHON RATCHASIMA, TH",14.967,102.083,188.0,1987-07-03,0.0,30.4,35.7,26.5
TH000048431,"NAKHON RATCHASIMA, TH",14.967,102.083,188.0,1987-07-04,0.5,26.2,29.4,
TH000048431,"NAKHON RATCHASIMA, TH",14.967,102.083,188.0,1987-07-05,2.0,27.9,32.4,23.7
TH000048431,"NAKHON RATCHASIMA, TH",14.967,102.083,188.0,1987-07-06,0.0,27.7,33.2,24.0
TH000048431,"NAKHON RATCHASIMA, TH",14.967,102.083,188.0,1987-07-07,15.0,27.0,32.3,24.0
TH000048431,"NAKHON RATCHASIMA, TH",14.967,102.083,188.0,1987-07-08,0.0,28.3,33.7,24.0
TH000048431,"NAKHON RATCHASIMA, TH",14.967,102.083,188.0,1987-07-09,0.0,28.8,32.8,25.1
TH000048431,"NAKHON RATCHASIMA, TH",14.967,102.083,188.0,1987-07-10,0.0,28.8,34.2,
TH000048431,"NAKHON RATCHASIMA, TH",14.967,102.083,188.0,1987-07-11,17.0,29.4,34.1,25.3
TH000048431,"NAKHON RATCHASIMA, TH",14.967,102.083,188.0,1987-07-12,0.0,30.5,35.8,25.8
TH000048431,"NAKHON RATCHASIMA, TH",14.967,102.083,188.0,1987-07-13,0.0,30.2,35.2,25.7
TH000048431,"NAKHON RATCHASIMA, TH",14.967,102.083,188.0,1987-07-14,0.0,29.1,32.2,26.5
TH000048431,"NAKHON RATCHASIMA, TH",14.967,102.083,188.0,1987-07-15,0.0,29.1,33.5,25.5
TH000048431,"NAKHON RATCHASIMA, TH",14.967,102.083,188.0,1987-07-16,0.0,29.6,35.3,
TH000048431,"NAKHON RATCHASIMA, TH",14.967,102.083,188.0,1987-07-17,0.0,30.0,36.0,26.5
TH000048431,"NAKHON RATCHASIMA, TH",14.967,102.083,188.0,1987-07-18,0.0,30.2,35.5,25.8
TH000048431,"NAKHON RATCHASIMA, TH",14.967,102.083,188.0,1987-07-19,1.0,30.7,35.7,25.5
TH000048431,"NAKHON RATCHASIMA, TH",14.967,102.083,188.0,1987-07-20,0.0,31.2,36.4,26.5
TH000048431,"NAKHON RATCHASIMA, TH",14.967,102.083,188.0,1987-07-21,0.0,30.3,37.1,26.0
TH000048431,"NAKHON RATCHASIMA, TH",14.967,102.083,188.0,1987-07-22,0.0,31.2,37.1,26.5
TH000048431,"NAKHON RATCHASIMA, TH",14.967,102.083,188.0,1987-07-23,0.0,27.9,36.0,
TH000048431,"NAKHON RATCHASIMA, TH",14.967,102.083,188.0,1987-07-24,20.1,27.7,35.7,24.5
TH000048431,"NAKHON RATCHASIMA, TH",14.967,102.083,188.0,1987-07-25,0.0,30.3,36.2,24.2
TH000048431,"NAKHON RATCHASIMA, TH",14.967,102.083,188.0,1987-07-26,0.0,30.3,36.1,24.8
TH000048431,"NAKHON RATCHASIMA, TH",14.967,102.083,188.0,1987-07-27,0.0,30.2,36.2,25.1
TH000048431,"NAKHON RATCHASIMA, TH",14.967,102.083,188.0,1987-07-28,0.0,31.0,36.7,26.0
TH000048431,"NAKHON RATCHASIMA, TH",14.967,102.083,188.0,1987-07-29,,27.7,37.0,
TH000048431,"NAKHON RATCHASIMA, TH",14.967,102.083,188.0,1987-07-30,8.9,27.7,36.7,
TH000048431,"NAKHON RATCHASIMA, TH",14.967,102.083,188.0,1987-07-31,9.9,27.7,32.1,23.8
TH000048431,"NAKHON RATCHASIMA, TH",14.967,102.083,188.0,1987-08-01,0.0,28.8,34.1,24.5
TH000048431,"NAKHON RATCHASIMA, TH",14.967,102.083,188.0,1987-08-02,0.0,28.2,34.2,25.2
TH000048431,"NAKHON RATCHASIMA, TH",14.967,102.083,188.0,1987-08-03,6.1,28.4,35.2,24.6
TH000048431,"NAKHON RATCHASIMA, TH",14.967,102.083,188.0,1987-08-04,0.0,27.7,,
TH000048431,"NAKHON RATCHASIMA, TH",14.967,102.083,188.0,1987-08-05,0.0,30.3,35.0,
TH000048431,"NAKHON RATCHASIMA, TH",14.967,102.083,188.0,1987-08-06,0.0,29.4,36.2,24.9
TH000048431,"NAKHON RATCHASIMA, TH",14.967,102.083,188.0,1987-08-07,0.0,28.8,36.2,25.3
TH000048431,"NAKHON RATCHASIMA, TH",14.967,102.083,188.0,1987-08-08,3.0,30.4,36.1,24.4
TH000048431,"NAKHON RATCHASIMA, TH",14.967,102.083,188.0,1987-08-09,0.0,30.2,36.2,25.7
TH000048431,"NAKHON RATCHASIMA, TH",14.967,102.083,188.0,1987-08-10,0.0,27.7,33.6,
TH000048431,"NAKHON RATCHASIMA, TH",14.967,102.083,188.0,1987-08-11,7.1,28.1,34.7,24.5
TH000048431,"NAKHON RATCHASIMA, TH",14.967,102.083,188.0,1987-08-12,1.0,29.1,35.2,24.5
TH000048431,"NAKHON RATCHASIMA, TH",14.967,102.083,188.0,1987-08-13,30.0,29.0,34.3,23.2
TH000048431,"NAKHON RATCHASIMA, TH",14.967,102.083,188.0,1987-08-14,0.0,30.9,36.2,26.2
TH000048431,"NAKHON RATCHASIMA, TH",14.967,102.083,188.0,1987-08-15,0.0,29.7,36.0,
TH000048431,"NAKHON RATCHASIMA, TH",14.967,102.083,188.0,1987-08-16,27.9,26.6,29.5,23.1
TH000048431,"NAKHON RATCHASIMA, TH",14.967,102.083,188.0,1987-08-17,7.1,26.1,30.2,23.8
TH000048431,"NAKHON RATCHASIMA, TH",14.967,102.083,188.0,1987-08-18,2.0,26.9,32.0,24.2
TH000048431,"NAKHON RATCHASIMA, TH",14.967,102.083,188.0,1987-08-19,0.0,28.1,32.7,
TH000048431,"NAKHON RATCHASIMA, TH",14.967,102.083,188.0,1987-08-20,4.1,29.1,33.6,24.5
TH000048431,"NAKHON RATCHASIMA, TH",14.967,102.083,188.0,1987-08-21,0.0,28.9,33.0,25.0
TH000048431,"NAKHON RATCHASIMA, TH",14.967,102.083,188.0,1987-08-22,0.0,27.3,31.8,25.5
TH000048431,"NAKHON RATCHASIMA, TH",14.967,102.083,188.0,1987-08-23,6.1,26.7,28.3,
TH000048431,"NAKHON RATCHASIMA, TH",14.967,102.083,188.0,1987-08-24,0.0,25.6,29.4,
TH000048431,"NAKHON RATCHASIMA, TH",14.967,102.083,188.0,1987-08-25,4.1,26.9,30.8,23.3
TH000048431,"NAKHON RATCHASIMA, TH",14.967,102.083,188.0,1987-08-26,0.5,28.3,33.0,24.6
TH000048431,"NAKHON RATCHASIMA, TH",14.967,102.083,188.0,1987-08-27,0.0,30.7,34.7,23.8
TH000048431,"NAKHON RATCHASIMA, TH",14.967,102.083,188.0,1987-08-28,0.0,29.2,34.7,24.1
TH000048431,"NAKHON RATCHASIMA, TH",14.967,102.083,188.0,1987-08-29,0.0,29.2,34.5,24.6
TH000048431,"NAKHON RATCHASIMA, TH",14.967,102.083,188.0,1987-08-30,0.0,29.3,33.7,24.9
TH000048431,"NAKHON RATCHASIMA, TH",14.967,102.083,188.0,1987-08-31,0.0,28.8,33.9,25.3
TH000048431,"NAKHON RATCHASIMA, TH",14.967,102.083,188.0,1987-09-01,0.0,27.9,33.7,24.5
TH000048431,"NAKHON RATCHASIMA, TH",14.967,102.083,188.0,1987-09-02,0.0,28.4,34.1,
TH000048431,"NAKHON RATCHASIMA, TH",14.967,102.083,188.0,1987-09-03,3.0,28.4,33.2,24.0
TH000048431,"NAKHON RATCHASIMA, TH",14.967,102.083,188.0,1987-09-04,0.0,31.0,35.3,
TH000048431,"NAKHON RATCHASIMA, TH",14.967,102.083,188.0,1987-09-05,17.0,25.3,29.0,22.5
TH000048431,"NAKHON RATCHASIMA, TH",14.967,102.083,188.0,1987-09-06,31.0,24.8,27.8,22.5
TH000048431,"NAKHON RATCHASIMA, TH",14.967,102.083,188.0,1987-09-07,24.9,26.4,30.1,23.1
TH000048431,"NAKHON RATCHASIMA, TH",14.967,102.083,188.0,1987-09-08,0.0,28.4,33.0,23.5
TH000048431,"NAKHON RATCHASIMA, TH",14.967,102.083,188.0,1987-09-09,0.0,27.2,,
TH000048431,"NAKHON RATCHASIMA, TH",14.967,102.083,188.0,1987-09-10,,25.8,27.4,
TH000048431,"NAKHON RATCHASIMA, TH",14.967,102.083,188.0,1987-09-11,21.1,27.9,32.2,23.7
TH000048431,"NAKHON RATCHASIMA, TH",14.967,102.083,188.0,1987-09-12,5.1,28.4,32.8,
TH000048431,"NAKHON RATCHASIMA, TH",14.967,102.083,188.0,1987-09-13,0.0,28.4,32.8,24.5
TH000048431,"NAKHON RATCHASIMA, TH",14.967,102.083,188.0,1987-09-14,0.0,28.5,33.2,23.9
TH000048431,"NAKHON RATCHASIMA, TH",14.967,102.083,188.0,1987-09-15,0.0,28.0,31.8,24.2
TH000048431,"NAKHON RATCHASIMA, TH",14.967,102.083,188.0,1987-09-16,23.9,27.8,33.3,
TH000048431,"NAKHON RATCHASIMA, TH",14.967,102.083,188.0,1987-09-17,25.9,26.7,32.0,24.0
TH000048431,"NAKHON RATCHASIMA, TH",14.967,102.083,188.0,1987-09-18,91.9,25.7,29.3,23.6
TH000048431,"NAKHON RATCHASIMA, TH",14.967,102.083,188.0,1987-09-19,3.0,27.2,30.9,23.7
TH000048431,"NAKHON RATCHASIMA, TH",14.967,102.083,188.0,1987-09-20,19.1,26.3,32.5,24.3
TH000048431,"NAKHON RATCHASIMA, TH",14.967,102.083,188.0,1987-09-21,0.0,27.7,32.5,24.0
TH000048431,"NAKHON RATCHASIMA, TH",14.967,102.083,188.0,1987-09-22,0.0,27.9,32.2,24.7
TH000048431,"NAKHON RATCHASIMA, TH",14.967,102.083,188.0,1987-09-23,3.0,28.1,31.7,23.5
TH000048431,"NAKHON RATCHASIMA, TH",14.967,102.083,188.0,1987-09-24,3.0,27.7,32.0,
TH000048431,"NAKHON RATCHASIMA, TH",14.967,102.083,188.0,1987-09-25,1.0,28.4,33.5,24.6
TH000048431,"NAKHON RATCHASIMA, TH",14.967,102.083,188.0,1987-09-26,4.1,27.1,30.3,
TH000048431,"NAKHON RATCHASIMA, TH",14.967,102.083,188.0,1987-09-27,8.9,26.9,31.2,
TH000048431,"NAKHON RATCHASIMA, TH",14.967,102.083,188.0,1987-09-28,25.9,27.0,31.6,23.0
TH000048431,"NAKHON RATCHASIMA, TH",14.967,102.083,188.0,1987-09-29,0.0,28.3,33.0,24.1
TH000048431,"NAKHON RATCHASIMA, TH",14.967,102.083,188.0,1987-09-30,0.0,28.8,32.7,24.7
TH000048431,"NAKHON RATCHASIMA, TH",14.967,102.083,188.0,1987-10-01,0.0,28.1,32.4,
TH000048431,"NAKHON RATCHASIMA, TH",14.967,102.083,188.0,1987-10-02,2.0,26.6,31.7,23.9
TH000048431,"NAKHON RATCHASIMA, TH",14.967,102.083,188.0,1987-10-03,0.0,26.3,30.7,24.0
TH000048431,"NAKHON RATCHASIMA, TH",14.967,102.083,188.0,1987-10-04,53.1,27.3,32.5,23.6
TH000048431,"NAKHON RATCHASIMA, TH",14.967,102.083,188.0,1987-10-05,1.0,27.8,32.0,24.2
TH000048431,"NAKHON RATCHASIMA, TH",14.967,102.083,188.0,1987-10-06,0.0,28.3,32.6,24.3
TH000048431,"NAKHON RATCHASIMA, TH",14.967,102.083,188.0,1987-10-07,0.0,27.6,,24.6
TH000048431,"NAKHON RATCHASIMA, TH",14.967,102.083,188.0,1987-10-08,0.3,25.4,28.5,24.7
TH000048431,"NAKHON RATCHASIMA, TH",14.967,102.083,188.0,1987-10-09,16.0,25.5,30.2,
TH000048431,"NAKHON RATCHASIMA, TH",14.967,102.083,188.0,1987-10-10,0.3,27.6,31.7,23.3
TH000048431,"NAKHON RATCHASIMA, TH",14.967,102.083,188.0,1987-10-11,0.0,27.1,32.2,
TH000048431,"NAKHON RATCHASIMA, TH",14.967,102.083,188.0,1987-10-12,1.0,27.3,32.5,23.7
TH000048431,"NAKHON RATCHASIMA, TH",14.967,102.083,188.0,1987-10-13,0.0,28.9,33.4,24.3
TH000048431,"NAKHON RATCHASIMA, TH",14.967,102.083,188.0,1987-10-14,0.0,29.6,33.7,25.2
TH000048431,"NAKHON RATCHASIMA, TH",14.967,102.083,188.0,1987-10-15,0.0,28.3,32.0,
TH000048431,"NAKHON RATCHASIMA, TH",14.967,102.083,188.0,1987-10-16,0.0,29.1,33.7,24.8
TH000048431,"NAKHON RATCHASIMA, TH",14.967,102.083,188.0,1987-10-17,0.0,28.6,33.9,24.8
TH000048431,"NAKHON RATCHASIMA, TH",14.967,102.083,188.0,1987-10-18,0.0,28.3,34.0,
TH000048431,"NAKHON RATCHASIMA, TH",14.967,102.083,188.0,1987-10-19,0.0,28.3,33.4,24.0
TH000048431,"NAKHON RATCHASIMA, TH",14.967,102.083,188.0,1987-10-20,0.5,26.7,31.5,23.8
TH000048431,"NAKHON RATCHASIMA, TH",14.967,102.083,188.0,1987-10-21,9.9,26.6,32.0,
TH000048431,"NAKHON RATCHASIMA, TH",14.967,102.083,188.0,1987-10-22,7.1,28.2,32.6,22.8
TH000048431,"NAKHON RATCHASIMA, TH",14.967,102.083,188.0,1987-10-23,0.0,27.3,31.7,
TH000048431,"NAKHON RATCHASIMA, TH",14.967,102.083,188.0,1987-10-24,0.0,26.2,30.7,23.2
TH000048431,"NAKHON RATCHASIMA, TH",14.967,102.083,188.0,1987-10-25,0.0,24.6,,20.7
TH000048431,"NAKHON RATCHASIMA, TH",14.967,102.083,188.0,1987-10-26,0.0,24.3,28.5,20.0
TH000048431,"NAKHON RATCHASIMA, TH",14.967,102.083,188.0,1987-10-27,0.0,24.9,,20.4
TH000048431,"NAKHON RATCHASIMA, TH",14.967,102.083,188.0,1987-10-28,0.0,24.8,29.5,20.6
TH000048431,"NAKHON RATCHASIMA, TH",14.967,102.083,188.0,1987-10-29,0.0,26.4,31.4,20.9
TH000048431,"NAKHON RATCHASIMA, TH",14.967,102.083,188.0,1987-10-30,0.0,27.8,32.0,23.9
TH000048431,"NAKHON RATCHASIMA, TH",14.967,102.083,188.0,1987-10-31,,28.4,33.1,24.5
TH000048431,"NAKHON RATCHASIMA, TH",14.967,102.083,188.0,1987-11-01,1.0,25.8,28.5,24.1
TH000048431,"NAKHON RATCHASIMA, TH",14.967,102.083,188.0,1987-11-02,0.5,27.4,32.8,23.6
TH000048431,"NAKHON RATCHASIMA, TH",14.967,102.083,188.0,1987-11-03,0.0,27.3,30.5,24.0
TH000048431,"NAKHON RATCHASIMA, TH",14.967,102.083,188.0,1987-11-04,0.0,26.7,30.4,23.1
TH000048431,"NAKHON RATCHASIMA, TH",14.967,102.083,188.0,1987-11-05,0.0,25.2,28.1,22.8
TH000048431,"NAKHON RATCHASIMA, TH",14.967,102.083,188.0,1987-11-06,0.0,26.1,29.3,22.6
TH000048431,"NAKHON RATCHASIMA, TH",14.967,102.083,188.0,1987-11-07,0.0,26.0,30.4,
TH000048431,"NAKHON RATCHASIMA, TH",14.967,102.083,188.0,1987-11-08,4.1,24.9,27.2,22.4
TH000048431,"NAKHON RATCHASIMA, TH",14.967,102.083,188.0,1987-11-09,0.0,24.8,28.0,21.8
TH000048431,"NAKHON RATCHASIMA, TH",14.967,102.083,188.0,1987-11-10,0.0,25.6,28.9,22.0
TH000048431,"NAKHON RATCHASIMA, TH",14.967,102.083,188.0,1987-11-11,0.0,26.7,30.5,23.6
TH000048431,"NAKHON RATCHASIMA, TH",14.967,102.083,188.0,1987-11-12,23.9,25.7,30.0,22.8
TH000048431,"NAKHON RATCHASIMA, TH",14.967,102.083,188.0,1987-11-13,4.1,25.7,29.8,
TH000048431,"NAKHON RATCHASIMA, TH",14.967,102.083,188.0,1987-11-14,15.0,25.5,29.2,22.0
TH000048431,"NAKHON RATCHASIMA, TH",14.967,102.083,188.0,1987-11-15,7.1,26.5,31.0,22.3
TH000048431,"NAKHON RATCHASIMA, TH",14.967,102.083,188.0,1987-11-16,0.0,27.9,32.4,22.6
TH000048431,"NAKHON RATCHASIMA, TH",14.967,102.083,188.0,1987-11-17,0.0,27.9,32.6,22.9
TH000048431,"NAKHON RATCHASIMA, TH",14.967,102.083,188.0,1987-11-18,,26.9,32.8,
TH000048431,"NAKHON RATCHASIMA, TH",14.967,102.083,188.0,1987-11-19,4.1,25.1,28.4,22.7
TH000048431,"NAKHON RATCHASIMA, TH",14.967,102.083,188.0,1987-11-20,0.0,25.4,28.8,22.0
TH000048431,"NAKHON RATCHASIMA, TH",14.967,102.083,188.0,1987-11-21,0.0,26.8,30.6,21.7
TH000048431,"NAKHON RATCHASIMA, TH",14.967,102.083,188.0,1987-11-22,0.3,26.8,30.0,24.0
TH000048431,"NAKHON RATCHASIMA, TH",14.967,102.083,188.0,1987-11-23,0.0,27.3,31.5,23.5
TH000048431,"NAKHON RATCHASIMA, TH",14.967,102.083,188.0,1987-11-24,0.0,27.5,31.7,23.2
TH000048431,"NAKHON RATCHASIMA, TH",14.967,102.083,188.0,1987-11-25,0.0,27.4,31.8,23.1
TH000048431,"NAKHON RATCHASIMA, TH",14.967,102.083,188.0,1987-11-26,0.0,28.3,31.4,25.2
TH000048431,"NAKHON RATCHASIMA, TH",14.967,102.083,188.0,1987-11-27,0.3,27.9,31.1,24.7
TH000048431,"NAKHON RATCHASIMA, TH",14.967,102.083,188.0,1987-11-28,0.0,28.2,32.3,
TH000048431,"NAKHON RATCHASIMA, TH",14.967,102.083,188.0,1987-11-29,0.0,25.2,,
TH000048431,"NAKHON RATCHASIMA, TH",14.967,102.083,188.0,1987-11-30,0.0,22.0,,
TH000048431,"NAKHON RATCHASIMA, TH",14.967,102.083,188.0,1987-12-01,0.0,19.4,,
TH000048431,"NAKHON RATCHASIMA, TH",14.967,102.083,188.0,1987-12-02,0.0,19.8,24.0,15.0
TH000048431,"NAKHON RATCHASIMA, TH",14.967,102.083,188.0,1987-12-03,0.0,20.8,25.9,
TH000048431,"NAKHON RATCHASIMA, TH",14.967,102.083,188.0,1987-12-04,0.0,22.6,27.0,17.8
TH000048431,"NAKHON RATCHASIMA, TH",14.967,102.083,188.0,1987-12-05,0.0,20.8,26.0,
TH000048431,"NAKHON RATCHASIMA, TH",14.967,102.083,188.0,1987-12-06,0.0,18.7,22.7,14.0
TH000048431,"NAKHON RATCHASIMA, TH",14.967,102.083,188.0,1987-12-07,0.0,18.0,22.2,12.7
TH000048431,"NAKHON RATCHASIMA, TH",14.967,102.083,188.0,1987-12-08,0.0,17.6,,13.1
TH000048431,"NAKHON RATCHASIMA, TH",14.967,102.083,188.0,1987-12-09,0.0,18.6,25.2,12.2
TH000048431,"NAKHON RATCHASIMA, TH",14.967,102.083,188.0,1987-12-10,0.0,20.2,26.7,13.0
TH000048431,"NAKHON RATCHASIMA, TH",14.967,102.083,188.0,1987-12-11,0.0,22.1,27.7,14.9
TH000048431,"NAKHON RATCHASIMA, TH",14.967,102.083,188.0,1987-12-12,0.0,21.5,27.4,
TH000048431,"NAKHON RATCHASIMA, TH",14.967,102.083,188.0,1987-12-13,0.0,20.9,27.2,15.2
TH000048431,"NAKHON RATCHASIMA, TH",14.967,102.083,188.0,1987-12-14,0.0,21.4,27.8,15.0
TH000048431,"NAKHON RATCHASIMA, TH",14.967,102.083,188.0,1987-12-15,0.0,22.1,27.6,
TH000048431,"NAKHON RATCHASIMA, TH",14.967,102.083,188.0,1987-12-16,0.0,20.6,25.6,16.0
TH000048431,"NAKHON RATCHASIMA, TH",14.967,102.083,188.0,1987-12-17,0.0,19.3,25.0,14.8
TH000048431,"NAKHON RATCHASIMA, TH",14.967,102.083,188.0,1987-12-18,0.0,18.9,25.6,
TH000048431,"NAKHON RATCHASIMA, TH",14.967,102.083,188.0,1987-12-19,0.0,19.3,25.6,11.4
TH000048431,"NAKHON RATCHASIMA, TH",14.967,102.083,188.0,1987-12-20,0.0,20.2,25.5,12.9
TH000048431,"NAKHON RATCHASIMA, TH",14.967,102.083,188.0,1987-12-21,0.0,19.3,25.3,13.8
TH000048431,"NAKHON RATCHASIMA, TH",14.967,102.083,188.0,1987-12-22,0.0,19.1,25.8,13.2
TH000048431,"NAKHON RATCHASIMA, TH",14.967,102.083,188.0,1987-12-23,0.0,19.2,26.3,13.0
TH000048431,"NAKHON RATCHASIMA, TH",14.967,102.083,188.0,1987-12-24,0.0,19.7,27.0,12.6
TH000048431,"NAKHON RATCHASIMA, TH",14.967,102.083,188.0,1987-12-25,0.0,22.8,29.2,14.6
TH000048431,"NAKHON RATCHASIMA, TH",14.967,102.083,188.0,1987-12-26,0.0,24.4,28.9,19.4
TH000048431,"NAKHON RATCHASIMA, TH",14.967,102.083,188.0,1987-12-27,0.0,24.5,29.6,
TH000048431,"NAKHON RATCHASIMA, TH",14.967,102.083,188.0,1987-12-28,0.0,24.2,30.4,18.6
TH000048431,"NAKHON RATCHASIMA, TH",14.967,102.083,188.0,1987-12-29,0.0,25.7,31.5,18.4
TH000048431,"NAKHON RATCHASIMA, TH",14.967,102.083,188.0,1987-12-30,0.0,26.4,32.0,19.8
TH000048431,"NAKHON RATCHASIMA, TH",14.967,102.083,188.0,1987-12-31,0.0,23.9,29.1,18.7
TH000048431,"NAKHON RATCHASIMA, TH",14.967,102.083,188.0,1988-01-01,0.0,22.1,29.8,16.2
TH000048431,"NAKHON RATCHASIMA, TH",14.967,102.083,188.0,1988-01-02,0.0,21.8,29.0,15.1
TH000048431,"NAKHON RATCHASIMA, TH",14.967,102.083,188.0,1988-01-03,0.0,22.4,29.4,15.8
TH000048431,"NAKHON RATCHASIMA, TH",14.967,102.083,188.0,1988-01-04,0.0,24.2,30.7,16.3
TH000048431,"NAKHON RATCHASIMA, TH",14.967,102.083,188.0,1988-01-05,0.0,24.8,31.1,18.8
TH000048431,"NAKHON RATCHASIMA, TH",14.967,102.083,188.0,1988-01-06,0.0,22.8,29.1,17.4
TH000048431,"NAKHON RATCHASIMA, TH",14.967,102.083,188.0,1988-01-07,0.0,24.3,30.2,16.9
TH000048431,"NAKHON RATCHASIMA, TH",14.967,102.083,188.0,1988-01-08,0.0,24.3,29.5,17.5
TH000048431,"NAKHON RATCHASIMA, TH",14.967,102.083,188.0,1988-01-09,0.0,24.0,30.5,18.0
TH000048431,"NAKHON RATCHASIMA, TH",14.967,102.083,188.0,1988-01-10,0.0,25.7,29.9,18.5
TH000048431,"NAKHON RATCHASIMA, TH",14.967,102.083,188.0,1988-01-11,0.0,25.2,29.6,20.5
TH000048431,"NAKHON RATCHASIMA, TH",14.967,102.083,188.0,1988-01-12,0.0,24.1,29.6,
TH000048431,"NAKHON RATCHASIMA, TH",14.967,102.083,188.0,1988-01-13,0.0,23.4,28.8,16.8
TH000048431,"NAKHON RATCHASIMA, TH",14.967,102.083,188.0,1988-01-14,0.0,23.8,30.0,16.9
TH000048431,"NAKHON RATCHASIMA, TH",14.967,102.083,188.0,1988-01-15,0.0,24.9,31.6,17.5
TH000048431,"NAKHON RATCHASIMA, TH",14.967,102.083,188.0,1988-01-16,0.0,26.4,31.9,18.9
TH000048431,"NAKHON RATCHASIMA, TH",14.967,102.083,188.0,1988-01-17,0.0,25.0,30.9,19.0
TH000048431,"NAKHON RATCHASIMA, TH",14.967,102.083,188.0,1988-01-18,0.0,23.8,29.6,18.3
TH000048431,"NAKHON RATCHASIMA, TH",14.967,102.083,188.0,1988-01-19,0.0,21.8,27.5,16.5
TH000048431,"NAKHON RATCHASIMA, TH",14.967,102.083,188.0,1988-01-20,0.0,21.2,28.7,14.3
TH000048431,"NAKHON RATCHASIMA, TH",14.967,102.083,188.0,1988-01-21,0.0,23.2,31.2,14.4
TH000048431,"NAKHON RATCHASIMA, TH",14.967,102.083,188.0,1988-01-22,0.0,24.2,32.5,15.7
TH000048431,"NAKHON RATCHASIMA, TH",14.967,102.083,188.0,1988-01-23,0.0,26.4,33.4,17.4
TH000048431,"NAKHON RATCHASIMA, TH",14.967,102.083,188.0,1988-01-24,0.0,27.2,33.7,18.5
TH000048431,"NAKHON RATCHASIMA, TH",14.967,102.083,188.0,1988-01-25,0.0,27.9,34.6,20.9
TH000048431,"NAKHON RATCHASIMA, TH",14.967,102.083,188.0,1988-01-26,0.0,28.4,34.6,22.4
TH000048431,"NAKHON RATCHASIMA, TH",14.967,102.083,188.0,1988-01-27,0.0,29.8,35.3,23.4
TH000048431,"NAKHON RATCHASIMA, TH",14.967,102.083,188.0,1988-01-28,0.0,28.9,34.5,23.3
TH000048431,"NAKHON RATCHASIMA, TH",14.967,102.083,188.0,1988-01-29,0.0,28.9,35.4,23.5
TH000048431,"NAKHON RATCHASIMA, TH",14.967,102.083,188.0,1988-01-30,0.0,28.9,35.6,22.8
TH000048431,"NAKHON RATCHASIMA, TH",14.967,102.083,188.0,1988-01-31,0.0,29.6,36.2,21.5
TH000048431,"NAKHON RATCHASIMA, TH",14.967,102.083,188.0,1988-02-01,0.0,29.3,35.7,23.5
TH000048431,"NAKHON RATCHASIMA, TH",14.967,102.083,188.0,1988-02-02,0.0,28.9,35.7,23.0
TH000048431,"NAKHON RATCHASIMA, TH",14.967,102.083,188.0,1988-02-03,0.0,29.3,34.6,23.3
TH000048431,"NAKHON RATCHASIMA, TH",14.967,102.083,188.0,1988-02-04,0.0,28.2,34.7,24.0
TH000048431,"NAKHON RATCHASIMA, TH",14.967,102.083,188.0,1988-02-05,0.5,27.1,32.3,
TH000048431,"NAKHON RATCHASIMA, TH",14.967,102.083,188.0,1988-02-06,0.0,27.9,34.2,22.4
TH000048431,"NAKHON RATCHASIMA, TH",14.967,102.083,188.0,1988-02-07,0.0,29.1,,22.0
TH000048431,"NAKHON RATCHASIMA, TH",14.967,102.083,188.0,1988-02-08,0.0,29.7,36.6,23.0
TH000048431,"NAKHON RATCHASIMA, TH",14.967,102.083,188.0,1988-02-09,,27.1,32.0,24.7
TH000048431,"NAKHON RATCHASIMA, TH",14.967,102.083,188.0,1988-02-10,3.0,24.8,28.5,23.0
TH000048431,"NAKHON RATCHASIMA, TH",14.967,102.083,188.0,1988-02-11,13.0,26.1,30.4,
TH000048431,"NAKHON RATCHASIMA, TH",14.967,102.083,188.0,1988-02-12,0.0,25.4,31.0,20.9
TH000048431,"NAKHON RATCHASIMA, TH",14.967,102.083,188.0,1988-02-13,0.0,27.4,33.4,21.2
TH000048431,"NAKHON RATCHASIMA, TH",14.967,102.083,188.0,1988-02-14,,29.5,34.6,22.5
TH000048431,"NAKHON RATCHASIMA, TH",14.967,102.083,188.0,1988-02-15,0.0,26.7,32.3,23.4
TH000048431,"NAKHON RATCHASIMA, TH",14.967,102.083,188.0,1988-02-16,0.0,27.3,31.5,23.4
TH000048431,"NAKHON RATCHASIMA, TH",14.967,102.083,188.0,1988-02-17,0.0,27.8,31.5,
TH000048431,"NAKHON RATCHASIMA, TH",14.967,102.083,188.0,1988-02-18,,24.8,27.3,20.9
TH000048431,"NAKHON RATCHASIMA, TH",14.967,102.083,188.0,1988-02-19,0.0,23.5,28.6,19.0
TH000048431,"NAKHON RATCHASIMA, TH",14.967,102.083,188.0,1988-02-20,0.0,23.9,29.5,17.2
TH000048431,"NAKHON RATCHASIMA, TH",14.967,102.083,188.0,1988-02-21,0.0,24.5,30.5,
TH000048431,"NAKHON RATCHASIMA, TH",14.967,102.083,188.0,1988-02-22,0.0,25.8,32.2,17.3
TH000048431,"NAKHON RATCHASIMA, TH",14.967,102.083,188.0,1988-02-23,0.0,26.6,34.7,18.2
TH000048431,"NAKHON RATCHASIMA, TH",14.967,102.083,188.0,1988-02-24,0.0,28.4,35.8,20.2
TH000048431,"NAKHON RATCHASIMA, TH",14.967,102.083,188.0,1988-02-25,2.0,28.9,34.7,23.1
TH000048431,"NAKHON RATCHASIMA, TH",14.967,102.083,188.0,1988-02-26,0.0,28.3,34.6,22.7
TH000048431,"NAKHON RATCHASIMA, TH",14.967,102.083,188.0,1988-02-27,0.0,29.7,36.7,23.1
TH000048431,"NAKHON RATCHASIMA, TH",14.967,102.083,188.0,1988-02-28,0.0,27.9,36.9,
TH000048431,"NAKHON RATCHASIMA, TH",14.967,102.083,188.0,1988-02-29,23.9,28.8,36.3,23.0
TH000048431,"NAKHON RATCHASIMA, TH",14.967,102.083,188.0,1988-03-01,0.0,29.9,36.9,24.1
TH000048431,"NAKHON RATCHASIMA, TH",14.967,102.083,188.0,1988-03-02,0.0,28.2,36.4,
TH000048431,"NAKHON RATCHASIMA, TH",14.967,102.083,188.0,1988-03-03,0.0,28.6,36.4,24.9
TH000048431,"NAKHON RATCHASIMA, TH",14.967,102.083,188.0,1988-03-04,0.0,25.4,29.5,
TH000048431,"NAKHON RATCHASIMA, TH",14.967,102.083,188.0,1988-03-05,0.0,24.2,28.2,21.0
TH000048431,"NAKHON RATCHASIMA, TH",14.967,102.083,188.0,1988-03-06,0.0,25.0,30.4,19.5
TH000048431,"NAKHON RATCHASIMA, TH",14.967,102.083,188.0,1988-03-07,0.0,23.7,28.0,20.9
TH000048431,"NAKHON RATCHASIMA, TH",14.967,102.083,188.0,1988-03-08,0.0,24.7,30.0,19.4
TH000048431,"NAKHON RATCHASIMA, TH",14.967,102.083,188.0,1988-03-09,0.0,24.2,29.1,19.2
TH000048431,"NAKHON RATCHASIMA, TH",14.967,102.083,188.0,1988-03-10,0.0,25.4,31.6,20.0
TH000048431,"NAKHON RATCHASIMA, TH",14.967,102.083,188.0,1988-03-11,0.0,28.7,36.3,19.7
TH000048431,"NAKHON RATCHASIMA, TH",14.967,102.083,188.0,1988-03-12,0.0,30.6,38.2,22.6
TH000048431,"NAKHON RATCHASIMA, TH",14.967,102.083,188.0,1988-03-13,0.0,31.2,38.3,24.8
TH000048431,"NAKHON RATCHASIMA, TH",14.967,102.083,188.0,1988-03-14,0.0,31.5,38.7,25.0
TH000048431,"NAKHON RATCHASIMA, TH",14.967,102.083,188.0,1988-03-15,0.0,32.1,38.8,25.4
TH000048431,"NAKHON RATCHASIMA, TH",14.967,102.083,188.0,1988-03-16,0.0,32.6,38.5,25.1
TH000048431,"NAKHON RATCHASIMA, TH",14.967,102.083,188.0,1988-03-17,0.0,32.5,40.0,25.8
TH000048431,"NAKHON RATCHASIMA, TH",14.967,102.083,188.0,1988-03-18,0.0,31.1,38.4,25.8
TH000048431,"NAKHON RATCHASIMA, TH",14.967,102.083,188.0,1988-03-19,0.0,29.0,38.5,
TH000048431,"NAKHON RATCHASIMA, TH",14.967,102.083,188.0,1988-03-20,35.1,30.8,38.0,24.5
TH000048431,"NAKHON RATCHASIMA, TH",14.967,102.083,188.0,1988-03-21,0.0,30.8,37.5,25.2
TH000048431,"NAKHON RATCHASIMA, TH",14.967,102.083,188.0,1988-03-22,0.0,30.5,37.5,24.5
TH000048431,"NAKHON RATCHASIMA, TH",14.967,102.083,188.0,1988-03-23,0.0,29.3,36.7,25.7
TH000048431,"NAKHON RATCHASIMA, TH",14.967,102.083,188.0,1988-03-24,0.3,29.1,34.4,25.5
TH000048431,"NAKHON RATCHASIMA, TH",14.967,102.083,188.0,1988-03-25,0.0,30.1,35.8,24.3
TH000048431,"NAKHON RATCHASIMA, TH",14.967,102.083,188.0,1988-03-26,0.0,30.4,36.0,25.0
TH000048431,"NAKHON RATCHASIMA, TH",14.967,102.083,188.0,1988-03-27,0.0,30.6,37.5,24.2
TH000048431,"NAKHON RATCHASIMA, TH",14.967,102.083,188.0,1988-03-28,0.0,30.5,38.1,23.3
TH000048431,"NAKHON RATCHASIMA, TH",14.967,102.083,188.0,1988-03-29,0.0,31.5,38.8,22.5
TH000048431,"NAKHON RATCHASIMA, TH",14.967,102.083,188.0,1988-03-30,0.0,30.9,38.0,22.7
TH000048431,"NAKHON RATCHASIMA, TH",14.967,102.083,188.0,1988-03-31,0.0,32.2,,24.8
TH000048431,"NAKHON RATCHASIMA, TH",14.967,102.083,188.0,1988-04-01,0.0,32.1,,26.7
TH000048431,"NAKHON RATCHASIMA, TH",14.967,102.083,188.0,1988-04-02,0.0,32.1,39.1,28.0
TH000048431,"NAKHON RATCHASIMA, TH",14.967,102.083,188.0,1988-04-03,0.0,31.2,,28.0
TH000048431,"NAKHON RATCHASIMA, TH",14.967,102.083,188.0,1988-04-04,0.0,31.3,37.3,27.3
TH000048431,"NAKHON RATCHASIMA, TH",14.967,102.083,188.0,1988-04-05,0.0,31.5,,26.0
TH000048431,"NAKHON RATCHASIMA, TH",14.967,102.083,188.0,1988-04-06,0.0,32.5,39.3,26.3
TH000048431,"NAKHON RATCHASIMA, TH",14.967,102.083,188.0,1988-04-07,0.0,31.5,39.6,
TH000048431,"NAKHON RATCHASIMA, TH",14.967,102.083,188.0,1988-04-08,0.0,28.3,32.3,
TH000048431,"NAKHON RATCHASIMA, TH",14.967,102.083,188.0,1988-04-09,0.0,28.7,33.5,24.0
TH000048431,"NAKHON RATCHASIMA, TH",14.967,102.083,188.0,1988-04-10,0.0,30.1,35.5,24.0
TH000048431,"NAKHON RATCHASIMA, TH",14.967,102.083,188.0,1988-04-11,0.0,31.3,38.2,25.5
TH000048431,"NAKHON RATCHASIMA, TH",14.967,102.083,188.0,1988-04-12,0.0,29.4,37.7,
TH000048431,"NAKHON RATCHASIMA, TH",14.967,102.083,188.0,1988-04-13,16.0,25.7,28.7,23.0
TH000048431,"NAKHON RATCHASIMA, TH",14.967,102.083,188.0,1988-04-14,0.0,27.9,32.6,23.5
TH000048431,"NAKHON RATCHASIMA, TH",14.967,102.083,188.0,1988-04-15,5.1,23.7,26.5,
TH000048431,"NAKHON RATCHASIMA, TH",14.967,102.083,188.0,1988-04-16,31.0,27.7,32.3,22.1
TH000048431,"NAKHON RATCHASIMA, TH",14.967,102.083,188.0,1988-04-17,0.0,27.3,33.8,24.5
TH000048431,"NAKHON RATCHASIMA, TH",14.967,102.083,188.0,1988-04-18,0.3,27.9,32.3,24.1
TH000048431,"NAKHON RATCHASIMA, TH",14.967,102.083,188.0,1988-04-19,0.0,28.9,,23.2
TH000048431,"NAKHON RATCHASIMA, TH",14.967,102.083,188.0,1988-04-20,7.1,29.4,35.8,24.8
TH000048431,"NAKHON RATCHASIMA, TH",14.967,102.083,188.0,1988-04-21,0.0,30.1,37.0,25.3
TH000048431,"NAKHON RATCHASIMA, TH",14.967,102.083,188.0,1988-04-22,0.0,29.9,37.2,25.3
TH000048431,"NAKHON RATCHASIMA, TH",14.967,102.083,188.0,1988-04-23,0.0,29.8,36.2,
TH000048431,"NAKHON RATCHASIMA, TH",14.967,102.083,188.0,1988-04-24,0.0,28.0,32.0,23.5
TH000048431,"NAKHON RATCHASIMA, TH",14.967,102.083,188.0,1988-04-25,0.0,29.4,35.3,
TH000048431,"NAKHON RATCHASIMA, TH",14.967,102.083,188.0,1988-04-26,0.0,30.9,36.4,25.7
TH000048431,"NAKHON RATCHASIMA, TH",14.967,102.083,188.0,1988-04-27,0.0,30.1,38.0,26.2
TH000048431,"NAKHON RATCHASIMA, TH",14.967,102.083,188.0,1988-04-28,8.9,27.0,35.2,
TH000048431,"NAKHON RATCHASIMA, TH",14.967,102.083,188.0,1988-04-29,84.1,27.4,33.4,24.0
TH000048431,"NAKHON RATCHASIMA, TH",14.967,102.083,188.0,1988-04-30,0.0,27.9,34.9,
TH000048431,"NAKHON RATCHASIMA, TH",14.967,102.083,188.0,1988-05-01,30.0,26.6,32.6,23.2
TH000048431,"NAKHON RATCHASIMA, TH",14.967,102.083,188.0,1988-05-02,106.9,27.1,32.0,23.4
TH000048431,"NAKHON RATCHASIMA, TH",14.967,102.083,188.0,1988-05-03,7.1,26.9,31.2,24.6
TH000048431,"NAKHON RATCHASIMA, TH",14.967,102.083,188.0,1988-05-04,5.1,27.9,32.6,24.4
TH000048431,"NAKHON RATCHASIMA, TH",14.967,102.083,188.0,1988-05-05,2.0,27.4,32.3,24.5
TH000048431,"NAKHON RATCHASIMA, TH",14.967,102.083,188.0,1988-05-06,8.9,28.6,33.2,25.0
TH000048431,"NAKHON RATCHASIMA, TH",14.967,102.083,188.0,1988-05-07,0.0,28.3,33.7,24.8
TH000048431,"NAKHON RATCHASIMA, TH",14.967,102.083,188.0,1988-05-08,1.0,29.2,34.8,25.4
TH000048431,"NAKHON RATCHASIMA, TH",14.967,102.083,188.0,1988-05-09,0.0,28.8,34.3,25.9
TH000048431,"NAKHON RATCHASIMA, TH",14.967,102.083,188.0,1988-05-10,1.0,26.8,32.2,
TH000048431,"NAKHON RATCHASIMA, TH",14.967,102.083,188.0,1988-05-11,19.1,26.2,31.9,23.8
TH000048431,"NAKHON RATCHASIMA, TH",14.967,102.083,188.0,1988-05-12,9.9,27.2,32.9,23.6
TH000048431,"NAKHON RATCHASIMA, TH",14.967,102.083,188.0,1988-05-13,5.1,27.7,33.0,25.0
TH000048431,"NAKHON RATCHASIMA, TH",14.967,102.083,188.0,1988-05-14,5.1,27.6,32.8,24.6
TH000048431,"NAKHON RATCHASIMA, TH",14.967,102.083,188.0,1988-05-15,0.0,27.2,30.3,24.7
TH000048431,"NAKHON RATCHASIMA, TH",14.967,102.083,188.0,1988-05-16,2.0,28.7,,25.4
TH000048431,"NAKHON RATCHASIMA, TH",14.967,102.083,188.0,1988-05-17,0.0,27.7,32.9,24.7
TH000048431,"NAKHON RATCHASIMA, TH",14.967,102.083,188.0,1988-05-18,10.9,28.9,33.7,24.6
TH000048431,"NAKHON RATCHASIMA, TH",14.967,102.083,188.0,1988-05-19,0.0,29.6,33.6,25.3
TH000048431,"NAKHON RATCHASIMA, TH",14.967,102.083,188.0,1988-05-20,16.0,30.0,35.0,25.4
TH000048431,"NAKHON RATCHASIMA, TH",14.967,102.083,188.0,1988-05-21,3.0,30.6,35.8,25.7
TH000048431,"NAKHON RATCHASIMA, TH",14.967,102.083,188.0,1988-05-22,0.0,30.9,35.9,25.9
TH000048431,"NAKHON RATCHASIMA, TH",14.967,102.083,188.0,1988-05-23,0.0,31.0,36.2,26.0
TH000048431,"NAKHON RATCHASIMA, TH",14.967,102.083,188.0,1988-05-24,0.0,31.0,36.3,25.5
TH000048431,"NAKHON RATCHASIMA, TH",14.967,102.083,188.0,1988-05-25,0.0,31.6,36.2,25.0
TH000048431,"NAKHON RATCHASIMA, TH",14.967,102.083,188.0,1988-05-26,0.0,30.4,35.4,25.7
TH000048431,"NAKHON RATCHASIMA, TH",14.967,102.083,188.0,1988-05-27,0.3,27.9,34.7,26.0
TH000048431,"NAKHON RATCHASIMA, TH",14.967,102.083,188.0,1988-05-28,0.0,30.2,,25.7
TH000048431,"NAKHON RATCHASIMA, TH",14.967,102.083,188.0,1988-05-29,0.0,30.2,34.3,25.5
TH000048431,"NAKHON RATCHASIMA, TH",14.967,102.083,188.0,1988-05-30,2.0,28.9,34.2,26.0
TH000048431,"NAKHON RATCHASIMA, TH",14.967,102.083,188.0,1988-05-31,,28.8,34.5,25.5
TH000048431,"NAKHON RATCHASIMA, TH",14.967,102.083,188.0,1988-06-01,2.0,29.5,34.3,25.5
TH000048431,"NAKHON RATCHASIMA, TH",14.967,102.083,188.0,1988-06-02,0.0,29.7,35.9,25.5
TH000048431,"NAKHON RATCHASIMA, TH",14.967,102.083,188.0,1988-06-03,0.0,28.8,,25.9
TH000048431,"NAKHON RATCHASIMA, TH",14.967,102.083,188.0,1988-06-04,0.0,27.7,34.3,
TH000048431,"NAKHON RATCHASIMA, TH",14.967,102.083,188.0,1988-06-05,,27.0,32.2,
TH000048431,"NAKHON RATCHASIMA, TH",14.967,102.083,188.0,1988-06-06,6.1,25.8,30.8,
TH000048431,"NAKHON RATCHASIMA, TH",14.967,102.083,188.0,1988-06-07,6.1,26.0,31.3,23.2
TH000048431,"NAKHON RATCHASIMA, TH",14.967,102.083,188.0,1988-06-08,9.9,27.0,,22.9
TH000048431,"NAKHON RATCHASIMA, TH",14.967,102.083,188.0,1988-06-09,10.9,28.7,34.0,23.8
TH000048431,"NAKHON RATCHASIMA, TH",14.967,102.083,188.0,1988-06-10,0.0,29.9,35.0,24.5
TH000048431,"NAKHON RATCHASIMA, TH",14.967,102.083,188.0,1988-06-11,0.0,29.6,36.0,25.5
TH000048431,"NAKHON RATCHASIMA, TH",14.967,102.083,188.0,1988-06-12,0.0,28.1,32.3,
TH000048431,"NAKHON RATCHASIMA, TH",14.967,102.083,188.0,1988-06-13,7.1,27.4,31.3,23.8
TH000048431,"NAKHON RATCHASIMA, TH",14.967,102.083,188.0,1988-06-14,0.5,28.4,33.1,24.0
TH000048431,"NAKHON RATCHASIMA, TH",14.967,102.083,188.0,1988-06-15,0.0,29.6,33.6,23.6
TH000048431,"NAKHON RATCHASIMA, TH",14.967,102.083,188.0,1988-06-16,0.0,29.4,34.2,24.4
TH000048431,"NAKHON RATCHASIMA, TH",14.967,102.083,188.0,1988-06-17,0.0,28.5,33.0,
TH000048431,"NAKHON RATCHASIMA, TH",14.967,102.083,188.0,1988-06-18,0.5,28.9,33.3,24.5
TH000048431,"NAKHON RATCHASIMA, TH",14.967,102.083,188.0,1988-06-19,0.0,28.9,,
TH000048431,"NAKHON RATCHASIMA, TH",14.967,102.083,188.0,1988-06-20,0.0,29.2,34.8,23.7
TH000048431,"NAKHON RATCHASIMA, TH",14.967,102.083,188.0,1988-06-21,0.0,29.9,35.2,24.3
TH000048431,"NAKHON RATCHASIMA, TH",14.967,102.083,188.0,1988-06-22,0.0,30.7,35.8,25.1
TH000048431,"NAKHON RATCHASIMA, TH",14.967,102.083,188.0,1988-06-23,0.0,31.1,36.3,25.9
TH000048431,"NAKHON RATCHASIMA, TH",14.967,102.083,188.0,1988-06-24,0.0,30.2,35.4,26.3
TH000048431,"NAKHON RATCHASIMA, TH",14.967,102.083,188.0,1988-06-25,0.0,30.3,35.7,25.2
TH000048431,"NAKHON RATCHASIMA, TH",14.967,102.083,188.0,1988-06-26,0.0,30.2,36.5,25.2
TH000048431,"NAKHON RATCHASIMA, TH",14.967,102.083,188.0,1988-06-27,0.0,30.5,35.8,24.7
TH000048431,"NAKHON RATCHASIMA, TH",14.967,102.083,188.0,1988-06-28,0.0,30.3,35.4,26.1
TH000048431,"NAKHON RATCHASIMA, TH",14.967,102.083,188.0,1988-06-29,0.0,29.6,35.7,
TH000048431,"NAKHON RATCHASIMA, TH",14.967,102.083,188.0,1988-06-30,0.0,28.6,35.4,25.0
TH000048431,"NAKHON RATCHASIMA, TH",14.967,102.083,188.0,1988-07-01,18.0,27.9,35.0,
TH000048431,"NAKHON RATCHASIMA, TH",14.967,102.083,188.0,1988-07-02,0.0,29.6,35.4,23.6
TH000048431,"NAKHON RATCHASIMA, TH",14.967,102.083,188.0,1988-07-03,0.0,29.3,35.9,
TH000048431,"NAKHON RATCHASIMA, TH",14.967,102.083,188.0,1988-07-04,2.0,26.5,34.8,
TH000048431,"NAKHON RATCHASIMA, TH",14.967,102.083,188.0,1988-07-05,50.0,27.1,33.1,23.8
TH000048431,"NAKHON RATCHASIMA, TH",14.967,102.083,188.0,1988-07-06,2.0,28.2,33.7,23.7
TH000048431,"NAKHON RATCHASIMA, TH",14.967,102.083,188.0,1988-07-07,0.0,30.0,35.4,24.0
TH000048431,"NAKHON RATCHASIMA, TH",14.967,102.083,188.0,1988-07-08,0.0,29.8,35.0,25.3
TH000048431,"NAKHON RATCHASIMA, TH",14.967,102.083,188.0,1988-07-09,0.0,29.6,35.5,24.8
TH000048431,"NAKHON RATCHASIMA, TH",14.967,102.083,188.0,1988-07-10,0.0,29.3,,
TH000048431,"NAKHON RATCHASIMA, TH",14.967,102.083,188.0,1988-07-11,22.1,28.4,34.9,24.4
TH000048431,"NAKHON RATCHASIMA, TH",14.967,102.083,188.0,1988-07-12,34.0,29.2,34.6,24.3
TH000048431,"NAKHON RATCHASIMA, TH",14.967,102.083,188.0,1988-07-13,0.0,27.4,32.7,24.2
TH000048431,"NAKHON RATCHASIMA, TH",14.967,102.083,188.0,1988-07-14,0.5,26.7,32.5,24.5
TH000048431,"NAKHON RATCHASIMA, TH",14.967,102.083,188.0,1988-07-15,7.9,26.6,32.3,23.9
TH000048431,"NAKHON RATCHASIMA, TH",14.967,102.083,188.0,1988-07-16,8.9,25.0,28.4,
TH000048431,"NAKHON RATCHASIMA, TH",14.967,102.083,188.0,1988-07-17,39.1,27.3,31.7,23.7
TH000048431,"NAKHON RATCHASIMA, TH",14.967,102.083,188.0,1988-07-18,0.5,28.7,33.3,24.9
TH000048431,"NAKHON RATCHASIMA, TH",14.967,102.083,188.0,1988-07-19,0.0,29.2,34.5,24.3
TH000048431,"NAKHON RATCHASIMA, TH",14.967,102.083,188.0,1988-07-20,0.0,28.9,34.0,24.7
TH000048431,"NAKHON RATCHASIMA, TH",14.967,102.083,188.0,1988-07-21,0.0,27.2,32.8,24.7
TH000048431,"NAKHON RATCHASIMA, TH",14.967,102.083,188.0,1988-07-22,0.5,28.7,34.5,24.4
TH000048431,"NAKHON RATCHASIMA, TH",14.967,102.083,188.0,1988-07-23,0.0,29.3,35.5,23.6
TH000048431,"NAKHON RATCHASIMA, TH",14.967,102.083,188.0,1988-07-24,0.0,29.0,35.3,24.2
TH000048431,"NAKHON RATCHASIMA, TH",14.967,102.083,188.0,1988-07-25,1.0,29.0,35.8,24.3
TH000048431,"NAKHON RATCHASIMA, TH",14.967,102.083,188.0,1988-07-26,0.0,28.2,34.4,24.6
TH000048431,"NAKHON RATCHASIMA, TH",14.967,102.083,188.0,1988-07-27,6.1,28.2,35.1,24.7
TH000048431,"NAKHON RATCHASIMA, TH",14.967,102.083,188.0,1988-07-28,2.0,29.6,34.8,24.5
TH000048431,"NAKHON RATCHASIMA, TH",14.967,102.083,188.0,1988-07-29,0.0,29.4,,24.7
TH000048431,"NAKHON RATCHASIMA, TH",14.967,102.083,188.0,1988-07-30,0.0,29.1,32.6,
TH000048431,"NAKHON RATCHASIMA, TH",14.967,102.083,188.0,1988-07-31,0.0,29.1,34.6,25.3
TH000048431,"NAKHON RATCHASIMA, TH",14.967,102.083,188.0,1988-08-01,0.0,28.7,33.6,25.4
TH000048431,"NAKHON RATCHASIMA, TH",14.967,102.083,188.0,1988-08-02,,25.2,28.7,
TH000048431,"NAKHON RATCHASIMA, TH",14.967,102.083,188.0,1988-08-03,18.0,26.7,30.7,23.3
TH000048431,"NAKHON RATCHASIMA, TH",14.967,102.083,188.0,1988-08-04,0.3,27.1,32.3,24.3
TH000048431,"NAKHON RATCHASIMA, TH",14.967,102.083,188.0,1988-08-05,4.1,29.0,34.2,24.7
TH000048431,"NAKHON RATCHASIMA, TH",14.967,102.083,188.0,1988-08-06,0.0,28.9,33.5,24.6
TH000048431,"NAKHON RATCHASIMA, TH",14.967,102.083,188.0,1988-08-07,0.0,28.6,33.8,24.6
TH000048431,"NAKHON RATCHASIMA, TH",14.967,102.083,188.0,1988-08-08,0.0,29.3,34.7,24.2
TH000048431,"NAKHON RATCHASIMA, TH",14.967,102.083,188.0,1988-08-09,0.0,28.2,34.0,
TH000048431,"NAKHON RATCHASIMA, TH",14.967,102.083,188.0,1988-08-10,7.9,27.1,31.1,23.6
TH000048431,"NAKHON RATCHASIMA, TH",14.967,102.083,188.0,1988-08-11,0.0,28.3,32.6,23.7
TH000048431,"NAKHON RATCHASIMA, TH",14.967,102.083,188.0,1988-08-12,0.0,28.6,,24.7
TH000048431,"NAKHON RATCHASIMA, TH",14.967,102.083,188.0,1988-08-13,0.5,28.4,32.9,24.3
TH000048431,"NAKHON RATCHASIMA, TH",14.967,102.083,188.0,1988-08-14,0.0,29.2,35.0,24.1
TH000048431,"NAKHON RATCHASIMA, TH",14.967,102.083,188.0,1988-08-15,0.0,29.2,34.1,24.3
TH000048431,"NAKHON RATCHASIMA, TH",14.967,102.083,188.0,1988-08-16,,28.9,33.7,24.8
TH000048431,"NAKHON RATCHASIMA, TH",14.967,102.083,188.0,1988-08-17,3.0,27.4,33.6,
TH000048431,"NAKHON RATCHASIMA, TH",14.967,102.083,188.0,1988-08-18,19.1,27.8,33.7,23.7
TH000048431,"NAKHON RATCHASIMA, TH",14.967,102.083,188.0,1988-08-19,11.9,26.9,31.7,24.2
TH000048431,"NAKHON RATCHASIMA, TH",14.967,102.083,188.0,1988-08-20,4.1,27.8,32.5,24.5
TH000048431,"NAKHON RATCHASIMA, TH",14.967,102.083,188.0,1988-08-21,1.0,28.5,33.7,24.8
TH000048431,"NAKHON RATCHASIMA, TH",14.967,102.083,188.0,1988-08-22,0.0,28.6,34.7,24.0
TH000048431,"NAKHON RATCHASIMA, TH",14.967,102.083,188.0,1988-08-23,0.3,28.6,33.2,
TH000048431,"NAKHON RATCHASIMA, TH",14.967,102.083,188.0,1988-08-24,7.9,28.9,33.4,23.9
TH000048431,"NAKHON RATCHASIMA, TH",14.967,102.083,188.0,1988-08-25,1.0,27.0,31.4,
TH000048431,"NAKHON RATCHASIMA, TH",14.967,102.083,188.0,1988-08-26,0.0,26.4,33.4,
TH000048431,"NAKHON RATCHASIMA, TH",14.967,102.083,188.0,1988-08-27,38.1,28.1,33.2,23.3
TH000048431,"NAKHON RATCHASIMA, TH",14.967,102.083,188.0,1988-08-28,0.0,28.2,33.5,24.4
TH000048431,"NAKHON RATCHASIMA, TH",14.967,102.083,188.0,1988-08-29,2.0,27.2,33.4,24.1
TH000048431,"NAKHON RATCHASIMA, TH",14.967,102.083,188.0,1988-08-30,0.3,27.3,33.2,23.9
TH000048431,"NAKHON RATCHASIMA, TH",14.967,102.083,188.0,1988-08-31,0.0,28.7,34.3,23.5
TH000048431,"NAKHON RATCHASIMA, TH",14.967,102.083,188.0,1988-09-01,1.0,27.1,34.4,
TH000048431,"NAKHON RATCHASIMA, TH",14.967,102.083,188.0,1988-09-02,0.0,29.1,34.7,23.0
TH000048431,"NAKHON RATCHASIMA, TH",14.967,102.083,188.0,1988-09-03,0.0,28.7,36.1,24.1
TH000048431,"NAKHON RATCHASIMA, TH",14.967,102.083,188.0,1988-09-04,0.0,29.4,36.7,
TH000048431,"NAKHON RATCHASIMA, TH",14.967,102.083,188.0,1988-09-05,0.0,27.8,33.8,24.2
TH000048431,"NAKHON RATCHASIMA, TH",14.967,102.083,188.0,1988-09-06,4.1,28.3,35.0,24.0
TH000048431,"NAKHON RATCHASIMA, TH",14.967,102.083,188.0,1988-09-07,0.0,28.9,34.5,23.7
TH000048431,"NAKHON RATCHASIMA, TH",14.967,102.083,188.0,1988-09-08,0.0,29.3,34.3,23.9
TH000048431,"NAKHON RATCHASIMA, TH",14.967,102.083,188.0,1988-09-09,2.0,24.2,26.4,
TH000048431,"NAKHON RATCHASIMA, TH",14.967,102.083,188.0,1988-09-10,46.0,27.0,32.4,22.6
TH000048431,"NAKHON RATCHASIMA, TH",14.967,102.083,188.0,1988-09-11,0.0,28.0,33.9,23.7
TH000048431,"NAKHON RATCHASIMA, TH",14.967,102.083,188.0,1988-09-12,43.9,28.3,32.7,
TH000048431,"NAKHON RATCHASIMA, TH",14.967,102.083,188.0,1988-09-13,1.0,27.2,34.0,
TH000048431,"NAKHON RATCHASIMA, TH",14.967,102.083,188.0,1988-09-14,112.0,27.6,,22.8
TH000048431,"NAKHON RATCHASIMA, TH",14.967,102.083,188.0,1988-09-15,0.0,27.9,,24.5
TH000048431,"NAKHON RATCHASIMA, TH",14.967,102.083,188.0,1988-09-16,0.5,28.2,32.7,24.5
TH000048431,"NAKHON RATCHASIMA, TH",14.967,102.083,188.0,1988-09-17,1.0,26.1,31.1,
TH000048431,"NAKHON RATCHASIMA, TH",14.967,102.083,188.0,1988-09-18,58.9,25.4,28.8,23.8
TH000048431,"NAKHON RATCHASIMA, TH",14.967,102.083,188.0,1988-09-19,7.1,27.3,31.3,23.8
TH000048431,"NAKHON RATCHASIMA, TH",14.967,102.083,188.0,1988-09-20,0.0,28.2,32.2,25.9
TH000048431,"NAKHON RATCHASIMA, TH",14.967,102.083,188.0,1988-09-21,0.0,27.3,32.0,
TH000048431,"NAKHON RATCHASIMA, TH",14.967,102.083,188.0,1988-09-22,0.0,27.4,32.3,23.5
TH000048431,"NAKHON RATCHASIMA, TH",14.967,102.083,188.0,1988-09-23,0.0,27.6,32.0,23.0
TH000048431,"NAKHON RATCHASIMA, TH",14.967,102.083,188.0,1988-09-24,0.0,27.8,32.5,23.0
TH000048431,"NAKHON RATCHASIMA, TH",14.967,102.083,188.0,1988-09-25,0.0,27.8,31.8,22.3
TH000048431,"NAKHON RATCHASIMA, TH",14.967,102.083,188.0,1988-09-26,0.0,28.2,33.0,24.5
TH000048431,"NAKHON RATCHASIMA, TH",14.967,102.083,188.0,1988-09-27,,27.7,32.2,
TH000048431,"NAKHON RATCHASIMA, TH",14.967,102.083,188.0,1988-09-28,30.0,26.3,32.2,22.1
TH000048431,"NAKHON RATCHASIMA, TH",14.967,102.083,188.0,1988-09-29,0.0,26.4,29.4,23.9
TH000048431,"NAKHON RATCHASIMA, TH",14.967,102.083,188.0,1988-09-30,0.5,25.9,29.4,23.4
TH000048431,"NAKHON RATCHASIMA, TH",14.967,102.083,188.0,1988-10-01,0.0,26.8,30.5,23.5
TH000048431,"NAKHON RATCHASIMA, TH",14.967,102.083,188.0,1988-10-02,0.0,27.2,31.0,22.4
TH000048431,"NAKHON RATCHASIMA, TH",14.967,102.083,188.0,1988-10-03,,27.8,33.8,23.4
TH000048431,"NAKHON RATCHASIMA, TH",14.967,102.083,188.0,1988-10-04,39.9,27.3,32.1,
TH000048431,"NAKHON RATCHASIMA, TH",14.967,102.083,188.0,1988-10-05,6.1,27.8,32.0,23.7
TH000048431,"NAKHON RATCHASIMA, TH",14.967,102.083,188.0,1988-10-06,0.0,27.8,32.5,24.0
TH000048431,"NAKHON RATCHASIMA, TH",14.967,102.083,188.0,1988-10-07,0.0,27.6,33.1,
TH000048431,"NAKHON RATCHASIMA, TH",14.967,102.083,188.0,1988-10-08,5.1,27.2,32.2,23.6
TH000048431,"NAKHON RATCHASIMA, TH",14.967,102.083,188.0,1988-10-09,6.1,26.6,30.3,23.9
TH000048431,"NAKHON RATCHASIMA, TH",14.967,102.083,188.0,1988-10-10,0.0,26.1,28.7,24.2
TH000048431,"NAKHON RATCHASIMA, TH",14.967,102.083,188.0,1988-10-11,0.0,23.5,27.3,
TH000048431,"NAKHON RATCHASIMA, TH",14.967,102.083,188.0,1988-10-12,11.9,23.1,25.7,21.8
TH000048431,"NAKHON RATCHASIMA, TH",14.967,102.083,188.0,1988-10-13,14.0,26.2,30.8,21.3
TH000048431,"NAKHON RATCHASIMA, TH",14.967,102.083,188.0,1988-10-14,0.0,27.9,32.7,23.3
TH000048431,"NAKHON RATCHASIMA, TH",14.967,102.083,188.0,1988-10-15,0.0,27.3,30.8,24.0
TH000048431,"NAKHON RATCHASIMA, TH",14.967,102.083,188.0,1988-10-16,0.0,24.8,27.3,
TH000048431,"NAKHON RATCHASIMA, TH",14.967,102.083,188.0,1988-10-17,37.1,25.5,28.8,22.7
TH000048431,"NAKHON RATCHASIMA, TH",14.967,102.083,188.0,1988-10-18,0.5,26.6,31.3,
TH000048431,"NAKHON RATCHASIMA, TH",14.967,102.083,188.0,1988-10-19,48.0,25.3,28.5,21.4
TH000048431,"NAKHON RATCHASIMA, TH",14.967,102.083,188.0,1988-10-20,0.5,27.1,31.2,23.6
TH000048431,"NAKHON RATCHASIMA, TH",14.967,102.083,188.0,1988-10-21,0.0,27.0,,
TH000048431,"NAKHON RATCHASIMA, TH",14.967,102.083,188.0,1988-10-22,0.0,26.6,31.5,22.1
TH000048431,"NAKHON RATCHASIMA, TH",14.967,102.083,188.0,1988-10-23,0.0,27.9,33.3,22.8
TH000048431,"NAKHON RATCHASIMA, TH",14.967,102.083,188.0,1988-10-24,,26.4,33.0,23.2
TH000048431,"NAKHON RATCHASIMA, TH",14.967,102.083,188.0,1988-10-25,50.0,25.5,28.6,
TH000048431,"NAKHON RATCHASIMA, TH",14.967,102.083,188.0,1988-10-26,4.1,26.7,31.1,22.1
TH000048431,"NAKHON RATCHASIMA, TH",14.967,102.083,188.0,1988-10-27,75.9,25.7,30.0,22.5
TH000048431,"NAKHON RATCHASIMA, TH",14.967,102.083,188.0,1988-10-28,0.0,24.7,30.3,20.2
TH000048431,"NAKHON RATCHASIMA, TH",14.967,102.083,188.0,1988-10-29,0.0,24.2,,20.3
TH000048431,"NAKHON RATCHASIMA, TH",14.967,102.083,188.0,1988-10-30,0.0,22.9,27.0,
TH000048431,"NAKHON RATCHASIMA, TH",14.967,102.083,188.0,1988-10-31,0.0,23.7,26.7,
TH000048431,"NAKHON RATCHASIMA, TH",14.967,102.083,188.0,1988-11-01,0.0,24.4,28.7,19.2
TH000048431,"NAKHON RATCHASIMA, TH",14.967,102.083,188.0,1988-11-02,0.0,26.4,30.0,22.2
TH000048431,"NAKHON RATCHASIMA, TH",14.967,102.083,188.0,1988-11-03,0.0,24.9,29.0,
TH000048431,"NAKHON RATCHASIMA, TH",14.967,102.083,188.0,1988-11-04,0.0,23.6,28.0,
TH000048431,"NAKHON RATCHASIMA, TH",14.967,102.083,188.0,1988-11-05,0.0,22.6,27.4,18.3
TH000048431,"NAKHON RATCHASIMA, TH",14.967,102.083,188.0,1988-11-06,0.0,22.7,27.2,17.7
TH000048431,"NAKHON RATCHASIMA, TH",14.967,102.083,188.0,1988-11-07,0.0,24.1,,17.5
TH000048431,"NAKHON RATCHASIMA, TH",14.967,102.083,188.0,1988-11-08,0.0,24.4,28.3,19.3
TH000048431,"NAKHON RATCHASIMA, TH",14.967,102.083,188.0,1988-11-09,0.0,23.6,28.3,
TH000048431,"NAKHON RATCHASIMA, TH",14.967,102.083,188.0,1988-11-10,0.0,23.5,28.7,16.7
TH000048431,"NAKHON RATCHASIMA, TH",14.967,102.083,188.0,1988-11-11,0.0,21.9,27.2,16.8
TH000048431,"NAKHON RATCHASIMA, TH",14.967,102.083,188.0,1988-11-12,0.0,22.4,27.1,18.7
TH000048431,"NAKHON RATCHASIMA, TH",14.967,102.083,188.0,1988-11-13,0.0,23.4,27.1,
TH000048431,"NAKHON RATCHASIMA, TH",14.967,102.083,188.0,1988-11-14,0.0,24.3,28.2,20.4
TH000048431,"NAKHON RATCHASIMA, TH",14.967,102.083,188.0,1988-11-15,0.0,24.8,29.6,21.1
TH000048431,"NAKHON RATCHASIMA, TH",14.967,102.083,188.0,1988-11-16,0.0,26.1,30.3,21.6
TH000048431,"NAKHON RATCHASIMA, TH",14.967,102.083,188.0,1988-11-17,0.0,25.3,28.8,
TH000048431,"NAKHON RATCHASIMA, TH",14.967,102.083,188.0,1988-11-18,0.0,25.1,29.0,
TH000048431,"NAKHON RATCHASIMA, TH",14.967,102.083,188.0,1988-11-19,0.0,23.4,28.5,
TH000048431,"NAKHON RATCHASIMA, TH",14.967,102.083,188.0,1988-11-20,0.0,22.3,27.2,18.2
TH000048431,"NAKHON RATCHASIMA, TH",14.967,102.083,188.0,1988-11-21,0.0,22.9,29.4,17.8
TH000048431,"NAKHON RATCHASIMA, TH",14.967,102.083,188.0,1988-11-22,0.0,24.1,29.2,19.5
TH000048431,"NAKHON RATCHASIMA, TH",14.967,102.083,188.0,1988-11-23,0.0,25.8,30.0,18.9
TH000048431,"NAKHON RATCHASIMA, TH",14.967,102.083,188.0,1988-11-24,0.0,24.0,27.5,20.0
TH000048431,"NAKHON RATCHASIMA, TH",14.967,102.083,188.0,1988-11-25,0.0,24.4,29.8,19.6
TH000048431,"NAKHON RATCHASIMA, TH",14.967,102.083,188.0,1988-11-26,0.0,25.4,29.3,21.2
TH000048431,"NAKHON RATCHASIMA, TH",14.967,102.083,188.0,1988-11-27,0.0,23.8,29.4,
TH000048431,"NAKHON RATCHASIMA, TH",14.967,102.083,188.0,1988-11-28,0.0,22.1,27.4,
TH000048431,"NAKHON RATCHASIMA, TH",14.967,102.083,188.0,1988-11-29,0.0,22.8,,18.1
TH000048431,"NAKHON RATCHASIMA, TH",14.967,102.083,188.0,1988-11-30,0.0,21.5,26.2,16.4
TH000048431,"NAKHON RATCHASIMA, TH",14.967,102.083,188.0,1988-12-01,0.0,22.0,27.2,17.3
TH000048431,"NAKHON RATCHASIMA, TH",14.967,102.083,188.0,1988-12-02,0.0,21.6,26.4,17.3
TH000048431,"NAKHON RATCHASIMA, TH",14.967,102.083,188.0,1988-12-03,0.0,22.2,27.2,16.3
TH000048431,"NAKHON RATCHASIMA, TH",14.967,102.083,188.0,1988-12-04,0.0,23.2,28.3,15.8
TH000048431,"NAKHON RATCHASIMA, TH",14.967,102.083,188.0,1988-12-05,0.0,22.1,28.8,
TH000048431,"NAKHON RATCHASIMA, TH",14.967,102.083,188.0,1988-12-06,0.0,21.4,28.3,15.7
TH000048431,"NAKHON RATCHASIMA, TH",14.967,102.083,188.0,1988-12-07,0.0,23.1,30.6,15.3
TH000048431,"NAKHON RATCHASIMA, TH",14.967,102.083,188.0,1988-12-08,0.0,23.9,,16.3
TH000048431,"NAKHON RATCHASIMA, TH",14.967,102.083,188.0,1988-12-09,0.0,24.9,30.0,
TH000048431,"NAKHON RATCHASIMA, TH",14.967,102.083,188.0,1988-12-10,0.0,22.4,28.8,18.4
TH000048431,"NAKHON RATCHASIMA, TH",14.967,102.083,188.0,1988-12-11,0.0,20.6,26.2,
TH000048431,"NAKHON RATCHASIMA, TH",14.967,102.083,188.0,1988-12-12,0.0,19.2,25.6,14.2
TH000048431,"NAKHON RATCHASIMA, TH",14.967,102.083,188.0,1988-12-13,0.0,20.6,27.0,13.4
TH000048431,"NAKHON RATCHASIMA, TH",14.967,102.083,188.0,1988-12-14,0.0,21.2,27.6,13.7
TH000048431,"NAKHON RATCHASIMA, TH",14.967,102.083,188.0,1988-12-15,0.0,22.3,27.7,
TH000048431,"NAKHON RATCHASIMA, TH",14.967,102.083,188.0,1988-12-16,0.0,21.6,27.7,15.8
TH000048431,"NAKHON RATCHASIMA, TH",14.967,102.083,188.0,1988-12-17,0.0,23.1,28.0,17.2
TH000048431,"NAKHON RATCHASIMA, TH",14.967,102.083,188.0,1988-12-18,0.0,23.1,27.3,20.1
TH000048431,"NAKHON RATCHASIMA, TH",14.967,102.083,188.0,1988-12-19,0.0,24.4,29.3,19.5
TH000048431,"NAKHON RATCHASIMA, TH",14.967,102.083,188.0,1988-12-20,0.0,24.5,30.3,19.2
TH000048431,"NAKHON RATCHASIMA, TH",14.967,102.083,188.0,1988-12-21,0.0,24.4,30.4,17.9
TH000048431,"NAKHON RATCHASIMA, TH",14.967,102.083,188.0,1988-12-22,0.0,23.9,29.9,18.0
TH000048431,"NAKHON RATCHASIMA, TH",14.967,102.083,188.0,1988-12-23,0.0,23.9,30.0,17.8
TH000048431,"NAKHON RATCHASIMA, TH",14.967,102.083,188.0,1988-12-24,0.0,23.9,30.6,18.2
TH000048431,"NAKHON RATCHASIMA, TH",14.967,102.083,188.0,1988-12-25,0.0,24.7,30.8,17.6
TH000048431,"NAKHON RATCHASIMA, TH",14.967,102.083,188.0,1988-12-26,0.0,22.6,28.8,17.0
TH000048431,"NAKHON RATCHASIMA, TH",14.967,102.083,188.0,1988-12-27,0.0,22.6,27.8,15.9
TH000048431,"NAKHON RATCHASIMA, TH",14.967,102.083,188.0,1988-12-28,0.0,22.5,28.2,16.3
TH000048431,"NAKHON RATCHASIMA, TH",14.967,102.083,188.0,1988-12-29,0.0,23.4,30.3,17.5
TH000048431,"NAKHON RATCHASIMA, TH",14.967,102.083,188.0,1988-12-30,0.0,23.2,28.7,16.9
TH000048431,"NAKHON RATCHASIMA, TH",14.967,102.083,188.0,1988-12-31,0.0,24.2,29.6,18.3
TH000048431,"NAKHON RATCHASIMA, TH",14.967,102.083,188.0,1989-01-01,0.0,23.9,29.0,19.3
TH000048431,"NAKHON RATCHASIMA, TH",14.967,102.083,188.0,1989-01-02,0.0,24.1,29.8,18.3
TH000048431,"NAKHON RATCHASIMA, TH",14.967,102.083,188.0,1989-01-03,0.0,24.7,30.5,18.8
TH000048431,"NAKHON RATCHASIMA, TH",14.967,102.083,188.0,1989-01-04,0.0,26.3,32.0,20.4
TH000048431,"NAKHON RATCHASIMA, TH",14.967,102.083,188.0,1989-01-05,0.0,26.3,31.3,21.7
TH000048431,"NAKHON RATCHASIMA, TH",14.967,102.083,188.0,1989-01-06,0.0,28.0,33.3,20.5
TH000048431,"NAKHON RATCHASIMA, TH",14.967,102.083,188.0,1989-01-07,0.0,27.0,33.4,23.0
TH000048431,"NAKHON RATCHASIMA, TH",14.967,102.083,188.0,1989-01-08,0.0,27.6,34.8,
TH000048431,"NAKHON RATCHASIMA, TH",14.967,102.083,188.0,1989-01-09,0.0,26.6,34.8,19.2
TH000048431,"NAKHON RATCHASIMA, TH",14.967,102.083,188.0,1989-01-10,0.0,27.1,35.1,19.2
TH000048431,"NAKHON RATCHASIMA, TH",14.967,102.083,188.0,1989-01-11,0.0,29.1,34.8,21.2
TH000048431,"NAKHON RATCHASIMA, TH",14.967,102.083,188.0,1989-01-12,0.0,28.3,34.4,21.6
TH000048431,"NAKHON RATCHASIMA, TH",14.967,102.083,188.0,1989-01-13,0.0,27.8,34.1,
TH000048431,"NAKHON RATCHASIMA, TH",14.967,102.083,188.0,1989-01-14,0.0,23.2,29.1,18.8
TH000048431,"NAKHON RATCHASIMA, TH",14.967,102.083,188.0,1989-01-15,0.0,22.1,27.7,16.7
TH000048431,"NAKHON RATCHASIMA, TH",14.967,102.083,188.0,1989-01-16,0.0,22.6,28.5,16.4
TH000048431,"NAKHON RATCHASIMA, TH",14.967,102.083,188.0,1989-01-17,0.0,22.5,29.2,17.0
TH000048431,"NAKHON RATCHASIMA, TH",14.967,102.083,188.0,1989-01-18,0.0,25.8,32.8,17.3
TH000048431,"NAKHON RATCHASIMA, TH",14.967,102.083,188.0,1989-01-19,0.0,26.6,34.0,20.7
TH000048431,"NAKHON RATCHASIMA, TH",14.967,102.083,188.0,1989-01-20,0.0,25.9,33.7,20.0
TH000048431,"NAKHON RATCHASIMA, TH",14.967,102.083,188.0,1989-01-21,0.0,26.8,33.8,19.2
TH000048431,"NAKHON RATCHASIMA, TH",14.967,102.083,188.0,1989-01-22,0.0,25.7,,
TH000048431,"NAKHON RATCHASIMA, TH",14.967,102.083,188.0,1989-01-23,0.0,24.4,28.5,17.0
TH000048431,"NAKHON RATCHASIMA, TH",14.967,102.083,188.0,1989-01-24,0.0,25.7,31.1,20.3
TH000048431,"NAKHON RATCHASIMA, TH",14.967,102.083,188.0,1989-01-25,0.0,26.9,32.3,20.1
TH000048431,"NAKHON RATCHASIMA, TH",14.967,102.083,188.0,1989-01-26,0.0,24.2,27.7,
TH000048431,"NAKHON RATCHASIMA, TH",14.967,102.083,188.0,1989-01-27,4.1,25.0,30.3,
TH000048431,"NAKHON RATCHASIMA, TH",14.967,102.083,188.0,1989-01-28,0.0,22.9,28.4,18.8
TH000048431,"NAKHON RATCHASIMA, TH",14.967,102.083,188.0,1989-01-29,0.0,24.8,30.4,17.8
TH000048431,"NAKHON RATCHASIMA, TH",14.967,102.083,188.0,1989-01-30,0.0,25.0,31.2,21.3
TH000048431,"NAKHON RATCHASIMA, TH",14.967,102.083,188.0,1989-01-31,0.0,25.5,30.7,20.0
TH000048431,"NAKHON RATCHASIMA, TH",14.967,102.083,188.0,1989-02-01,0.0,24.7,30.7,20.1
TH000048431,"NAKHON RATCHASIMA, TH",14.967,102.083,188.0,1989-02-02,0.0,24.6,31.2,18.9
TH000048431,"NAKHON RATCHASIMA, TH",14.967,102.083,188.0,1989-02-03,0.0,23.7,29.9,18.7
TH000048431,"NAKHON RATCHASIMA, TH",14.967,102.083,188.0,1989-02-04,0.0,23.6,30.6,18.2
TH000048431,"NAKHON RATCHASIMA, TH",14.967,102.083,188.0,1989-02-05,0.0,25.8,31.9,19.7
TH000048431,"NAKHON RATCHASIMA, TH",14.967,102.083,188.0,1989-02-06,0.0,25.3,33.4,19.4
TH000048431,"NAKHON RATCHASIMA, TH",14.967,102.083,188.0,1989-02-07,0.0,26.2,33.9,18.9
TH000048431,"NAKHON RATCHASIMA, TH",14.967,102.083,188.0,1989-02-08,0.0,27.6,35.8,20.2
TH000048431,"NAKHON RATCHASIMA, TH",14.967,102.083,188.0,1989-02-09,0.0,27.3,35.8,19.2
TH000048431,"NAKHON RATCHASIMA, TH",14.967,102.083,188.0,1989-02-10,0.0,24.4,,
TH000048431,"NAKHON RATCHASIMA, TH",14.967,102.083,188.0,1989-02-11,0.0,21.9,28.2,
TH000048431,"NAKHON RATCHASIMA, TH",14.967,102.083,188.0,1989-02-12,0.0,22.2,28.4,16.2
TH000048431,"NAKHON RATCHASIMA, TH",14.967,102.083,188.0,1989-02-13,0.0,24.0,32.3,16.3
TH000048431,"NAKHON RATCHASIMA, TH",14.967,102.083,188.0,1989-02-14,0.0,26.6,34.3,16.7
TH000048431,"NAKHON RATCHASIMA, TH",14.967,102.083,188.0,1989-02-15,0.0,27.9,34.4,20.2
TH000048431,"NAKHON RATCHASIMA, TH",14.967,102.083,188.0,1989-02-16,0.0,27.7,35.7,20.0
TH000048431,"NAKHON RATCHASIMA, TH",14.967,102.083,188.0,1989-02-17,0.0,27.4,36.2,19.2
TH000048431,"NAKHON RATCHASIMA, TH",14.967,102.083,188.0,1989-02-18,0.0,27.6,36.7,20.5
TH000048431,"NAKHON RATCHASIMA, TH",14.967,102.083,188.0,1989-02-19,0.0,29.3,37.1,20.0
TH000048431,"NAKHON RATCHASIMA, TH",14.967,102.083,188.0,1989-02-20,0.0,30.2,36.7,23.8
TH000048431,"NAKHON RATCHASIMA, TH",14.967,102.083,188.0,1989-02-21,0.0,29.5,36.4,23.0
TH000048431,"NAKHON RATCHASIMA, TH",14.967,102.083,188.0,1989-02-22,0.0,29.1,36.3,22.4
TH000048431,"NAKHON RATCHASIMA, TH",14.967,102.083,188.0,1989-02-23,0.0,28.4,35.0,22.7
TH000048431,"NAKHON RATCHASIMA, TH",14.967,102.083,188.0,1989-02-24,0.0,28.4,34.3,23.5
TH000048431,"NAKHON RATCHASIMA, TH",14.967,102.083,188.0,1989-02-25,0.0,28.1,33.8,
TH000048431,"NAKHON RATCHASIMA, TH",14.967,102.083,188.0,1989-02-26,0.0,26.8,33.4,21.5
TH000048431,"NAKHON RATCHASIMA, TH",14.967,102.083,188.0,1989-02-27,0.0,27.8,34.2,21.1
TH000048431,"NAKHON RATCHASIMA, TH",14.967,102.083,188.0,1989-02-28,0.0,27.2,34.6,20.8
TH000048431,"NAKHON RATCHASIMA, TH",14.967,102.083,188.0,1989-03-01,0.0,28.9,36.8,21.2
TH000048431,"NAKHON RATCHASIMA, TH",14.967,102.083,188.0,1989-03-02,0.0,29.8,36.6,22.7
TH000048431,"NAKHON RATCHASIMA, TH",14.967,102.083,188.0,1989-03-03,0.0,30.8,36.5,24.1
TH000048431,"NAKHON RATCHASIMA, TH",14.967,102.083,188.0,1989-03-04,0.0,30.0,37.6,23.6
TH000048431,"NAKHON RATCHASIMA, TH",14.967,102.083,188.0,1989-03-05,1.0,22.4,26.1,
TH000048431,"NAKHON RATCHASIMA, TH",14.967,102.083,188.0,1989-03-06,35.1,19.4,21.1,18.7
TH000048431,"NAKHON RATCHASIMA, TH",14.967,102.083,188.0,1989-03-07,0.0,21.3,25.2,17.7
TH000048431,"NAKHON RATCHASIMA, TH",14.967,102.083,188.0,1989-03-08,0.0,19.8,24.7,17.0
TH000048431,"NAKHON RATCHASIMA, TH",14.967,102.083,188.0,1989-03-09,0.0,21.2,25.5,17.0
TH000048431,"NAKHON RATCHASIMA, TH",14.967,102.083,188.0,1989-03-10,0.0,24.6,30.7,17.2
TH000048431,"NAKHON RATCHASIMA, TH",14.967,102.083,188.0,1989-03-11,0.0,26.6,32.8,19.8
TH000048431,"NAKHON RATCHASIMA, TH",14.967,102.083,188.0,1989-03-12,0.0,28.8,35.4,20.6
TH000048431,"NAKHON RATCHASIMA, TH",14.967,102.083,188.0,1989-03-13,0.0,29.3,36.0,22.0
TH000048431,"NAKHON RATCHASIMA, TH",14.967,102.083,188.0,1989-03-14,0.0,28.7,36.2,20.9
TH000048431,"NAKHON RATCHASIMA, TH",14.967,102.083,188.0,1989-03-15,0.0,30.2,37.2,
TH000048431,"NAKHON RATCHASIMA, TH",14.967,102.083,188.0,1989-03-16,0.0,28.2,33.5,23.4
TH000048431,"NAKHON RATCHASIMA, TH",14.967,102.083,188.0,1989-03-17,0.0,27.1,33.3,23.5
TH000048431,"NAKHON RATCHASIMA, TH",14.967,102.083,188.0,1989-03-18,0.0,29.1,35.6,22.7
TH000048431,"NAKHON RATCHASIMA, TH",14.967,102.083,188.0,1989-03-19,0.0,29.1,37.5,
TH000048431,"NAKHON RATCHASIMA, TH",14.967,102.083,188.0,1989-03-20,40.9,26.8,34.3,21.4
TH000048431,"NAKHON RATCHASIMA, TH",14.967,102.083,188.0,1989-03-21,6.1,25.2,31.5,
TH000048431,"NAKHON RATCHASIMA, TH",14.967,102.083,188.0,1989-03-22,0.0,25.9,33.2,20.4
TH000048431,"NAKHON RATCHASIMA, TH",14.967,102.083,188.0,1989-03-23,0.0,28.3,34.3,23.0
TH000048431,"NAKHON RATCHASIMA, TH",14.967,102.083,188.0,1989-03-24,0.0,28.8,35.4,21.3
TH000048431,"NAKHON RATCHASIMA, TH",14.967,102.083,188.0,1989-03-25,0.0,29.1,35.5,22.0
TH000048431,"NAKHON RATCHASIMA, TH",14.967,102.083,188.0,1989-03-26,0.0,30.2,36.6,22.5
TH000048431,"NAKHON RATCHASIMA, TH",14.967,102.083,188.0,1989-03-27,0.0,30.2,36.5,23.6
TH000048431,"NAKHON RATCHASIMA, TH",14.967,102.083,188.0,1989-03-28,0.0,28.9,34.3,
TH000048431,"NAKHON RATCHASIMA, TH",14.967,102.083,188.0,1989-03-29,0.0,27.1,31.7,23.0
TH000048431,"NAKHON RATCHASIMA, TH",14.967,102.083,188.0,1989-03-30,0.0,28.3,33.4,23.8
TH000048431,"NAKHON RATCHASIMA, TH",14.967,102.083,188.0,1989-03-31,0.3,27.5,35.6,
TH000048431,"NAKHON RATCHASIMA, TH",14.967,102.083,188.0,1989-04-01,0.0,26.4,33.8,22.7
TH000048431,"NAKHON RATCHASIMA, TH",14.967,102.083,188.0,1989-04-02,13.0,28.6,,22.5
TH000048431,"NAKHON RATCHASIMA, TH",14.967,102.083,188.0,1989-04-03,0.0,30.1,37.6,23.0
TH000048431,"NAKHON RATCHASIMA, TH",14.967,102.083,188.0,1989-04-04,,31.8,,22.8
TH000048431,"NAKHON RATCHASIMA, TH",14.967,102.083,188.0,1989-04-05,0.0,30.9,38.7,22.7
TH000048431,"NAKHON RATCHASIMA, TH",14.967,102.083,188.0,1989-04-06,0.0,29.9,37.8,22.8
TH000048431,"NAKHON RATCHASIMA, TH",14.967,102.083,188.0,1989-04-07,0.0,29.6,,23.8
TH000048431,"NAKHON RATCHASIMA, TH",14.967,102.083,188.0,1989-04-08,0.0,30.7,38.2,23.9
TH000048431,"NAKHON RATCHASIMA, TH",14.967,102.083,188.0,1989-04-09,0.0,29.3,37.7,
TH000048431,"NAKHON RATCHASIMA, TH",14.967,102.083,188.0,1989-04-10,2.0,29.3,35.0,23.2
TH000048431,"NAKHON RATCHASIMA, TH",14.967,102.083,188.0,1989-04-11,0.0,30.0,36.7,24.5
TH000048431,"NAKHON RATCHASIMA, TH",14.967,102.083,188.0,1989-04-12,0.0,29.2,36.3,24.7
TH000048431,"NAKHON RATCHASIMA, TH",14.967,102.083,188.0,1989-04-13,0.0,30.6,37.3,25.3
TH000048431,"NAKHON RATCHASIMA, TH",14.967,102.083,188.0,1989-04-14,0.0,31.9,37.7,24.4
TH000048431,"NAKHON RATCHASIMA, TH",14.967,102.083,188.0,1989-04-15,0.0,31.3,38.7,25.8
TH000048431,"NAKHON RATCHASIMA, TH",14.967,102.083,188.0,1989-04-16,0.0,28.8,38.4,
TH000048431,"NAKHON RATCHASIMA, TH",14.967,102.083,188.0,1989-04-17,0.3,30.6,38.3,25.2
TH000048431,"NAKHON RATCHASIMA, TH",14.967,102.083,188.0,1989-04-18,0.0,32.1,39.5,25.3
TH000048431,"NAKHON RATCHASIMA, TH",14.967,102.083,188.0,1989-04-19,0.0,32.9,40.3,25.3
TH000048431,"NAKHON RATCHASIMA, TH",14.967,102.083,188.0,1989-04-20,0.0,32.5,39.9,27.2
TH000048431,"NAKHON RATCHASIMA, TH",14.967,102.083,188.0,1989-04-21,0.0,32.4,40.2,26.8
TH000048431,"NAKHON RATCHASIMA, TH",14.967,102.083,188.0,1989-04-22,0.0,31.8,40.3,26.3
TH000048431,"NAKHON RATCHASIMA, TH",14.967,102.083,188.0,1989-04-23,0.0,32.5,39.7,26.4
TH000048431,"NAKHON RATCHASIMA, TH",14.967,102.083,188.0,1989-04-24,0.0,30.2,37.3,25.4
TH000048431,"NAKHON RATCHASIMA, TH",14.967,102.083,188.0,1989-04-25,0.0,30.7,37.3,
TH000048431,"NAKHON RATCHASIMA, TH",14.967,102.083,188.0,1989-04-26,0.0,29.3,36.3,24.2
TH000048431,"NAKHON RATCHASIMA, TH",14.967,102.083,188.0,1989-04-27,1.0,28.1,35.5,24.4
TH000048431,"NAKHON RATCHASIMA, TH",14.967,102.083,188.0,1989-04-28,0.0,31.8,38.4,24.4
TH000048431,"NAKHON RATCHASIMA, TH",14.967,102.083,188.0,1989-04-29,0.0,31.6,39.8,26.7
TH000048431,"NAKHON RATCHASIMA, TH",14.967,102.083,188.0,1989-04-30,0.3,30.2,37.7,
TH000048431,"NAKHON RATCHASIMA, TH",14.967,102.083,188.0,1989-05-01,0.0,30.5,36.5,24.3
TH000048431,"NAKHON RATCHASIMA, TH",14.967,102.083,188.0,1989-05-02,0.0,31.5,39.2,25.3
TH000048431,"NAKHON RATCHASIMA, TH",14.967,102.083,188.0,1989-05-03,0.0,32.4,40.0,25.5
TH000048431,"NAKHON RATCHASIMA, TH",14.967,102.083,188.0,1989-05-04,0.0,31.9,38.3,25.7
TH000048431,"NAKHON RATCHASIMA, TH",14.967,102.083,188.0,1989-05-05,,31.2,39.5,
TH000048431,"NAKHON RATCHASIMA, TH",14.967,102.083,188.0,1989-05-06,23.9,27.4,35.3,22.8
TH000048431,"NAKHON RATCHASIMA, TH",14.967,102.083,188.0,1989-05-07,30.0,28.8,34.5,23.6
TH000048431,"NAKHON RATCHASIMA, TH",14.967,102.083,188.0,1989-05-08,0.0,29.6,36.4,24.4
TH000048431,"NAKHON RATCHASIMA, TH",14.967,102.083,188.0,1989-05-09,0.0,29.7,36.5,24.8
TH000048431,"NAKHON RATCHASIMA, TH",14.967,102.083,188.0,1989-05-10,5.1,28.9,36.2,25.0
TH000048431,"NAKHON RATCHASIMA, TH",14.967,102.083,188.0,1989-05-11,6.1,29.4,35.1,24.5
TH000048431,"NAKHON RATCHASIMA, TH",14.967,102.083,188.0,1989-05-12,0.0,29.6,35.8,25.2
TH000048431,"NAKHON RATCHASIMA, TH",14.967,102.083,188.0,1989-05-13,7.1,28.2,33.2,23.7
TH000048431,"NAKHON RATCHASIMA, TH",14.967,102.083,188.0,1989-05-14,0.0,27.0,34.3,
TH000048431,"NAKHON RATCHASIMA, TH",14.967,102.083,188.0,1989-05-15,27.9,27.0,31.7,22.9
TH000048431,"NAKHON RATCHASIMA, TH",14.967,102.083,188.0,1989-05-16,0.0,27.6,33.8,
TH000048431,"NAKHON RATCHASIMA, TH",14.967,102.083,188.0,1989-05-17,106.9,28.5,35.5,24.2
TH000048431,"NAKHON RATCHASIMA, TH",14.967,102.083,188.0,1989-05-18,0.0,28.7,,25.8
TH000048431,"NAKHON RATCHASIMA, TH",14.967,102.083,188.0,1989-05-19,0.3,27.8,37.0,
TH000048431,"NAKHON RATCHASIMA, TH",14.967,102.083,188.0,1989-05-20,0.5,28.9,33.8,24.2
TH000048431,"NAKHON RATCHASIMA, TH",14.967,102.083,188.0,1989-05-21,0.0,29.5,35.3,23.5
TH000048431,"NAKHON RATCHASIMA, TH",14.967,102.083,188.0,1989-05-22,0.0,30.6,,24.6
TH000048431,"NAKHON RATCHASIMA, TH",14.967,102.083,188.0,1989-05-23,0.0,30.1,35.3,26.3
TH000048431,"NAKHON RATCHASIMA, TH",14.967,102.083,188.0,1989-05-24,1.0,28.2,35.8,
TH000048431,"NAKHON RATCHASIMA, TH",14.967,102.083,188.0,1989-05-25,21.1,27.1,34.5,
TH000048431,"NAKHON RATCHASIMA, TH",14.967,102.083,188.0,1989-05-26,0.5,28.7,31.8,24.7
TH000048431,"NAKHON RATCHASIMA, TH",14.967,102.083,188.0,1989-05-27,0.0,26.1,28.0,
TH000048431,"NAKHON RATCHASIMA, TH",14.967,102.083,188.0,1989-05-28,4.1,27.6,33.6,23.8
TH000048431,"NAKHON RATCHASIMA, TH",14.967,102.083,188.0,1989-05-29,11.9,28.6,34.7,23.3
TH000048431,"NAKHON RATCHASIMA, TH",14.967,102.083,188.0,1989-05-30,0.0,27.8,34.0,24.3
TH000048431,"NAKHON RATCHASIMA, TH",14.967,102.083,188.0,1989-05-31,17.0,28.3,34.2,24.4
TH000048431,"NAKHON RATCHASIMA, TH",14.967,102.083,188.0,1989-06-01,0.3,27.4,33.3,24.9
TH000048431,"NAKHON RATCHASIMA, TH",14.967,102.083,188.0,1989-06-02,0.3,28.0,32.7,24.7
TH000048431,"NAKHON RATCHASIMA, TH",14.967,102.083,188.0,1989-06-03,0.5,28.5,34.2,24.7
TH000048431,"NAKHON RATCHASIMA, TH",14.967,102.083,188.0,1989-06-04,0.0,27.9,34.7,24.8
TH000048431,"NAKHON RATCHASIMA, TH",14.967,102.083,188.0,1989-06-05,18.0,29.3,,24.7
TH000048431,"NAKHON RATCHASIMA, TH",14.967,102.083,188.0,1989-06-06,0.0,29.3,34.2,25.3
TH000048431,"NAKHON RATCHASIMA, TH",14.967,102.083,188.0,1989-06-07,0.0,29.1,35.4,
TH000048431,"NAKHON RATCHASIMA, TH",14.967,102.083,188.0,1989-06-08,6.1,28.8,35.4,24.0
TH000048431,"NAKHON RATCHASIMA, TH",14.967,102.083,188.0,1989-06-09,3.0,29.9,33.5,24.1
TH000048431,"NAKHON RATCHASIMA, TH",14.967,102.083,188.0,1989-06-10,0.0,29.2,33.2,25.0
TH000048431,"NAKHON RATCHASIMA, TH",14.967,102.083,188.0,1989-06-11,0.0,28.0,31.5,25.5
TH000048431,"NAKHON RATCHASIMA, TH",14.967,102.083,188.0,1989-06-12,0.0,27.4,31.3,25.3
TH000048431,"NAKHON RATCHASIMA, TH",14.967,102.083,188.0,1989-06-13,0.0,27.9,33.6,25.0
TH000048431,"NAKHON RATCHASIMA, TH",14.967,102.083,188.0,1989-06-14,6.1,27.3,30.4,24.2
TH000048431,"NAKHON RATCHASIMA, TH",14.967,102.083,188.0,1989-06-15,0.3,26.9,32.1,
TH000048431,"NAKHON RATCHASIMA, TH",14.967,102.083,188.0,1989-06-16,9.9,28.2,34.0,23.8
TH000048431,"NAKHON RATCHASIMA, TH",14.967,102.083,188.0,1989-06-17,0.0,29.2,34.4,23.7
TH000048431,"NAKHON RATCHASIMA, TH",14.967,102.083,188.0,1989-06-18,0.0,29.2,34.7,24.2
TH000048431,"NAKHON RATCHASIMA, TH",14.967,102.083,188.0,1989-06-19,0.0,28.9,34.2,24.0
TH000048431,"NAKHON RATCHASIMA, TH",14.967,102.083,188.0,1989-06-20,0.0,29.9,34.9,24.3
TH000048431,"NAKHON RATCHASIMA, TH",14.967,102.083,188.0,1989-06-21,0.0,29.2,34.6,
TH000048431,"NAKHON RATCHASIMA, TH",14.967,102.083,188.0,1989-06-22,0.0,29.9,35.3,24.2
TH000048431,"NAKHON RATCHASIMA, TH",14.967,102.083,188.0,1989-06-23,0.0,29.3,35.7,24.1
TH000048431,"NAKHON RATCHASIMA, TH",14.967,102.083,188.0,1989-06-24,,28.6,32.8,24.2
TH000048431,"NAKHON RATCHASIMA, TH",14.967,102.083,188.0,1989-06-25,0.0,29.8,34.8,24.7
TH000048431,"NAKHON RATCHASIMA, TH",14.967,102.083,188.0,1989-06-26,,27.8,32.6,
TH000048431,"NAKHON RATCHASIMA, TH",14.967,102.083,188.0,1989-06-27,27.9,26.2,28.5,23.0
TH000048431,"NAKHON RATCHASIMA, TH",14.967,102.083,188.0,1989-06-28,1.0,26.6,31.3,
TH000048431,"NAKHON RATCHASIMA, TH",14.967,102.083,188.0,1989-06-29,0.0,29.1,34.8,22.3
TH000048431,"NAKHON RATCHASIMA, TH",14.967,102.083,188.0,1989-06-30,0.0,29.8,34.6,24.2
TH000048431,"NAKHON RATCHASIMA, TH",14.967,102.083,188.0,1989-07-01,0.0,29.9,34.8,25.4
TH000048431,"NAKHON RATCHASIMA, TH",14.967,102.083,188.0,1989-07-02,0.0,28.7,34.2,25.0
TH000048431,"NAKHON RATCHASIMA, TH",14.967,102.083,188.0,1989-07-03,0.5,29.2,35.0,
TH000048431,"NAKHON RATCHASIMA, TH",14.967,102.083,188.0,1989-07-04,0.0,28.1,34.7,23.9
TH000048431,"NAKHON RATCHASIMA, TH",14.967,102.083,188.0,1989-07-05,4.1,25.4,27.5,
TH000048431,"NAKHON RATCHASIMA, TH",14.967,102.083,188.0,1989-07-06,53.1,28.2,32.8,23.8
TH000048431,"NAKHON RATCHASIMA, TH",14.967,102.083,188.0,1989-07-07,2.0,28.8,33.4,24.7
TH000048431,"NAKHON RATCHASIMA, TH",14.967,102.083,188.0,1989-07-08,0.0,29.5,34.8,24.8
TH000048431,"NAKHON RATCHASIMA, TH",14.967,102.083,188.0,1989-07-09,0.0,28.4,36.0,
TH000048431,"NAKHON RATCHASIMA, TH",14.967,102.083,188.0,1989-07-10,40.9,27.1,33.4,24.3
TH000048431,"NAKHON RATCHASIMA, TH",14.967,102.083,188.0,1989-07-11,23.9,28.0,32.3,24.5
TH000048431,"NAKHON RATCHASIMA, TH",14.967,102.083,188.0,1989-07-12,0.0,26.7,31.7,24.2
TH000048431,"NAKHON RATCHASIMA, TH",14.967,102.083,188.0,1989-07-13,15.0,27.2,32.1,23.8
TH000048431,"NAKHON RATCHASIMA, TH",14.967,102.083,188.0,1989-07-14,2.0,28.3,32.3,24.6
TH000048431,"NAKHON RATCHASIMA, TH",14.967,102.083,188.0,1989-07-15,0.0,26.2,31.2,
TH000048431,"NAKHON RATCHASIMA, TH",14.967,102.083,188.0,1989-07-16,0.3,29.2,34.8,23.0
TH000048431,"NAKHON RATCHASIMA, TH",14.967,102.083,188.0,1989-07-17,0.0,29.1,34.3,
TH000048431,"NAKHON RATCHASIMA, TH",14.967,102.083,188.0,1989-07-18,0.0,30.0,,24.6
TH000048431,"NAKHON RATCHASIMA, TH",14.967,102.083,188.0,1989-07-19,0.0,29.2,34.2,24.5
TH000048431,"NAKHON RATCHASIMA, TH",14.967,102.083,188.0,1989-07-20,0.0,27.6,32.7,25.1
TH000048431,"NAKHON RATCHASIMA, TH",14.967,102.083,188.0,1989-07-21,8.9,28.6,34.4,24.3
TH000048431,"NAKHON RATCHASIMA, TH",14.967,102.083,188.0,1989-07-22,0.3,28.4,32.6,24.5
TH000048431,"NAKHON RATCHASIMA, TH",14.967,102.083,188.0,1989-07-23,0.0,28.6,32.7,25.3
TH000048431,"NAKHON RATCHASIMA, TH",14.967,102.083,188.0,1989-07-24,,27.1,31.0,
TH000048431,"NAKHON RATCHASIMA, TH",14.967,102.083,188.0,1989-07-25,4.1,26.7,31.4,23.8
TH000048431,"NAKHON RATCHASIMA, TH",14.967,102.083,188.0,1989-07-26,25.9,26.2,31.4,23.7
TH000048431,"NAKHON RATCHASIMA, TH",14.967,102.083,188.0,1989-07-27,7.1,28.8,34.7,
TH000048431,"NAKHON RATCHASIMA, TH",14.967,102.083,188.0,1989-07-28,0.0,28.3,33.8,23.8
TH000048431,"NAKHON RATCHASIMA, TH",14.967,102.083,188.0,1989-07-29,0.0,29.6,34.5,24.6
TH000048431,"NAKHON RATCHASIMA, TH",14.967,102.083,188.0,1989-07-30,0.0,29.0,33.2,25.5
TH000048431,"NAKHON RATCHASIMA, TH",14.967,102.083,188.0,1989-07-31,0.0,29.1,32.8,25.3
TH000048431,"NAKHON RATCHASIMA, TH",14.967,102.083,188.0,1989-08-01,0.0,29.4,34.3,24.7
TH000048431,"NAKHON RATCHASIMA, TH",14.967,102.083,188.0,1989-08-02,0.0,29.3,34.7,24.9
TH000048431,"NAKHON RATCHASIMA, TH",14.967,102.083,188.0,1989-08-03,0.0,28.1,31.4,25.3
TH000048431,"NAKHON RATCHASIMA, TH",14.967,102.083,188.0,1989-08-04,0.3,27.6,31.2,25.3
TH000048431,"NAKHON RATCHASIMA, TH",14.967,102.083,188.0,1989-08-05,0.3,28.8,34.6,24.3
TH000048431,"NAKHON RATCHASIMA, TH",14.967,102.083,188.0,1989-08-06,1.0,29.4,34.8,25.2
TH000048431,"NAKHON RATCHASIMA, TH",14.967,102.083,188.0,1989-08-07,0.0,29.3,35.2,25.0
TH000048431,"NAKHON RATCHASIMA, TH",14.967,102.083,188.0,1989-08-08,0.0,29.4,35.3,24.7
TH000048431,"NAKHON RATCHASIMA, TH",14.967,102.083,188.0,1989-08-09,0.0,28.7,35.2,
TH000048431,"NAKHON RATCHASIMA, TH",14.967,102.083,188.0,1989-08-10,0.5,26.9,32.1,24.3
TH000048431,"NAKHON RATCHASIMA, TH",14.967,102.083,188.0,1989-08-11,,27.3,31.8,24.3
TH000048431,"NAKHON RATCHASIMA, TH",14.967,102.083,188.0,1989-08-12,7.9,28.6,33.8,24.1
TH000048431,"NAKHON RATCHASIMA, TH",14.967,102.083,188.0,1989-08-13,0.0,28.6,33.5,24.4
TH000048431,"NAKHON RATCHASIMA, TH",14.967,102.083,188.0,1989-08-14,,26.2,33.4,
TH000048431,"NAKHON RATCHASIMA, TH",14.967,102.083,188.0,1989-08-15,34.0,26.7,,24.0
TH000048431,"NAKHON RATCHASIMA, TH",14.967,102.083,188.0,1989-08-16,1.0,28.5,33.8,23.8
TH000048431,"NAKHON RATCHASIMA, TH",14.967,102.083,188.0,1989-08-17,0.0,29.3,34.6,23.8
TH000048431,"NAKHON RATCHASIMA, TH",14.967,102.083,188.0,1989-08-18,0.0,30.0,35.7,24.3
TH000048431,"NAKHON RATCHASIMA, TH",14.967,102.083,188.0,1989-08-19,0.0,28.1,34.7,24.7
TH000048431,"NAKHON RATCHASIMA, TH",14.967,102.083,188.0,1989-08-20,3.0,29.6,35.3,
TH000048431,"NAKHON RATCHASIMA, TH",14.967,102.083,188.0,1989-08-21,4.1,26.5,33.0,24.2
TH000048431,"NAKHON RATCHASIMA, TH",14.967,102.083,188.0,1989-08-22,7.9,27.5,34.0,23.9
TH000048431,"NAKHON RATCHASIMA, TH",14.967,102.083,188.0,1989-08-23,18.0,26.7,33.0,
TH000048431,"NAKHON RATCHASIMA, TH",14.967,102.083,188.0,1989-08-24,10.9,27.2,33.0,23.3
TH000048431,"NAKHON RATCHASIMA, TH",14.967,102.083,188.0,1989-08-25,0.0,26.3,32.1,23.7
TH000048431,"NAKHON RATCHASIMA, TH",14.967,102.083,188.0,1989-08-26,5.1,28.0,32.7,22.8
TH000048431,"NAKHON RATCHASIMA, TH",14.967,102.083,188.0,1989-08-27,0.0,28.6,34.2,24.0
TH000048431,"NAKHON RATCHASIMA, TH",14.967,102.083,188.0,1989-08-28,0.0,28.9,33.8,
TH000048431,"NAKHON RATCHASIMA, TH",14.967,102.083,188.0,1989-08-29,,27.0,33.7,
TH000048431,"NAKHON RATCHASIMA, TH",14.967,102.083,188.0,1989-08-30,11.9,27.3,33.6,23.8
TH000048431,"NAKHON RATCHASIMA, TH",14.967,102.083,188.0,1989-08-31,0.0,29.4,,24.0
TH000048431,"NAKHON RATCHASIMA, TH",14.967,102.083,188.0,1989-09-01,,28.3,33.3,
TH000048431,"NAKHON RATCHASIMA, TH",14.967,102.083,188.0,1989-09-02,,28.9,31.5,
TH000048431,"NAKHON RATCHASIMA, TH",14.967,102.083,188.0,1989-09-03,0.0,27.9,32.6,24.5
TH000048431,"NAKHON RATCHASIMA, TH",14.967,102.083,188.0,1989-09-04,0.5,28.4,33.2,24.6
TH000048431,"NAKHON RATCHASIMA, TH",14.967,102.083,188.0,1989-09-05,0.0,28.1,33.2,24.2
TH000048431,"NAKHON RATCHASIMA, TH",14.967,102.083,188.0,1989-09-06,0.0,27.9,32.7,23.7
TH000048431,"NAKHON RATCHASIMA, TH",14.967,102.083,188.0,1989-09-07,,26.6,33.4,
TH000048431,"NAKHON RATCHASIMA, TH",14.967,102.083,188.0,1989-09-08,11.9,25.9,28.7,23.0
TH000048431,"NAKHON RATCHASIMA, TH",14.967,102.083,188.0,1989-09-09,0.3,27.6,31.7,24.0
TH000048431,"NAKHON RATCHASIMA, TH",14.967,102.083,188.0,1989-09-10,0.3,29.3,34.2,24.7
TH000048431,"NAKHON RATCHASIMA, TH",14.967,102.083,188.0,1989-09-11,0.0,28.6,33.8,24.4
TH000048431,"NAKHON RATCHASIMA, TH",14.967,102.083,188.0,1989-09-12,0.0,29.1,33.5,25.5
TH000048431,"NAKHON RATCHASIMA, TH",14.967,102.083,188.0,1989-09-13,0.0,27.4,34.1,
TH000048431,"NAKHON RATCHASIMA, TH",14.967,102.083,188.0,1989-09-14,1.0,26.8,30.3,23.5
TH000048431,"NAKHON RATCHASIMA, TH",14.967,102.083,188.0,1989-09-15,0.0,28.2,33.3,23.8
TH000048431,"NAKHON RATCHASIMA, TH",14.967,102.083,188.0,1989-09-16,0.0,27.1,32.3,22.8
TH000048431,"NAKHON RATCHASIMA, TH",14.967,102.083,188.0,1989-09-17,0.0,28.0,32.4,22.4
TH000048431,"NAKHON RATCHASIMA, TH",14.967,102.083,188.0,1989-09-18,,27.6,33.7,
TH000048431,"NAKHON RATCHASIMA, TH",14.967,102.083,188.0,1989-09-19,50.0,28.2,33.3,23.2
TH000048431,"NAKHON RATCHASIMA, TH",14.967,102.083,188.0,1989-09-20,0.0,28.3,33.3,25.0
TH000048431,"NAKHON RATCHASIMA, TH",14.967,102.083,188.0,1989-09-21,0.0,28.9,34.4,
TH000048431,"NAKHON RATCHASIMA, TH",14.967,102.083,188.0,1989-09-22,0.0,26.8,33.0,23.4
TH000048431,"NAKHON RATCHASIMA, TH",14.967,102.083,188.0,1989-09-23,11.9,27.9,32.4,23.8
TH000048431,"NAKHON RATCHASIMA, TH",14.967,102.083,188.0,1989-09-24,0.0,26.5,32.3,
TH000048431,"NAKHON RATCHASIMA, TH",14.967,102.083,188.0,1989-09-25,0.0,26.7,31.2,22.8
TH000048431,"NAKHON RATCHASIMA, TH",14.967,102.083,188.0,1989-09-26,0.0,26.0,33.2,23.4
TH000048431,"NAKHON RATCHASIMA, TH",14.967,102.083,188.0,1989-09-27,10.9,28.3,33.3,22.7
TH000048431,"NAKHON RATCHASIMA, TH",14.967,102.083,188.0,1989-09-28,4.1,28.6,,24.5
TH000048431,"NAKHON RATCHASIMA, TH",14.967,102.083,188.0,1989-09-29,0.0,28.2,,24.4
TH000048431,"NAKHON RATCHASIMA, TH",14.967,102.083,188.0,1989-09-30,0.0,27.8,33.4,23.4
TH000048431,"NAKHON RATCHASIMA, TH",14.967,102.083,188.0,1989-10-01,0.0,28.6,34.2,23.3
TH000048431,"NAKHON RATCHASIMA, TH",14.967,102.083,188.0,1989-10-02,0.0,28.6,33.2,24.3
TH000048431,"NAKHON RATCHASIMA, TH",14.967,102.083,188.0,1989-10-03,0.3,28.9,33.4,24.5
TH000048431,"NAKHON RATCHASIMA, TH",14.967,102.083,188.0,1989-10-04,0.0,26.4,32.2,24.2
TH000048431,"NAKHON RATCHASIMA, TH",14.967,102.083,188.0,1989-10-05,2.0,26.1,30.6,23.7
TH000048431,"NAKHON RATCHASIMA, TH",14.967,102.083,188.0,1989-10-06,2.0,27.2,32.5,23.6
TH000048431,"NAKHON RATCHASIMA, TH",14.967,102.083,188.0,1989-10-07,31.0,27.0,31.3,23.3
TH000048431,"NAKHON RATCHASIMA, TH",14.967,102.083,188.0,1989-10-08,1.0,27.4,32.2,24.2
TH000048431,"NAKHON RATCHASIMA, TH",14.967,102.083,188.0,1989-10-09,0.0,27.0,31.4,23.8
TH000048431,"NAKHON RATCHASIMA, TH",14.967,102.083,188.0,1989-10-10,0.0,27.7,,
TH000048431,"NAKHON RATCHASIMA, TH",14.967,102.083,188.0,1989-10-11,0.3,24.9,27.9,
TH000048431,"NAKHON RATCHASIMA, TH",14.967,102.083,188.0,1989-10-12,0.5,26.2,30.7,22.9
TH000048431,"NAKHON RATCHASIMA, TH",14.967,102.083,188.0,1989-10-13,0.0,27.7,32.6,22.6
TH000048431,"NAKHON RATCHASIMA, TH",14.967,102.083,188.0,1989-10-14,0.0,27.9,33.5,24.2
TH000048431,"NAKHON RATCHASIMA, TH",14.967,102.083,188.0,1989-10-15,0.0,26.1,32.2,
TH000048431,"NAKHON RATCHASIMA, TH",14.967,102.083,188.0,1989-10-16,59.9,26.4,31.3,22.7
TH000048431,"NAKHON RATCHASIMA, TH",14.967,102.083,188.0,1989-10-17,14.0,25.7,30.7,
TH000048431,"NAKHON RATCHASIMA, TH",14.967,102.083,188.0,1989-10-18,18.0,25.1,29.6,22.5
TH000048431,"NAKHON RATCHASIMA, TH",14.967,102.083,188.0,1989-10-19,52.1,24.2,29.2,
TH000048431,"NAKHON RATCHASIMA, TH",14.967,102.083,188.0,1989-10-20,38.1,23.8,27.1,20.5
TH000048431,"NAKHON RATCHASIMA, TH",14.967,102.083,188.0,1989-10-21,0.3,23.3,28.0,19.3
TH000048431,"NAKHON RATCHASIMA, TH",14.967,102.083,188.0,1989-10-22,0.0,24.3,29.4,18.6
TH000048431,"NAKHON RATCHASIMA, TH",14.967,102.083,188.0,1989-10-23,0.0,23.9,27.4,20.3
TH000048431,"NAKHON RATCHASIMA, TH",14.967,102.083,188.0,1989-10-24,0.0,25.8,30.5,20.0
TH000048431,"NAKHON RATCHASIMA, TH",14.967,102.083,188.0,1989-10-25,0.0,27.1,31.3,22.0
TH000048431,"NAKHON RATCHASIMA, TH",14.967,102.083,188.0,1989-10-26,0.0,27.0,32.0,22.6
TH000048431,"NAKHON RATCHASIMA, TH",14.967,102.083,188.0,1989-10-27,0.0,27.7,32.3,22.2
TH000048431,"NAKHON RATCHASIMA, TH",14.967,102.083,188.0,1989-10-28,0.0,28.4,32.3,22.8
TH000048431,"NAKHON RATCHASIMA, TH",14.967,102.083,188.0,1989-10-29,0.0,27.2,30.7,22.7
TH000048431,"NAKHON RATCHASIMA, TH",14.967,102.083,188.0,1989-10-30,0.0,26.8,30.8,23.7
TH000048431,"NAKHON RATCHASIMA, TH",14.967,102.083,188.0,1989-10-31,0.0,26.1,30.1,22.3
TH000048431,"NAKHON RATCHASIMA, TH",14.967,102.083,188.0,1989-11-01,0.0,26.7,31.0,22.4
TH000048431,"NAKHON RATCHASIMA, TH",14.967,102.083,188.0,1989-11-02,0.0,26.3,30.7,22.9
TH000048431,"NAKHON RATCHASIMA, TH",14.967,102.083,188.0,1989-11-03,0.0,26.9,31.3,22.2
TH000048431,"NAKHON RATCHASIMA, TH",14.967,102.083,188.0,1989-11-04,0.0,26.9,31.2,22.3
TH000048431,"NAKHON RATCHASIMA, TH",14.967,102.083,188.0,1989-11-05,0.0,26.1,30.1,22.8
TH000048431,"NAKHON RATCHASIMA, TH",14.967,102.083,188.0,1989-11-06,1.0,26.3,32.0,23.0
TH000048431,"NAKHON RATCHASIMA, TH",14.967,102.083,188.0,1989-11-07,0.3,26.4,31.4,22.9
TH000048431,"NAKHON RATCHASIMA, TH",14.967,102.083,188.0,1989-11-08,0.0,27.1,31.3,22.2
TH000048431,"NAKHON RATCHASIMA, TH",14.967,102.083,188.0,1989-11-09,0.0,27.4,31.0,24.2
TH000048431,"NAKHON RATCHASIMA, TH",14.967,102.083,188.0,1989-11-10,0.0,27.7,30.2,
TH000048431,"NAKHON RATCHASIMA, TH",14.967,102.083,188.0,1989-11-11,0.0,27.0,31.0,23.6
TH000048431,"NAKHON RATCHASIMA, TH",14.967,102.083,188.0,1989-11-12,0.0,26.7,,22.5
TH000048431,"NAKHON RATCHASIMA, TH",14.967,102.083,188.0,1989-11-13,0.0,27.1,31.3,
TH000048431,"NAKHON RATCHASIMA, TH",14.967,102.083,188.0,1989-11-14,0.0,26.3,31.0,22.2
TH000048431,"NAKHON RATCHASIMA, TH",14.967,102.083,188.0,1989-11-15,0.0,26.1,30.6,21.1
TH000048431,"NAKHON RATCHASIMA, TH",14.967,102.083,188.0,1989-11-16,0.0,25.7,,22.8
TH000048431,"NAKHON RATCHASIMA, TH",14.967,102.083,188.0,1989-11-17,0.0,25.6,30.8,
TH000048431,"NAKHON RATCHASIMA, TH",14.967,102.083,188.0,1989-11-18,0.0,24.4,30.0,20.0
TH000048431,"NAKHON RATCHASIMA, TH",14.967,102.083,188.0,1989-11-19,0.0,22.9,,19.0
TH000048431,"NAKHON RATCHASIMA, TH",14.967,102.083,188.0,1989-11-20,0.0,23.2,27.5,18.7
TH000048431,"NAKHON RATCHASIMA, TH",14.967,102.083,188.0,1989-11-21,0.0,22.7,27.8,18.1
TH000048431,"NAKHON RATCHASIMA, TH",14.967,102.083,188.0,1989-11-22,0.0,23.3,28.8,18.4
TH000048431,"NAKHON RATCHASIMA, TH",14.967,102.083,188.0,1989-11-23,0.0,22.7,,17.2
TH000048431,"NAKHON RATCHASIMA, TH",14.967,102.083,188.0,1989-11-24,0.0,23.7,27.8,
TH000048431,"NAKHON RATCHASIMA, TH",14.967,102.083,188.0,1989-11-25,0.0,21.2,27.7,16.2
TH000048431,"NAKHON RATCHASIMA, TH",14.967,102.083,188.0,1989-11-26,0.0,23.4,29.4,16.3
TH000048431,"NAKHON RATCHASIMA, TH",14.967,102.083,188.0,1989-11-27,,26.4,31.3,18.6
TH000048431,"NAKHON RATCHASIMA, TH",14.967,102.083,188.0,1989-11-28,0.0,24.1,29.7,
TH000048431,"NAKHON RATCHASIMA, TH",14.967,102.083,188.0,1989-11-29,0.0,21.9,26.5,18.3
TH000048431,"NAKHON RATCHASIMA, TH",14.967,102.083,188.0,1989-11-30,0.0,21.6,26.5,17.8
TH000048431,"NAKHON RATCHASIMA, TH",14.967,102.083,188.0,1989-12-01,0.0,21.5,26.7,
TH000048431,"NAKHON RATCHASIMA, TH",14.967,102.083,188.0,1989-12-02,0.0,20.8,25.8,16.6
TH000048431,"NAKHON RATCHASIMA, TH",14.967,102.083,188.0,1989-12-03,0.0,19.7,26.5,
TH000048431,"NAKHON RATCHASIMA, TH",14.967,102.083,188.0,1989-12-04,0.0,20.8,28.1,13.0
TH000048431,"NAKHON RATCHASIMA, TH",14.967,102.083,188.0,1989-12-05,0.0,21.6,29.4,13.3
TH000048431,"NAKHON RATCHASIMA, TH",14.967,102.083,188.0,1989-12-06,0.0,22.2,30.2,14.7
TH000048431,"NAKHON RATCHASIMA, TH",14.967,102.083,188.0,1989-12-07,0.0,22.9,30.1,15.0
TH000048431,"NAKHON RATCHASIMA, TH",14.967,102.083,188.0,1989-12-08,0.0,22.9,29.3,16.2
TH000048431,"NAKHON RATCHASIMA, TH",14.967,102.083,188.0,1989-12-09,0.0,22.4,28.8,16.6
TH000048431,"NAKHON RATCHASIMA, TH",14.967,102.083,188.0,1989-12-10,0.0,22.3,28.9,15.7
TH000048431,"NAKHON RATCHASIMA, TH",14.967,102.083,188.0,1989-12-11,0.0,22.6,29.3,16.1
TH000048431,"NAKHON RATCHASIMA, TH",14.967,102.083,188.0,1989-12-12,0.0,23.4,29.5,17.0
TH000048431,"NAKHON RATCHASIMA, TH",14.967,102.083,188.0,1989-12-13,0.0,23.6,30.2,18.3
TH000048431,"NAKHON RATCHASIMA, TH",14.967,102.083,188.0,1989-12-14,0.0,22.3,,16.7
TH000048431,"NAKHON RATCHASIMA, TH",14.967,102.083,188.0,1989-12-15,0.0,21.8,27.5,15.6
TH000048431,"NAKHON RATCHASIMA, TH",14.967,102.083,188.0,1989-12-16,0.0,22.6,28.0,16.7
TH000048431,"NAKHON RATCHASIMA, TH",14.967,102.083,188.0,1989-12-17,0.0,21.5,27.4,16.2
TH000048431,"NAKHON RATCHASIMA, TH",14.967,102.083,188.0,1989-12-18,0.0,20.6,28.3,15.3
TH000048431,"NAKHON RATCHASIMA, TH",14.967,102.083,188.0,1989-12-19,0.0,23.0,,14.9
TH000048431,"NAKHON RATCHASIMA, TH",14.967,102.083,188.0,1989-12-20,0.0,20.4,,16.5
TH000048431,"NAKHON RATCHASIMA, TH",14.967,102.083,188.0,1989-12-21,0.0,22.6,29.8,15.7
TH000048431,"NAKHON RATCHASIMA, TH",14.967,102.083,188.0,1989-12-22,0.0,24.2,30.8,16.2
TH000048431,"NAKHON RATCHASIMA, TH",14.967,102.083,188.0,1989-12-23,0.0,24.5,31.9,17.5
TH000048431,"NAKHON RATCHASIMA, TH",14.967,102.083,188.0,1989-12-24,0.0,24.4,31.8,17.0
TH000048431,"NAKHON RATCHASIMA, TH",14.967,102.083,188.0,1989-12-25,0.0,25.6,32.6,17.6
TH000048431,"NAKHON RATCHASIMA, TH",14.967,102.083,188.0,1989-12-26,0.0,26.1,33.4,18.8
TH000048431,"NAKHON RATCHASIMA, TH",14.967,102.083,188.0,1989-12-27,0.0,25.9,,20.7
TH000048431,"NAKHON RATCHASIMA, TH",14.967,102.083,188.0,1989-12-28,0.0,26.5,32.7,19.9
TH000048431,"NAKHON RATCHASIMA, TH",14.967,102.083,188.0,1989-12-29,0.0,27.6,33.5,20.2
TH000048431,"NAKHON RATCHASIMA, TH",14.967,102.083,188.0,1989-12-30,0.0,27.1,33.7,21.7
TH000048431,"NAKHON RATCHASIMA, TH",14.967,102.083,188.0,1989-12-31,0.0,26.3,33.2,21.2
TH000048431,"NAKHON RATCHASIMA, TH",14.967,102.083,188.0,1990-01-01,0.0,28.5,34.2,20.9
TH000048431,"NAKHON RATCHASIMA, TH",14.967,102.083,188.0,1990-01-02,0.0,27.8,33.8,22.2
TH000048431,"NAKHON RATCHASIMA, TH",14.967,102.083,188.0,1990-01-03,0.0,26.6,31.5,
TH000048431,"NAKHON RATCHASIMA, TH",14.967,102.083,188.0,1990-01-04,0.0,25.1,32.2,
TH000048431,"NAKHON RATCHASIMA, TH",14.967,102.083,188.0,1990-01-05,0.0,25.7,32.0,19.4
TH000048431,"NAKHON RATCHASIMA, TH",14.967,102.083,188.0,1990-01-06,0.0,26.4,32.8,19.7
TH000048431,"NAKHON RATCHASIMA, TH",14.967,102.083,188.0,1990-01-07,0.0,24.9,31.2,
TH000048431,"NAKHON RATCHASIMA, TH",14.967,102.083,188.0,1990-01-08,0.0,24.6,31.5,18.8
TH000048431,"NAKHON RATCHASIMA, TH",14.967,102.083,188.0,1990-01-09,0.0,26.0,33.0,18.4
TH000048431,"NAKHON RATCHASIMA, TH",14.967,102.083,188.0,1990-01-10,0.0,27.9,33.9,20.2
TH000048431,"NAKHON RATCHASIMA, TH",14.967,102.083,188.0,1990-01-11,0.0,28.2,34.5,21.9
TH000048431,"NAKHON RATCHASIMA, TH",14.967,102.083,188.0,1990-01-12,0.0,27.9,33.8,22.7
TH000048431,"NAKHON RATCHASIMA, TH",14.967,102.083,188.0,1990-01-13,0.0,26.4,33.1,22.2
TH000048431,"NAKHON RATCHASIMA, TH",14.967,102.083,188.0,1990-01-14,0.0,27.7,33.3,21.3
TH000048431,"NAKHON RATCHASIMA, TH",14.967,102.083,188.0,1990-01-15,0.0,28.1,34.7,22.4
TH000048431,"NAKHON RATCHASIMA, TH",14.967,102.083,188.0,1990-01-16,0.0,28.9,33.3,22.3
TH000048431,"NAKHON RATCHASIMA, TH",14.967,102.083,188.0,1990-01-17,0.0,25.2,30.8,21.6
TH000048431,"NAKHON RATCHASIMA, TH",14.967,102.083,188.0,1990-01-18,0.0,27.4,34.9,
TH000048431,"NAKHON RATCHASIMA, TH",14.967,102.083,188.0,1990-01-19,1.0,27.3,33.7,21.9
TH000048431,"NAKHON RATCHASIMA, TH",14.967,102.083,188.0,1990-01-20,0.0,25.6,29.8,
TH000048431,"NAKHON RATCHASIMA, TH",14.967,102.083,188.0,1990-01-21,0.0,24.4,29.4,19.8
TH000048431,"NAKHON RATCHASIMA, TH",14.967,102.083,188.0,1990-01-22,0.0,25.1,30.7,19.2
TH000048431,"NAKHON RATCHASIMA, TH",14.967,102.083,188.0,1990-01-23,0.0,23.2,,
TH000048431,"NAKHON RATCHASIMA, TH",14.967,102.083,188.0,1990-01-24,0.0,23.0,27.4,15.6
TH000048431,"NAKHON RATCHASIMA, TH",14.967,102.083,188.0,1990-01-25,0.0,23.6,29.2,17.5
TH000048431,"NAKHON RATCHASIMA, TH",14.967,102.083,188.0,1990-01-26,0.0,22.6,29.6,18.2
TH000048431,"NAKHON RATCHASIMA, TH",14.967,102.083,188.0,1990-01-27,0.0,23.6,29.3,14.8
TH000048431,"NAKHON RATCHASIMA, TH",14.967,102.083,188.0,1990-01-28,0.0,23.7,30.4,17.3
TH000048431,"NAKHON RATCHASIMA, TH",14.967,102.083,188.0,1990-01-29,0.0,25.3,32.4,17.1
TH000048431,"NAKHON RATCHASIMA, TH",14.967,102.083,188.0,1990-01-30,0.0,25.4,33.6,17.6
TH000048431,"NAKHON RATCHASIMA, TH",14.967,102.083,188.0,1990-01-31,0.0,28.3,34.4,19.0
TH000048431,"NAKHON RATCHASIMA, TH",14.967,102.083,188.0,1990-02-01,0.0,23.7,30.2,
TH000048431,"NAKHON RATCHASIMA, TH",14.967,102.083,188.0,1990-02-02,0.0,24.6,31.4,17.7
TH000048431,"NAKHON RATCHASIMA, TH",14.967,102.083,188.0,1990-02-03,0.0,25.9,33.3,18.0
TH000048431,"NAKHON RATCHASIMA, TH",14.967,102.083,188.0,1990-02-04,0.0,25.2,32.2,18.8
TH000048431,"NAKHON RATCHASIMA, TH",14.967,102.083,188.0,1990-02-05,0.0,24.9,32.8,18.3
TH000048431,"NAKHON RATCHASIMA, TH",14.967,102.083,188.0,1990-02-06,0.0,26.2,31.7,20.5
TH000048431,"NAKHON RATCHASIMA, TH",14.967,102.083,188.0,1990-02-07,0.0,26.3,,20.6
TH000048431,"NAKHON RATCHASIMA, TH",14.967,102.083,188.0,1990-02-08,0.0,26.6,32.5,20.7
TH000048431,"NAKHON RATCHASIMA, TH",14.967,102.083,188.0,1990-02-09,0.0,27.0,34.0,20.3
TH000048431,"NAKHON RATCHASIMA, TH",14.967,102.083,188.0,1990-02-10,0.0,27.4,34.7,20.2
TH000048431,"NAKHON RATCHASIMA, TH",14.967,102.083,188.0,1990-02-11,0.0,28.4,34.4,20.0
TH000048431,"NAKHON RATCHASIMA, TH",14.967,102.083,188.0,1990-02-12,0.0,27.9,34.2,21.0
TH000048431,"NAKHON RATCHASIMA, TH",14.967,102.083,188.0,1990-02-13,0.0,28.9,34.3,23.2
TH000048431,"NAKHON RATCHASIMA, TH",14.967,102.083,188.0,1990-02-14,0.0,28.3,36.1,23.3
TH000048431,"NAKHON RATCHASIMA, TH",14.967,102.083,188.0,1990-02-15,0.0,26.7,33.6,23.3
TH000048431,"NAKHON RATCHASIMA, TH",14.967,102.083,188.0,1990-02-16,0.0,26.9,33.6,
TH000048431,"NAKHON RATCHASIMA, TH",14.967,102.083,188.0,1990-02-17,0.0,27.3,34.8,19.8
TH000048431,"NAKHON RATCHASIMA, TH",14.967,102.083,188.0,1990-02-18,0.0,28.5,,20.8
TH000048431,"NAKHON RATCHASIMA, TH",14.967,102.083,188.0,1990-02-19,0.0,29.0,36.3,21.9
TH000048431,"NAKHON RATCHASIMA, TH",14.967,102.083,188.0,1990-02-20,0.0,28.9,36.2,22.2
TH000048431,"NAKHON RATCHASIMA, TH",14.967,102.083,188.0,1990-02-21,0.0,29.7,36.8,21.8
TH000048431,"NAKHON RATCHASIMA, TH",14.967,102.083,188.0,1990-02-22,0.0,29.1,36.6,22.6
TH000048431,"NAKHON RATCHASIMA, TH",14.967,102.083,188.0,1990-02-23,0.5,28.3,35.4,22.7
TH000048431,"NAKHON RATCHASIMA, TH",14.967,102.083,188.0,1990-02-24,0.0,29.2,36.2,22.7
TH000048431,"NAKHON RATCHASIMA, TH",14.967,102.083,188.0,1990-02-25,0.0,29.6,34.8,
TH000048431,"NAKHON RATCHASIMA, TH",14.967,102.083,188.0,1990-02-26,0.0,28.7,35.0,22.5
TH000048431,"NAKHON RATCHASIMA, TH",14.967,102.083,188.0,1990-02-27,0.0,28.3,36.0,21.6
TH000048431,"NAKHON RATCHASIMA, TH",14.967,102.083,188.0,1990-02-28,0.0,28.7,36.2,21.8
TH000048431,"NAKHON RATCHASIMA, TH",14.967,102.083,188.0,1990-03-01,0.0,29.9,36.3,22.9
TH000048431,"NAKHON RATCHASIMA, TH",14.967,102.083,188.0,1990-03-02,0.0,30.3,36.8,23.4
TH000048431,"NAKHON RATCHASIMA, TH",14.967,102.083,188.0,1990-03-03,0.0,27.7,35.4,23.6
TH000048431,"NAKHON RATCHASIMA, TH",14.967,102.083,188.0,1990-03-04,7.1,28.6,34.1,23.3
TH000048431,"NAKHON RATCHASIMA, TH",14.967,102.083,188.0,1990-03-05,0.0,29.4,35.7,22.8
TH000048431,"NAKHON RATCHASIMA, TH",14.967,102.083,188.0,1990-03-06,0.0,25.3,31.3,22.3
TH000048431,"NAKHON RATCHASIMA, TH",14.967,102.083,188.0,1990-03-07,0.0,27.0,32.2,21.5
TH000048431,"NAKHON RATCHASIMA, TH",14.967,102.083,188.0,1990-03-08,0.0,25.1,31.3,
TH000048431,"NAKHON RATCHASIMA, TH",14.967,102.083,188.0,1990-03-09,15.0,24.1,27.3,21.3
TH000048431,"NAKHON RATCHASIMA, TH",14.967,102.083,188.0,1990-03-10,0.0,25.6,30.4,21.8
TH000048431,"NAKHON RATCHASIMA, TH",14.967,102.083,188.0,1990-03-11,0.0,28.5,34.2,21.8
TH000048431,"NAKHON RATCHASIMA, TH",14.967,102.083,188.0,1990-03-12,0.0,28.0,34.7,23.3
TH000048431,"NAKHON RATCHASIMA, TH",14.967,102.083,188.0,1990-03-13,0.0,27.2,33.5,
TH000048431,"NAKHON RATCHASIMA, TH",14.967,102.083,188.0,1990-03-14,0.0,25.8,33.3,21.8
TH000048431,"NAKHON RATCHASIMA, TH",14.967,102.083,188.0,1990-03-15,2.0,25.4,31.3,21.7
TH000048431,"NAKHON RATCHASIMA, TH",14.967,102.083,188.0,1990-03-16,0.0,26.1,30.2,22.7
TH000048431,"NAKHON RATCHASIMA, TH",14.967,102.083,188.0,1990-03-17,0.3,27.1,31.4,22.8
TH000048431,"NAKHON RATCHASIMA, TH",14.967,102.083,188.0,1990-03-18,0.0,26.8,31.5,21.7
TH000048431,"NAKHON RATCHASIMA, TH",14.967,102.083,188.0,1990-03-19,0.0,27.1,32.2,21.5
TH000048431,"NAKHON RATCHASIMA, TH",14.967,102.083,188.0,1990-03-20,0.0,28.3,34.0,21.3
TH000048431,"NAKHON RATCHASIMA, TH",14.967,102.083,188.0,1990-03-21,0.0,27.9,34.3,
TH000048431,"NAKHON RATCHASIMA, TH",14.967,102.083,188.0,1990-03-22,0.0,29.6,36.5,22.7
TH000048431,"NAKHON RATCHASIMA, TH",14.967,102.083,188.0,1990-03-23,0.0,30.2,38.0,22.4
TH000048431,"NAKHON RATCHASIMA, TH",14.967,102.083,188.0,1990-03-24,0.0,30.7,38.7,22.8
TH000048431,"NAKHON RATCHASIMA, TH",14.967,102.083,188.0,1990-03-25,0.0,30.5,39.5,21.4
TH000048431,"NAKHON RATCHASIMA, TH",14.967,102.083,188.0,1990-03-26,0.0,30.1,38.8,22.0
TH000048431,"NAKHON RATCHASIMA, TH",14.967,102.083,188.0,1990-03-27,0.0,30.8,39.2,23.9
TH000048431,"NAKHON RATCHASIMA, TH",14.967,102.083,188.0,1990-03-28,0.0,29.7,37.0,
TH000048431,"NAKHON RATCHASIMA, TH",14.967,102.083,188.0,1990-03-29,0.0,30.9,37.4,23.7
TH000048431,"NAKHON RATCHASIMA, TH",14.967,102.083,188.0,1990-03-30,0.0,31.8,39.3,23.5
TH000048431,"NAKHON RATCHASIMA, TH",14.967,102.083,188.0,1990-03-31,0.0,32.3,39.5,24.4
TH000048431,"NAKHON RATCHASIMA, TH",14.967,102.083,188.0,1990-04-01,0.0,32.4,40.4,25.4
TH000048431,"NAKHON RATCHASIMA, TH",14.967,102.083,188.0,1990-04-02,0.0,32.7,39.6,25.5
TH000048431,"NAKHON RATCHASIMA, TH",14.967,102.083,188.0,1990-04-03,0.0,32.8,40.0,25.4
TH000048431,"NAKHON RATCHASIMA, TH",14.967,102.083,188.0,1990-04-04,,29.4,39.0,
TH000048431,"NAKHON RATCHASIMA, TH",14.967,102.083,188.0,1990-04-05,3.0,27.9,32.5,23.5
TH000048431,"NAKHON RATCHASIMA, TH",14.967,102.083,188.0,1990-04-06,0.0,28.8,33.9,22.4
TH000048431,"NAKHON RATCHASIMA, TH",14.967,102.083,188.0,1990-04-07,0.0,29.8,34.0,24.0
TH000048431,"NAKHON RATCHASIMA, TH",14.967,102.083,188.0,1990-04-08,0.0,29.7,38.1,24.7
TH000048431,"NAKHON RATCHASIMA, TH",14.967,102.083,188.0,1990-04-09,0.5,30.2,36.5,24.2
TH000048431,"NAKHON RATCHASIMA, TH",14.967,102.083,188.0,1990-04-10,0.0,31.6,38.0,25.1
TH000048431,"NAKHON RATCHASIMA, TH",14.967,102.083,188.0,1990-04-11,0.0,32.5,39.9,
TH000048431,"NAKHON RATCHASIMA, TH",14.967,102.083,188.0,1990-04-12,0.0,31.8,39.2,24.3
TH000048431,"NAKHON RATCHASIMA, TH",14.967,102.083,188.0,1990-04-13,0.0,32.2,37.3,26.7
TH000048431,"NAKHON RATCHASIMA, TH",14.967,102.083,188.0,1990-04-14,0.0,31.7,38.1,26.3
TH000048431,"NAKHON RATCHASIMA, TH",14.967,102.083,188.0,1990-04-15,0.0,30.9,38.0,25.8
TH000048431,"NAKHON RATCHASIMA, TH",14.967,102.083,188.0,1990-04-16,6.1,32.3,39.5,25.5
TH000048431,"NAKHON RATCHASIMA, TH",14.967,102.083,188.0,1990-04-17,0.0,32.0,40.1,26.6
TH000048431,"NAKHON RATCHASIMA, TH",14.967,102.083,188.0,1990-04-18,0.0,33.4,40.2,26.2
TH000048431,"NAKHON RATCHASIMA, TH",14.967,102.083,188.0,1990-04-19,0.0,31.7,38.7,27.8
TH000048431,"NAKHON RATCHASIMA, TH",14.967,102.083,188.0,1990-04-20,0.0,29.9,38.0,
TH000048431,"NAKHON RATCHASIMA, TH",14.967,102.083,188.0,1990-04-21,13.0,29.7,,
TH000048431,"NAKHON RATCHASIMA, TH",14.967,102.083,188.0,1990-04-22,0.0,32.4,39.5,23.7
TH000048431,"NAKHON RATCHASIMA, TH",14.967,102.083,188.0,1990-04-23,0.0,33.8,41.3,25.7
TH000048431,"NAKHON RATCHASIMA, TH",14.967,102.083,188.0,1990-04-24,0.0,31.6,40.9,27.0
TH000048431,"NAKHON RATCHASIMA, TH",14.967,102.083,188.0,1990-04-25,0.0,28.2,37.0,
TH000048431,"NAKHON RATCHASIMA, TH",14.967,102.083,188.0,1990-04-26,7.1,29.3,34.5,24.3
TH000048431,"NAKHON RATCHASIMA, TH",14.967,102.083,188.0,1990-04-27,0.0,30.5,35.9,24.8
TH000048431,"NAKHON RATCHASIMA, TH",14.967,102.083,188.0,1990-04-28,,28.1,37.0,
TH000048431,"NAKHON RATCHASIMA, TH",14.967,102.083,188.0,1990-04-29,4.1,29.7,35.7,23.0
TH000048431,"NAKHON RATCHASIMA, TH",14.967,102.083,188.0,1990-04-30,0.0,29.4,33.9,25.0
TH000048431,"NAKHON RATCHASIMA, TH",14.967,102.083,188.0,1990-05-01,0.0,31.0,38.3,24.7
TH000048431,"NAKHON RATCHASIMA, TH",14.967,102.083,188.0,1990-05-02,0.0,32.4,39.5,25.7
TH000048431,"NAKHON RATCHASIMA, TH",14.967,102.083,188.0,1990-05-03,0.0,32.2,39.7,26.2
TH000048431,"NAKHON RATCHASIMA, TH",14.967,102.083,188.0,1990-05-04,,31.3,38.2,
TH000048431,"NAKHON RATCHASIMA, TH",14.967,102.083,188.0,1990-05-05,2.0,24.5,28.0,22.7
TH000048431,"NAKHON RATCHASIMA, TH",14.967,102.083,188.0,1990-05-06,0.0,30.1,35.3,22.5
TH000048431,"NAKHON RATCHASIMA, TH",14.967,102.083,188.0,1990-05-07,0.0,29.7,37.8,25.5
TH000048431,"NAKHON RATCHASIMA, TH",14.967,102.083,188.0,1990-05-08,0.0,30.9,37.7,25.5
TH000048431,"NAKHON RATCHASIMA, TH",14.967,102.083,188.0,1990-05-09,0.0,28.9,34.7,
TH000048431,"NAKHON RATCHASIMA, TH",14.967,102.083,188.0,1990-05-10,0.5,29.4,37.9,25.0
TH000048431,"NAKHON RATCHASIMA, TH",14.967,102.083,188.0,1990-05-11,3.0,29.3,37.8,
TH000048431,"NAKHON RATCHASIMA, TH",14.967,102.083,188.0,1990-05-12,17.0,28.1,35.1,22.8
TH000048431,"NAKHON RATCHASIMA, TH",14.967,102.083,188.0,1990-05-13,6.1,28.7,36.7,24.0
TH000048431,"NAKHON RATCHASIMA, TH",14.967,102.083,188.0,1990-05-14,37.1,30.0,35.5,23.9
TH000048431,"NAKHON RATCHASIMA, TH",14.967,102.083,188.0,1990-05-15,0.0,29.7,35.8,25.2
TH000048431,"NAKHON RATCHASIMA, TH",14.967,102.083,188.0,1990-05-16,0.0,30.3,36.0,25.7
TH000048431,"NAKHON RATCHASIMA, TH",14.967,102.083,188.0,1990-05-17,0.0,29.6,37.8,25.5
TH000048431,"NAKHON RATCHASIMA, TH",14.967,102.083,188.0,1990-05-18,0.0,26.4,32.5,
TH000048431,"NAKHON RATCHASIMA, TH",14.967,102.083,188.0,1990-05-19,13.0,26.9,33.3,24.3
TH000048431,"NAKHON RATCHASIMA, TH",14.967,102.083,188.0,1990-05-20,7.1,28.3,33.0,24.5
TH000048431,"NAKHON RATCHASIMA, TH",14.967,102.083,188.0,1990-05-21,4.1,28.3,33.8,25.3
TH000048431,"NAKHON RATCHASIMA, TH",14.967,102.083,188.0,1990-05-22,0.0,28.6,34.5,26.0
TH000048431,"NAKHON RATCHASIMA, TH",14.967,102.083,188.0,1990-05-23,,28.6,,
TH000048431,"NAKHON RATCHASIMA, TH",14.967,102.083,188.0,1990-05-24,2.0,28.2,32.7,24.5
TH000048431,"NAKHON RATCHASIMA, TH",14.967,102.083,188.0,1990-05-25,0.0,25.9,31.4,
TH000048431,"NAKHON RATCHASIMA, TH",14.967,102.083,188.0,1990-05-26,8.9,26.9,31.3,23.8
TH000048431,"NAKHON RATCHASIMA, TH",14.967,102.083,188.0,1990-05-27,3.0,28.1,32.2,24.0
TH000048431,"NAKHON RATCHASIMA, TH",14.967,102.083,188.0,1990-05-28,0.0,28.6,32.5,24.8
TH000048431,"NAKHON RATCHASIMA, TH",14.967,102.083,188.0,1990-05-29,0.0,29.4,34.3,25.5
TH000048431,"NAKHON RATCHASIMA, TH",14.967,102.083,188.0,1990-05-30,0.0,29.4,34.7,25.5
TH000048431,"NAKHON RATCHASIMA, TH",14.967,102.083,188.0,1990-05-31,0.0,29.6,34.2,25.3
TH000048431,"NAKHON RATCHASIMA, TH",14.967,102.083,188.0,1990-06-01,0.0,30.4,35.2,25.9
TH000048431,"NAKHON RATCHASIMA, TH",14.967,102.083,188.0,1990-06-02,0.0,30.1,35.9,25.6
TH000048431,"NAKHON RATCHASIMA, TH",14.967,102.083,188.0,1990-06-03,0.0,29.9,34.5,26.5
TH000048431,"NAKHON RATCHASIMA, TH",14.967,102.083,188.0,1990-06-04,0.0,28.7,34.0,
TH000048431,"NAKHON RATCHASIMA, TH",14.967,102.083,188.0,1990-06-05,1.0,29.6,35.1,24.7
TH000048431,"NAKHON RATCHASIMA, TH",14.967,102.083,188.0,1990-06-06,0.0,30.2,34.8,25.8
TH000048431,"NAKHON RATCHASIMA, TH",14.967,102.083,188.0,1990-06-07,0.0,29.7,36.0,26.5
TH000048431,"NAKHON RATCHASIMA, TH",14.967,102.083,188.0,1990-06-08,0.0,30.8,35.9,26.7
TH000048431,"NAKHON RATCHASIMA, TH",14.967,102.083,188.0,1990-06-09,,27.4,35.7,
TH000048431,"NAKHON RATCHASIMA, TH",14.967,102.083,188.0,1990-06-10,64.0,29.2,34.0,23.5
TH000048431,"NAKHON RATCHASIMA, TH",14.967,102.083,188.0,1990-06-11,0.0,28.8,34.5,25.5
TH000048431,"NAKHON RATCHASIMA, TH",14.967,102.083,188.0,1990-06-12,13.0,29.2,33.8,25.0
TH000048431,"NAKHON RATCHASIMA, TH",14.967,102.083,188.0,1990-06-13,0.0,29.5,35.0,24.8
TH000048431,"NAKHON RATCHASIMA, TH",14.967,102.083,188.0,1990-06-14,0.0,29.7,35.0,24.2
TH000048431,"NAKHON RATCHASIMA, TH",14.967,102.083,188.0,1990-06-15,0.0,30.1,35.4,26.1
TH000048431,"NAKHON RATCHASIMA, TH",14.967,102.083,188.0,1990-06-16,0.0,28.7,33.5,
TH000048431,"NAKHON RATCHASIMA, TH",14.967,102.083,188.0,1990-06-17,0.0,29.4,34.3,25.2
TH000048431,"NAKHON RATCHASIMA, TH",14.967,102.083,188.0,1990-06-18,0.0,27.9,33.0,25.1
TH000048431,"NAKHON RATCHASIMA, TH",14.967,102.083,188.0,1990-06-19,7.9,29.1,33.0,24.3
TH000048431,"NAKHON RATCHASIMA, TH",14.967,102.083,188.0,1990-06-20,0.0,29.1,34.3,26.1
TH000048431,"NAKHON RATCHASIMA, TH",14.967,102.083,188.0,1990-06-21,0.3,29.6,33.5,25.7
TH000048431,"NAKHON RATCHASIMA, TH",14.967,102.083,188.0,1990-06-22,0.0,30.3,35.6,26.2
TH000048431,"NAKHON RATCHASIMA, TH",14.967,102.083,188.0,1990-06-23,0.0,30.3,35.0,26.3
TH000048431,"NAKHON RATCHASIMA, TH",14.967,102.083,188.0,1990-06-24,0.0,29.4,,26.1
TH000048431,"NAKHON RATCHASIMA, TH",14.967,102.083,188.0,1990-06-25,7.1,28.0,33.7,
TH000048431,"NAKHON RATCHASIMA, TH",14.967,102.083,188.0,1990-06-26,17.0,27.2,30.8,24.7
TH000048431,"NAKHON RATCHASIMA, TH",14.967,102.083,188.0,1990-06-27,3.0,28.3,34.5,25.0
TH000048431,"NAKHON RATCHASIMA, TH",14.967,102.083,188.0,1990-06-28,0.3,27.3,32.5,
TH000048431,"NAKHON RATCHASIMA, TH",14.967,102.083,188.0,1990-06-29,0.0,28.2,32.3,
TH000048431,"NAKHON RATCHASIMA, TH",14.967,102.083,188.0,1990-06-30,1.0,28.7,34.5,24.2
TH000048431,"NAKHON RATCHASIMA, TH",14.967,102.083,188.0,1990-07-01,0.0,27.3,32.5,24.2
TH000048431,"NAKHON RATCHASIMA, TH",14.967,102.083,188.0,1990-07-02,1.0,28.7,33.7,24.4
TH000048431,"NAKHON RATCHASIMA, TH",14.967,102.083,188.0,1990-07-03,0.0,29.3,,25.2
TH000048431,"NAKHON RATCHASIMA, TH",14.967,102.083,188.0,1990-07-04,0.0,27.2,30.3,24.7
TH000048431,"NAKHON RATCHASIMA, TH",14.967,102.083,188.0,1990-07-05,0.0,27.2,34.1,
TH000048431,"NAKHON RATCHASIMA, TH",14.967,102.083,188.0,1990-07-06,15.0,27.9,,23.8
TH000048431,"NAKHON RATCHASIMA, TH",14.967,102.083,188.0,1990-07-07,0.0,29.0,34.0,23.7
TH000048431,"NAKHON RATCHASIMA, TH",14.967,102.083,188.0,1990-07-08,0.0,29.8,35.5,23.6
TH000048431,"NAKHON RATCHASIMA, TH",14.967,102.083,188.0,1990-07-09,0.0,28.2,35.8,
TH000048431,"NAKHON RATCHASIMA, TH",14.967,102.083,188.0,1990-07-10,7.1,29.6,35.3,23.9
TH000048431,"NAKHON RATCHASIMA, TH",14.967,102.083,188.0,1990-07-11,0.0,29.1,34.0,
TH000048431,"NAKHON RATCHASIMA, TH",14.967,102.083,188.0,1990-07-12,0.0,30.0,36.0,24.7
TH000048431,"NAKHON RATCHASIMA, TH",14.967,102.083,188.0,1990-07-13,0.0,30.8,36.5,25.2
TH000048431,"NAKHON RATCHASIMA, TH",14.967,102.083,188.0,1990-07-14,3.0,29.4,36.9,
TH000048431,"NAKHON RATCHASIMA, TH",14.967,102.083,188.0,1990-07-15,0.0,27.7,34.5,
TH000048431,"NAKHON RATCHASIMA, TH",14.967,102.083,188.0,1990-07-16,2.0,29.9,35.9,24.0
TH000048431,"NAKHON RATCHASIMA, TH",14.967,102.083,188.0,1990-07-17,0.0,30.4,36.1,25.7
TH000048431,"NAKHON RATCHASIMA, TH",14.967,102.083,188.0,1990-07-18,0.0,30.5,36.2,24.5
TH000048431,"NAKHON RATCHASIMA, TH",14.967,102.083,188.0,1990-07-19,0.0,28.8,35.3,
TH000048431,"NAKHON RATCHASIMA, TH",14.967,102.083,188.0,1990-07-20,19.1,26.1,29.9,23.3
TH000048431,"NAKHON RATCHASIMA, TH",14.967,102.083,188.0,1990-07-21,11.9,24.3,26.7,
TH000048431,"NAKHON RATCHASIMA, TH",14.967,102.083,188.0,1990-07-22,11.9,27.1,30.2,23.2
TH000048431,"NAKHON RATCHASIMA, TH",14.967,102.083,188.0,1990-07-23,0.0,26.7,30.7,
TH000048431,"NAKHON RATCHASIMA, TH",14.967,102.083,188.0,1990-07-24,4.1,28.7,32.8,23.1
TH000048431,"NAKHON RATCHASIMA, TH",14.967,102.083,188.0,1990-07-25,0.0,28.7,34.5,23.8
TH000048431,"NAKHON RATCHASIMA, TH",14.967,102.083,188.0,1990-07-26,0.0,29.5,34.5,24.2
TH000048431,"NAKHON RATCHASIMA, TH",14.967,102.083,188.0,1990-07-27,0.0,30.3,35.8,25.3
TH000048431,"NAKHON RATCHASIMA, TH",14.967,102.083,188.0,1990-07-28,0.0,30.3,36.1,25.4
TH000048431,"NAKHON RATCHASIMA, TH",14.967,102.083,188.0,1990-07-29,,30.8,35.5,26.0
TH000048431,"NAKHON RATCHASIMA, TH",14.967,102.083,188.0,1990-07-30,3.0,27.8,35.2,
TH000048431,"NAKHON RATCHASIMA, TH",14.967,102.083,188.0,1990-07-31,23.1,28.8,35.0,23.7
TH000048431,"NAKHON RATCHASIMA, TH",14.967,102.083,188.0,1990-08-01,0.5,30.1,35.0,25.2
TH000048431,"NAKHON RATCHASIMA, TH",14.967,102.083,188.0,1990-08-02,0.0,30.5,35.3,25.5
TH000048431,"NAKHON RATCHASIMA, TH",14.967,102.083,188.0,1990-08-03,0.0,28.4,35.2,
TH000048431,"NAKHON RATCHASIMA, TH",14.967,102.083,188.0,1990-08-04,3.0,28.2,33.1,25.2
TH000048431,"NAKHON RATCHASIMA, TH",14.967,102.083,188.0,1990-08-05,0.0,26.9,32.9,
TH000048431,"NAKHON RATCHASIMA, TH",14.967,102.083,188.0,1990-08-06,14.0,26.9,33.6,23.2
TH000048431,"NAKHON RATCHASIMA, TH",14.967,102.083,188.0,1990-08-07,1.0,27.3,33.7,25.2
TH000048431,"NAKHON RATCHASIMA, TH",14.967,102.083,188.0,1990-08-08,14.0,27.9,34.7,24.6
TH000048431,"NAKHON RATCHASIMA, TH",14.967,102.083,188.0,1990-08-09,6.1,28.9,35.3,23.7
TH000048431,"NAKHON RATCHASIMA, TH",14.967,102.083,188.0,1990-08-10,0.0,28.1,35.7,24.5
TH000048431,"NAKHON RATCHASIMA, TH",14.967,102.083,188.0,1990-08-11,0.0,29.4,34.4,24.4
TH000048431,"NAKHON RATCHASIMA, TH",14.967,102.083,188.0,1990-08-12,0.0,28.5,35.1,24.8
TH000048431,"NAKHON RATCHASIMA, TH",14.967,102.083,188.0,1990-08-13,26.9,27.7,33.2,24.7
TH000048431,"NAKHON RATCHASIMA, TH",14.967,102.083,188.0,1990-08-14,2.0,28.5,34.0,24.3
TH000048431,"NAKHON RATCHASIMA, TH",14.967,102.083,188.0,1990-08-15,0.0,30.1,35.2,24.2
TH000048431,"NAKHON RATCHASIMA, TH",14.967,102.083,188.0,1990-08-16,1.0,29.9,35.2,
TH000048431,"NAKHON RATCHASIMA, TH",14.967,102.083,188.0,1990-08-17,21.1,29.4,34.8,22.2
TH000048431,"NAKHON RATCHASIMA, TH",14.967,102.083,188.0,1990-08-18,0.0,27.4,34.9,24.8
TH000048431,"NAKHON RATCHASIMA, TH",14.967,102.083,188.0,1990-08-19,19.1,28.0,33.2,24.4
TH000048431,"NAKHON RATCHASIMA, TH",14.967,102.083,188.0,1990-08-20,0.3,26.9,30.8,24.7
TH000048431,"NAKHON RATCHASIMA, TH",14.967,102.083,188.0,1990-08-21,0.0,29.9,,24.3
TH000048431,"NAKHON RATCHASIMA, TH",14.967,102.083,188.0,1990-08-22,0.0,30.1,,24.3
TH000048431,"NAKHON RATCHASIMA, TH",14.967,102.083,188.0,1990-08-23,0.0,30.6,36.3,25.3
TH000048431,"NAKHON RATCHASIMA, TH",14.967,102.083,188.0,1990-08-24,0.0,30.1,35.5,26.2
TH000048431,"NAKHON RATCHASIMA, TH",14.967,102.083,188.0,1990-08-25,,29.3,34.8,25.2
TH000048431,"NAKHON RATCHASIMA, TH",14.967,102.083,188.0,1990-08-26,0.3,29.6,,24.5
TH000048431,"NAKHON RATCHASIMA, TH",14.967,102.083,188.0,1990-08-27,0.0,28.2,34.0,24.8
TH000048431,"NAKHON RATCHASIMA, TH",14.967,102.083,188.0,1990-08-28,0.0,28.6,33.7,25.3
TH000048431,"NAKHON RATCHASIMA, TH",14.967,102.083,188.0,1990-08-29,0.3,25.8,28.3,24.3
TH000048431,"NAKHON RATCHASIMA, TH",14.967,102.083,188.0,1990-08-30,0.5,26.5,30.0,
TH000048431,"NAKHON RATCHASIMA, TH",14.967,102.083,188.0,1990-08-31,1.0,28.1,33.2,24.0
TH000048431,"NAKHON RATCHASIMA, TH",14.967,102.083,188.0,1990-09-01,2.0,30.1,35.7,23.5
TH000048431,"NAKHON RATCHASIMA, TH",14.967,102.083,188.0,1990-09-02,0.0,29.7,35.3,
TH000048431,"NAKHON RATCHASIMA, TH",14.967,102.083,188.0,1990-09-03,7.1,26.8,30.7,23.3
TH000048431,"NAKHON RATCHASIMA, TH",14.967,102.083,188.0,1990-09-04,5.1,26.7,32.0,23.2
TH000048431,"NAKHON RATCHASIMA, TH",14.967,102.083,188.0,1990-09-05,0.5,28.2,34.5,22.7
TH000048431,"NAKHON RATCHASIMA, TH",14.967,102.083,188.0,1990-09-06,0.0,27.4,34.0,23.3
TH000048431,"NAKHON RATCHASIMA, TH",14.967,102.083,188.0,1990-09-07,47.0,28.2,34.2,24.0
TH000048431,"NAKHON RATCHASIMA, TH",14.967,102.083,188.0,1990-09-08,0.3,27.9,,
TH000048431,"NAKHON RATCHASIMA, TH",14.967,102.083,188.0,1990-09-09,38.1,27.6,,23.3
TH000048431,"NAKHON RATCHASIMA, TH",14.967,102.083,188.0,1990-09-10,0.0,28.8,34.1,24.7
TH000048431,"NAKHON RATCHASIMA, TH",14.967,102.083,188.0,1990-09-11,0.0,28.5,34.1,
TH000048431,"NAKHON RATCHASIMA, TH",14.967,102.083,188.0,1990-09-12,1.0,27.1,30.7,
TH000048431,"NAKHON RATCHASIMA, TH",14.967,102.083,188.0,1990-09-13,0.0,28.1,33.2,23.7
TH000048431,"NAKHON RATCHASIMA, TH",14.967,102.083,188.0,1990-09-14,0.0,27.0,33.3,24.7
TH000048431,"NAKHON RATCHASIMA, TH",14.967,102.083,188.0,1990-09-15,5.1,26.8,,
TH000048431,"NAKHON RATCHASIMA, TH",14.967,102.083,188.0,1990-09-16,50.0,26.8,30.7,23.2
TH000048431,"NAKHON RATCHASIMA, TH",14.967,102.083,188.0,1990-09-17,0.0,27.1,32.1,
TH000048431,"NAKHON RATCHASIMA, TH",14.967,102.083,188.0,1990-09-18,10.9,27.7,33.1,22.9
TH000048431,"NAKHON RATCHASIMA, TH",14.967,102.083,188.0,1990-09-19,0.0,29.9,34.2,24.8
TH000048431,"NAKHON RATCHASIMA, TH",14.967,102.083,188.0,1990-09-20,0.0,28.9,34.3,24.5
TH000048431,"NAKHON RATCHASIMA, TH",14.967,102.083,188.0,1990-09-21,0.0,27.4,31.8,
TH000048431,"NAKHON RATCHASIMA, TH",14.967,102.083,188.0,1990-09-22,0.0,28.7,33.8,23.8
TH000048431,"NAKHON RATCHASIMA, TH",14.967,102.083,188.0,1990-09-23,0.0,27.6,31.7,
TH000048431,"NAKHON RATCHASIMA, TH",14.967,102.083,188.0,1990-09-24,0.0,28.8,33.6,23.7
TH000048431,"NAKHON RATCHASIMA, TH",14.967,102.083,188.0,1990-09-25,0.0,26.9,31.4,
TH000048431,"NAKHON RATCHASIMA, TH",14.967,102.083,188.0,1990-09-26,0.5,26.1,31.5,
TH000048431,"NAKHON RATCHASIMA, TH",14.967,102.083,188.0,1990-09-27,5.1,26.2,30.0,23.5
TH000048431,"NAKHON RATCHASIMA, TH",14.967,102.083,188.0,1990-09-28,13.0,27.2,32.5,23.6
TH000048431,"NAKHON RATCHASIMA, TH",14.967,102.083,188.0,1990-09-29,0.3,26.3,31.2,23.4
TH000048431,"NAKHON RATCHASIMA, TH",14.967,102.083,188.0,1990-09-30,0.3,26.3,30.0,23.4
TH000048431,"NAKHON RATCHASIMA, TH",14.967,102.083,188.0,1990-10-01,2.0,27.3,31.8,
TH000048431,"NAKHON RATCHASIMA, TH",14.967,102.083,188.0,1990-10-02,4.1,26.9,32.5,22.2
TH000048431,"NAKHON RATCHASIMA, TH",14.967,102.083,188.0,1990-10-03,0.0,26.6,33.5,23.7
TH000048431,"NAKHON RATCHASIMA, TH",14.967,102.083,188.0,1990-10-04,15.0,24.2,26.1,
TH000048431,"NAKHON RATCHASIMA, TH",14.967,102.083,188.0,1990-10-05,42.9,26.4,29.5,22.7
TH000048431,"NAKHON RATCHASIMA, TH",14.967,102.083,188.0,1990-10-06,0.0,26.3,31.5,23.6
TH000048431,"NAKHON RATCHASIMA, TH",14.967,102.083,188.0,1990-10-07,3.0,26.7,32.3,23.9
TH000048431,"NAKHON RATCHASIMA, TH",14.967,102.083,188.0,1990-10-08,31.0,26.2,30.8,
TH000048431,"NAKHON RATCHASIMA, TH",14.967,102.083,188.0,1990-10-09,52.1,25.6,31.3,23.3
TH000048431,"NAKHON RATCHASIMA, TH",14.967,102.083,188.0,1990-10-10,24.9,27.0,,23.0
TH000048431,"NAKHON RATCHASIMA, TH",14.967,102.083,188.0,1990-10-11,0.0,26.9,30.6,23.8
TH000048431,"NAKHON RATCHASIMA, TH",14.967,102.083,188.0,1990-10-12,0.0,25.8,30.4,
TH000048431,"NAKHON RATCHASIMA, TH",14.967,102.083,188.0,1990-10-13,0.0,25.7,29.5,21.5
TH000048431,"NAKHON RATCHASIMA, TH",14.967,102.083,188.0,1990-10-14,0.0,26.0,30.0,21.0
TH000048431,"NAKHON RATCHASIMA, TH",14.967,102.083,188.0,1990-10-15,2.0,25.1,27.7,23.2
TH000048431,"NAKHON RATCHASIMA, TH",14.967,102.083,188.0,1990-10-16,7.9,25.3,28.5,23.0
TH000048431,"NAKHON RATCHASIMA, TH",14.967,102.083,188.0,1990-10-17,2.0,26.8,31.0,
TH000048431,"NAKHON RATCHASIMA, TH",14.967,102.083,188.0,1990-10-18,1.0,26.2,30.5,
TH000048431,"NAKHON RATCHASIMA, TH",14.967,102.083,188.0,1990-10-19,0.0,26.3,30.0,
TH000048431,"NAKHON RATCHASIMA, TH",14.967,102.083,188.0,1990-10-20,43.9,25.4,29.0,23.6
TH000048431,"NAKHON RATCHASIMA, TH",14.967,102.083,188.0,1990-10-21,1.0,28.2,33.0,23.4
TH000048431,"NAKHON RATCHASIMA, TH",14.967,102.083,188.0,1990-10-22,0.0,28.2,32.5,24.0
TH000048431,"NAKHON RATCHASIMA, TH",14.967,102.083,188.0,1990-10-23,0.0,28.8,32.3,24.2
TH000048431,"NAKHON RATCHASIMA, TH",14.967,102.083,188.0,1990-10-24,0.0,28.6,33.7,24.5
TH000048431,"NAKHON RATCHASIMA, TH",14.967,102.083,188.0,1990-10-25,0.0,27.4,,24.0
TH000048431,"NAKHON RATCHASIMA, TH",14.967,102.083,188.0,1990-10-26,1.0,26.2,29.1,23.4
TH000048431,"NAKHON RATCHASIMA, TH",14.967,102.083,188.0,1990-10-27,0.0,26.1,,22.5
TH000048431,"NAKHON RATCHASIMA, TH",14.967,102.083,188.0,1990-10-28,0.0,26.4,30.0,23.2
TH000048431,"NAKHON RATCHASIMA, TH",14.967,102.083,188.0,1990-10-29,0.0,26.7,30.0,23.5
TH000048431,"NAKHON RATCHASIMA, TH",14.967,102.083,188.0,1990-10-30,0.0,25.9,30.1,22.8
TH000048431,"NAKHON RATCHASIMA, TH",14.967,102.083,188.0,1990-10-31,0.0,26.7,30.2,22.8
TH000048431,"NAKHON RATCHASIMA, TH",14.967,102.083,188.0,1990-11-01,0.0,27.1,31.6,22.9
TH000048431,"NAKHON RATCHASIMA, TH",14.967,102.083,188.0,1990-11-02,0.0,27.2,30.5,23.1
TH000048431,"NAKHON RATCHASIMA, TH",14.967,102.083,188.0,1990-11-03,0.0,28.3,33.2,23.3
TH000048431,"NAKHON RATCHASIMA, TH",14.967,102.083,188.0,1990-11-04,0.0,28.3,33.7,23.3
TH000048431,"NAKHON RATCHASIMA, TH",14.967,102.083,188.0,1990-11-05,0.0,28.5,33.8,23.5
TH000048431,"NAKHON RATCHASIMA, TH",14.967,102.083,188.0,1990-11-06,1.0,27.9,33.2,24.1
TH000048431,"NAKHON RATCHASIMA, TH",14.967,102.083,188.0,1990-11-07,0.0,28.6,34.5,24.3
TH000048431,"NAKHON RATCHASIMA, TH",14.967,102.083,188.0,1990-11-08,1.0,27.9,34.1,24.8
TH000048431,"NAKHON RATCHASIMA, TH",14.967,102.083,188.0,1990-11-09,0.0,24.2,29.3,
TH000048431,"NAKHON RATCHASIMA, TH",14.967,102.083,188.0,1990-11-10,0.5,22.0,26.3,
TH000048431,"NAKHON RATCHASIMA, TH",14.967,102.083,188.0,1990-11-11,0.0,22.3,26.0,18.0
TH000048431,"NAKHON RATCHASIMA, TH",14.967,102.083,188.0,1990-11-12,,22.8,28.2,
TH000048431,"NAKHON RATCHASIMA, TH",14.967,102.083,188.0,1990-11-13,3.0,23.4,26.4,21.0
TH000048431,"NAKHON RATCHASIMA, TH",14.967,102.083,188.0,1990-11-14,2.0,23.8,29.0,11.5
TH000048431,"NAKHON RATCHASIMA, TH",14.967,102.083,188.0,1990-11-15,0.0,23.1,29.3,18.5
TH000048431,"NAKHON RATCHASIMA, TH",14.967,102.083,188.0,1990-11-16,0.0,25.5,31.9,17.7
TH000048431,"NAKHON RATCHASIMA, TH",14.967,102.083,188.0,1990-11-17,0.0,26.2,33.3,20.4
TH000048431,"NAKHON RATCHASIMA, TH",14.967,102.083,188.0,1990-11-18,0.0,27.2,33.2,21.7
TH000048431,"NAKHON RATCHASIMA, TH",14.967,102.083,188.0,1990-11-19,0.0,27.3,32.5,22.2
TH000048431,"NAKHON RATCHASIMA, TH",14.967,102.083,188.0,1990-11-20,0.0,27.2,31.8,21.8
TH000048431,"NAKHON RATCHASIMA, TH",14.967,102.083,188.0,1990-11-21,0.0,25.8,28.4,22.5
TH000048431,"NAKHON RATCHASIMA, TH",14.967,102.083,188.0,1990-11-22,0.0,26.0,29.6,22.6
TH000048431,"NAKHON RATCHASIMA, TH",14.967,102.083,188.0,1990-11-23,0.0,26.5,30.4,
TH000048431,"NAKHON RATCHASIMA, TH",14.967,102.083,188.0,1990-11-24,0.0,25.8,30.7,21.7
TH000048431,"NAKHON RATCHASIMA, TH",14.967,102.083,188.0,1990-11-25,0.0,25.1,30.9,
TH000048431,"NAKHON RATCHASIMA, TH",14.967,102.083,188.0,1990-11-26,0.0,24.3,29.3,19.3
TH000048431,"NAKHON RATCHASIMA, TH",14.967,102.083,188.0,1990-11-27,0.0,23.4,28.8,18.8
TH000048431,"NAKHON RATCHASIMA, TH",14.967,102.083,188.0,1990-11-28,0.0,23.9,28.8,
TH000048431,"NAKHON RATCHASIMA, TH",14.967,102.083,188.0,1990-11-29,0.0,23.1,29.5,17.8
TH000048431,"NAKHON RATCHASIMA, TH",14.967,102.083,188.0,1990-11-30,0.0,25.3,,18.2
TH000048431,"NAKHON RATCHASIMA, TH",14.967,102.083,188.0,1990-12-01,0.0,21.0,25.3,
TH000048431,"NAKHON RATCHASIMA, TH",14.967,102.083,188.0,1990-12-02,0.0,19.7,24.8,15.2
TH000048431,"NAKHON RATCHASIMA, TH",14.967,102.083,188.0,1990-12-03,0.0,19.3,24.7,14.8
TH000048431,"NAKHON RATCHASIMA, TH",14.967,102.083,188.0,1990-12-04,0.0,20.6,25.5,
TH000048431,"NAKHON RATCHASIMA, TH",14.967,102.083,188.0,1990-12-05,0.0,19.4,25.0,15.0
TH000048431,"NAKHON RATCHASIMA, TH",14.967,102.083,188.0,1990-12-06,0.0,20.0,25.7,14.3
TH000048431,"NAKHON RATCHASIMA, TH",14.967,102.083,188.0,1990-12-07,0.0,22.7,,15.0
TH000048431,"NAKHON RATCHASIMA, TH",14.967,102.083,188.0,1990-12-08,0.0,23.0,29.0,17.0
TH000048431,"NAKHON RATCHASIMA, TH",14.967,102.083,188.0,1990-12-09,0.0,23.3,29.9,17.2
TH000048431,"NAKHON RATCHASIMA, TH",14.967,102.083,188.0,1990-12-10,0.0,24.1,30.2,17.3
TH000048431,"NAKHON RATCHASIMA, TH",14.967,102.083,188.0,1990-12-11,0.0,25.4,30.2,19.3
TH000048431,"NAKHON RATCHASIMA, TH",14.967,102.083,188.0,1990-12-12,0.0,25.7,,20.9
TH000048431,"NAKHON RATCHASIMA, TH",14.967,102.083,188.0,1990-12-13,0.0,24.9,30.5,20.1
TH000048431,"NAKHON RATCHASIMA, TH",14.967,102.083,188.0,1990-12-14,0.0,26.2,31.7,21.1
TH000048431,"NAKHON RATCHASIMA, TH",14.967,102.083,188.0,1990-12-15,0.0,25.7,34.1,20.3
TH000048431,"NAKHON RATCHASIMA, TH",14.967,102.083,188.0,1990-12-16,0.0,24.7,30.5,19.7
TH000048431,"NAKHON RATCHASIMA, TH",14.967,102.083,188.0,1990-12-17,0.0,23.9,30.4,18.6
TH000048431,"NAKHON RATCHASIMA, TH",14.967,102.083,188.0,1990-12-18,0.0,24.7,30.7,18.2
TH000048431,"NAKHON RATCHASIMA, TH",14.967,102.083,188.0,1990-12-19,0.0,24.7,31.5,18.1
TH000048431,"NAKHON RATCHASIMA, TH",14.967,102.083,188.0,1990-12-20,0.0,25.7,32.1,18.3
TH000048431,"NAKHON RATCHASIMA, TH",14.967,102.083,188.0,1990-12-21,0.0,25.3,31.5,19.5
TH000048431,"NAKHON RATCHASIMA, TH",14.967,102.083,188.0,1990-12-22,0.0,25.6,31.8,20.4
TH000048431,"NAKHON RATCHASIMA, TH",14.967,102.083,188.0,1990-12-23,0.0,24.2,29.3,19.5
TH000048431,"NAKHON RATCHASIMA, TH",14.967,102.083,188.0,1990-12-24,0.0,21.9,28.7,18.5
TH000048431,"NAKHON RATCHASIMA, TH",14.967,102.083,188.0,1990-12-25,0.0,21.7,29.2,17.0
TH000048431,"NAKHON RATCHASIMA, TH",14.967,102.083,188.0,1990-12-26,0.0,24.8,30.4,16.7
TH000048431,"NAKHON RATCHASIMA, TH",14.967,102.083,188.0,1990-12-27,0.0,25.1,30.7,20.1
TH000048431,"NAKHON RATCHASIMA, TH",14.967,102.083,188.0,1990-12-28,0.0,24.5,31.3,19.0
TH000048431,"NAKHON RATCHASIMA, TH",14.967,102.083,188.0,1990-12-29,0.0,24.9,31.7,19.2
TH000048431,"NAKHON RATCHASIMA, TH",14.967,102.083,188.0,1990-12-30,0.0,25.5,32.5,18.3
TH000048431,"NAKHON RATCHASIMA, TH",14.967,102.083,188.0,1990-12-31,0.0,26.7,33.7,18.7
TH000048431,"NAKHON RATCHASIMA, TH",14.967,102.083,188.0,1991-01-01,0.0,27.8,34.7,19.5
TH000048431,"NAKHON RATCHASIMA, TH",14.967,102.083,188.0,1991-01-02,0.0,27.5,33.7,21.5
TH000048431,"NAKHON RATCHASIMA, TH",14.967,102.083,188.0,1991-01-03,0.0,26.1,32.3,
TH000048431,"NAKHON RATCHASIMA, TH",14.967,102.083,188.0,1991-01-04,0.0,26.2,33.2,19.7
TH000048431,"NAKHON RATCHASIMA, TH",14.967,102.083,188.0,1991-01-05,0.0,27.6,33.8,20.5
TH000048431,"NAKHON RATCHASIMA, TH",14.967,102.083,188.0,1991-01-06,0.0,27.6,32.9,22.8
TH000048431,"NAKHON RATCHASIMA, TH",14.967,102.083,188.0,1991-01-07,0.0,27.9,33.3,21.8
TH000048431,"NAKHON RATCHASIMA, TH",14.967,102.083,188.0,1991-01-08,0.0,28.2,33.5,22.2
TH000048431,"NAKHON RATCHASIMA, TH",14.967,102.083,188.0,1991-01-09,0.0,26.7,32.0,22.5
TH000048431,"NAKHON RATCHASIMA, TH",14.967,102.083,188.0,1991-01-10,0.0,27.1,33.2,21.5
TH000048431,"NAKHON RATCHASIMA, TH",14.967,102.083,188.0,1991-01-11,0.0,27.1,33.6,20.9
TH000048431,"NAKHON RATCHASIMA, TH",14.967,102.083,188.0,1991-01-12,0.0,27.7,33.8,20.6
TH000048431,"NAKHON RATCHASIMA, TH",14.967,102.083,188.0,1991-01-13,0.0,26.2,33.0,20.1
TH000048431,"NAKHON RATCHASIMA, TH",14.967,102.083,188.0,1991-01-14,0.0,26.2,32.3,18.5
TH000048431,"NAKHON RATCHASIMA, TH",14.967,102.083,188.0,1991-01-15,0.0,23.7,29.2,
TH000048431,"NAKHON RATCHASIMA, TH",14.967,102.083,188.0,1991-01-16,0.0,23.4,29.0,17.5
TH000048431,"NAKHON RATCHASIMA, TH",14.967,102.083,188.0,1991-01-17,0.0,23.1,,
TH000048431,"NAKHON RATCHASIMA, TH",14.967,102.083,188.0,1991-01-18,0.0,24.6,31.5,17.5
TH000048431,"NAKHON RATCHASIMA, TH",14.967,102.083,188.0,1991-01-19,0.0,26.0,33.7,18.2
TH000048431,"NAKHON RATCHASIMA, TH",14.967,102.083,188.0,1991-01-20,0.0,27.1,34.2,20.2
TH000048431,"NAKHON RATCHASIMA, TH",14.967,102.083,188.0,1991-01-21,0.0,27.0,33.6,21.2
TH000048431,"NAKHON RATCHASIMA, TH",14.967,102.083,188.0,1991-01-22,0.0,28.4,34.6,21.0
TH000048431,"NAKHON RATCHASIMA, TH",14.967,102.083,188.0,1991-01-23,0.0,28.4,34.2,
TH000048431,"NAKHON RATCHASIMA, TH",14.967,102.083,188.0,1991-01-24,0.0,27.7,33.9,23.5
TH000048431,"NAKHON RATCHASIMA, TH",14.967,102.083,188.0,1991-01-25,0.0,27.9,33.6,22.1
TH000048431,"NAKHON RATCHASIMA, TH",14.967,102.083,188.0,1991-01-26,0.0,27.2,33.2,22.3
TH000048431,"NAKHON RATCHASIMA, TH",14.967,102.083,188.0,1991-01-27,0.0,26.4,,21.7
TH000048431,"NAKHON RATCHASIMA, TH",14.967,102.083,188.0,1991-01-28,0.0,26.2,30.7,
TH000048431,"NAKHON RATCHASIMA, TH",14.967,102.083,188.0,1991-01-29,,25.6,31.0,
TH000048431,"NAKHON RATCHASIMA, TH",14.967,102.083,188.0,1991-01-30,0.0,23.9,30.7,17.3
TH000048431,"NAKHON RATCHASIMA, TH",14.967,102.083,188.0,1991-01-31,0.0,24.7,31.1,18.8
TH000048431,"NAKHON RATCHASIMA, TH",14.967,102.083,188.0,1991-02-01,0.0,24.4,30.0,18.2
TH000048431,"NAKHON RATCHASIMA, TH",14.967,102.083,188.0,1991-02-02,0.0,22.7,30.0,17.5
TH000048431,"NAKHON RATCHASIMA, TH",14.967,102.083,188.0,1991-02-03,0.0,23.8,31.1,16.6
TH000048431,"NAKHON RATCHASIMA, TH",14.967,102.083,188.0,1991-02-04,0.0,23.8,31.2,17.2
TH000048431,"NAKHON RATCHASIMA, TH",14.967,102.083,188.0,1991-02-05,0.0,24.1,31.2,17.0
TH000048431,"NAKHON RATCHASIMA, TH",14.967,102.083,188.0,1991-02-06,0.0,24.6,33.0,16.2
TH000048431,"NAKHON RATCHASIMA, TH",14.967,102.083,188.0,1991-02-07,0.0,25.7,34.2,17.1
TH000048431,"NAKHON RATCHASIMA, TH",14.967,102.083,188.0,1991-02-08,0.0,27.2,35.1,18.3
TH000048431,"NAKHON RATCHASIMA, TH",14.967,102.083,188.0,1991-02-09,0.0,28.6,36.0,
TH000048431,"NAKHON RATCHASIMA, TH",14.967,102.083,188.0,1991-02-10,0.0,28.2,35.7,22.5
TH000048431,"NAKHON RATCHASIMA, TH",14.967,102.083,188.0,1991-02-11,0.0,29.5,35.2,22.8
TH000048431,"NAKHON RATCHASIMA, TH",14.967,102.083,188.0,1991-02-12,0.0,29.8,35.5,24.6
TH000048431,"NAKHON RATCHASIMA, TH",14.967,102.083,188.0,1991-02-13,0.0,29.8,36.4,22.0
TH000048431,"NAKHON RATCHASIMA, TH",14.967,102.083,188.0,1991-02-14,0.0,25.2,36.6,21.7
TH000048431,"NAKHON RATCHASIMA, TH",14.967,102.083,188.0,1991-02-15,0.0,28.4,36.9,21.3
TH000048431,"NAKHON RATCHASIMA, TH",14.967,102.083,188.0,1991-02-16,0.0,28.6,37.2,20.1
TH000048431,"NAKHON RATCHASIMA, TH",14.967,102.083,188.0,1991-02-17,0.0,29.1,37.3,21.4
TH000048431,"NAKHON RATCHASIMA, TH",14.967,102.083,188.0,1991-02-18,0.0,29.6,37.2,21.2
TH000048431,"NAKHON RATCHASIMA, TH",14.967,102.083,188.0,1991-02-19,0.0,29.4,37.1,23.3
TH000048431,"NAKHON RATCHASIMA, TH",14.967,102.083,188.0,1991-02-20,0.0,30.7,34.8,
TH000048431,"NAKHON RATCHASIMA, TH",14.967,102.083,188.0,1991-02-21,0.0,25.2,30.2,20.3
TH000048431,"NAKHON RATCHASIMA, TH",14.967,102.083,188.0,1991-02-22,0.0,24.6,30.7,
TH000048431,"NAKHON RATCHASIMA, TH",14.967,102.083,188.0,1991-02-23,0.0,22.7,28.4,17.9
TH000048431,"NAKHON RATCHASIMA, TH",14.967,102.083,188.0,1991-02-24,0.0,22.7,28.8,17.2
TH000048431,"NAKHON RATCHASIMA, TH",14.967,102.083,188.0,1991-02-25,0.0,23.6,31.0,17.9
TH000048431,"NAKHON RATCHASIMA, TH",14.967,102.083,188.0,1991-02-26,0.0,26.8,34.5,17.0
TH000048431,"NAKHON RATCHASIMA, TH",14.967,102.083,188.0,1991-02-27,0.0,27.4,36.7,18.7
TH000048431,"NAKHON RATCHASIMA, TH",14.967,102.083,188.0,1991-02-28,0.0,29.1,36.7,20.7
TH000048431,"NAKHON RATCHASIMA, TH",14.967,102.083,188.0,1991-03-01,0.0,28.1,36.5,
TH000048431,"NAKHON RATCHASIMA, TH",14.967,102.083,188.0,1991-03-02,0.0,26.5,33.0,22.3
TH000048431,"NAKHON RATCHASIMA, TH",14.967,102.083,188.0,1991-03-03,0.0,29.3,36.5,21.4
TH000048431,"NAKHON RATCHASIMA, TH",14.967,102.083,188.0,1991-03-04,,30.6,36.8,23.8
TH000048431,"NAKHON RATCHASIMA, TH",14.967,102.083,188.0,1991-03-05,4.1,30.1,37.2,23.7
TH000048431,"NAKHON RATCHASIMA, TH",14.967,102.083,188.0,1991-03-06,0.0,30.7,38.0,23.7
TH000048431,"NAKHON RATCHASIMA, TH",14.967,102.083,188.0,1991-03-07,0.0,31.4,38.7,22.2
TH000048431,"NAKHON RATCHASIMA, TH",14.967,102.083,188.0,1991-03-08,0.0,30.8,38.7,23.8
TH000048431,"NAKHON RATCHASIMA, TH",14.967,102.083,188.0,1991-03-09,0.0,30.9,38.2,23.3
TH000048431,"NAKHON RATCHASIMA, TH",14.967,102.083,188.0,1991-03-10,0.0,31.2,38.2,23.3
TH000048431,"NAKHON RATCHASIMA, TH",14.967,102.083,188.0,1991-03-11,0.0,31.8,38.3,25.2
TH000048431,"NAKHON RATCHASIMA, TH",14.967,102.083,188.0,1991-03-12,0.0,31.9,38.2,25.0
TH000048431,"NAKHON RATCHASIMA, TH",14.967,102.083,188.0,1991-03-13,0.0,32.1,38.2,
TH000048431,"NAKHON RATCHASIMA, TH",14.967,102.083,188.0,1991-03-14,0.0,27.5,31.7,
TH000048431,"NAKHON RATCHASIMA, TH",14.967,102.083,188.0,1991-03-15,0.0,29.4,35.1,23.6
TH000048431,"NAKHON RATCHASIMA, TH",14.967,102.083,188.0,1991-03-16,0.0,29.0,34.9,23.3
TH000048431,"NAKHON RATCHASIMA, TH",14.967,102.083,188.0,1991-03-17,0.0,29.2,33.9,23.6
TH000048431,"NAKHON RATCHASIMA, TH",14.967,102.083,188.0,1991-03-18,0.0,29.9,36.4,25.5
TH000048431,"NAKHON RATCHASIMA, TH",14.967,102.083,188.0,1991-03-19,0.0,29.6,35.7,25.7
TH000048431,"NAKHON RATCHASIMA, TH",14.967,102.083,188.0,1991-03-20,0.0,31.3,38.3,24.7
TH000048431,"NAKHON RATCHASIMA, TH",14.967,102.083,188.0,1991-03-21,0.0,30.7,38.0,25.5
TH000048431,"NAKHON RATCHASIMA, TH",14.967,102.083,188.0,1991-03-22,0.0,31.8,39.3,24.6
TH000048431,"NAKHON RATCHASIMA, TH",14.967,102.083,188.0,1991-03-23,0.0,31.7,38.9,25.2
TH000048431,"NAKHON RATCHASIMA, TH",14.967,102.083,188.0,1991-03-24,0.0,32.5,38.2,26.3
TH000048431,"NAKHON RATCHASIMA, TH",14.967,102.083,188.0,1991-03-25,0.0,31.6,38.6,25.4
TH000048431,"NAKHON RATCHASIMA, TH",14.967,102.083,188.0,1991-03-26,0.0,32.6,39.3,25.6
TH000048431,"NAKHON RATCHASIMA, TH",14.967,102.083,188.0,1991-03-27,0.0,32.3,38.9,25.8
TH000048431,"NAKHON RATCHASIMA, TH",14.967,102.083,188.0,1991-03-28,0.0,31.6,38.4,26.3
TH000048431,"NAKHON RATCHASIMA, TH",14.967,102.083,188.0,1991-03-29,0.0,30.8,36.7,26.0
TH000048431,"NAKHON RATCHASIMA, TH",14.967,102.083,188.0,1991-03-30,5.1,29.4,35.8,
TH000048431,"NAKHON RATCHASIMA, TH",14.967,102.083,188.0,1991-03-31,0.0,24.7,28.8,
TH000048431,"NAKHON RATCHASIMA, TH",14.967,102.083,188.0,1991-04-01,0.3,22.6,25.8,
TH000048431,"NAKHON RATCHASIMA, TH",14.967,102.083,188.0,1991-04-02,0.0,24.1,29.3,19.0
TH000048431,"NAKHON RATCHASIMA, TH",14.967,102.083,188.0,1991-04-03,0.0,26.3,32.0,21.0
TH000048431,"NAKHON RATCHASIMA, TH",14.967,102.083,188.0,1991-04-04,0.0,29.7,36.5,21.6
TH000048431,"NAKHON RATCHASIMA, TH",14.967,102.083,188.0,1991-04-05,0.0,30.8,37.4,24.2
TH000048431,"NAKHON RATCHASIMA, TH",14.967,102.083,188.0,1991-04-06,0.0,29.7,38.3,25.5
TH000048431,"NAKHON RATCHASIMA, TH",14.967,102.083,188.0,1991-04-07,0.5,31.8,39.2,24.3
TH000048431,"NAKHON RATCHASIMA, TH",14.967,102.083,188.0,1991-04-08,0.0,31.8,39.4,24.7
TH000048431,"NAKHON RATCHASIMA, TH",14.967,102.083,188.0,1991-04-09,0.0,33.2,40.0,25.7
TH000048431,"NAKHON RATCHASIMA, TH",14.967,102.083,188.0,1991-04-10,0.0,31.8,39.9,26.8
TH000048431,"NAKHON RATCHASIMA, TH",14.967,102.083,188.0,1991-04-11,2.0,31.9,41.1,26.8
TH000048431,"NAKHON RATCHASIMA, TH",14.967,102.083,188.0,1991-04-12,5.1,31.6,39.8,26.4
TH000048431,"NAKHON RATCHASIMA, TH",14.967,102.083,188.0,1991-04-13,0.0,30.0,40.0,
TH000048431,"NAKHON RATCHASIMA, TH",14.967,102.083,188.0,1991-04-14,0.0,31.6,38.0,25.4
TH000048431,"NAKHON RATCHASIMA, TH",14.967,102.083,188.0,1991-04-15,0.0,30.5,37.8,27.0
TH000048431,"NAKHON RATCHASIMA, TH",14.967,102.083,188.0,1991-04-16,3.0,32.6,39.5,25.7
TH000048431,"NAKHON RATCHASIMA, TH",14.967,102.083,188.0,1991-04-17,0.0,33.1,40.2,26.8
TH000048431,"NAKHON RATCHASIMA, TH",14.967,102.083,188.0,1991-04-18,0.0,33.6,39.7,27.0
TH000048431,"NAKHON RATCHASIMA, TH",14.967,102.083,188.0,1991-04-19,0.0,32.7,39.8,26.5
TH000048431,"NAKHON RATCHASIMA, TH",14.967,102.083,188.0,1991-04-20,0.0,28.5,33.0,
TH000048431,"NAKHON RATCHASIMA, TH",14.967,102.083,188.0,1991-04-21,0.0,29.9,34.8,25.3
TH000048431,"NAKHON RATCHASIMA, TH",14.967,102.083,188.0,1991-04-22,0.0,29.2,33.8,25.0
TH000048431,"NAKHON RATCHASIMA, TH",14.967,102.083,188.0,1991-04-23,0.0,31.3,36.0,25.5
TH000048431,"NAKHON RATCHASIMA, TH",14.967,102.083,188.0,1991-04-24,0.0,30.3,35.4,25.8
TH000048431,"NAKHON RATCHASIMA, TH",14.967,102.083,188.0,1991-04-25,2.0,27.3,32.2,
TH000048431,"NAKHON RATCHASIMA, TH",14.967,102.083,188.0,1991-04-26,11.9,29.6,36.7,23.9
TH000048431,"NAKHON RATCHASIMA, TH",14.967,102.083,188.0,1991-04-27,19.1,28.6,32.5,23.5
TH000048431,"NAKHON RATCHASIMA, TH",14.967,102.083,188.0,1991-04-28,0.0,31.3,37.1,
TH000048431,"NAKHON RATCHASIMA, TH",14.967,102.083,188.0,1991-04-29,0.0,30.7,37.5,25.7
TH000048431,"NAKHON RATCHASIMA, TH",14.967,102.083,188.0,1991-04-30,0.0,30.8,37.7,26.0
TH000048431,"NAKHON RATCHASIMA, TH",14.967,102.083,188.0,1991-05-01,2.0,31.8,37.5,26.0
TH000048431,"NAKHON RATCHASIMA, TH",14.967,102.083,188.0,1991-05-02,0.0,30.3,38.0,25.7
TH000048431,"NAKHON RATCHASIMA, TH",14.967,102.083,188.0,1991-05-03,0.0,31.5,,26.2
TH000048431,"NAKHON RATCHASIMA, TH",14.967,102.083,188.0,1991-05-04,0.0,29.6,36.8,
TH000048431,"NAKHON RATCHASIMA, TH",14.967,102.083,188.0,1991-05-05,0.0,28.7,35.6,25.0
TH000048431,"NAKHON RATCHASIMA, TH",14.967,102.083,188.0,1991-05-06,0.0,29.9,36.5,24.7
TH000048431,"NAKHON RATCHASIMA, TH",14.967,102.083,188.0,1991-05-07,0.0,30.7,36.5,25.2
TH000048431,"NAKHON RATCHASIMA, TH",14.967,102.083,188.0,1991-05-08,0.0,31.9,37.7,25.2
TH000048431,"NAKHON RATCHASIMA, TH",14.967,102.083,188.0,1991-05-09,,27.6,36.0,
TH000048431,"NAKHON RATCHASIMA, TH",14.967,102.083,188.0,1991-05-10,0.0,29.7,33.8,
TH000048431,"NAKHON RATCHASIMA, TH",14.967,102.083,188.0,1991-05-11,0.0,29.4,37.2,
TH000048431,"NAKHON RATCHASIMA, TH",14.967,102.083,188.0,1991-05-12,27.9,30.4,35.5,25.0
TH000048431,"NAKHON RATCHASIMA, TH",14.967,102.083,188.0,1991-05-13,0.0,29.0,37.0,26.0
TH000048431,"NAKHON RATCHASIMA, TH",14.967,102.083,188.0,1991-05-14,0.0,29.4,36.4,25.8
TH000048431,"NAKHON RATCHASIMA, TH",14.967,102.083,188.0,1991-05-15,0.0,30.1,36.3,25.6
TH000048431,"NAKHON RATCHASIMA, TH",14.967,102.083,188.0,1991-05-16,0.0,28.2,35.4,25.0
TH000048431,"NAKHON RATCHASIMA, TH",14.967,102.083,188.0,1991-05-17,1.0,29.4,34.0,25.1
TH000048431,"NAKHON RATCHASIMA, TH",14.967,102.083,188.0,1991-05-18,0.3,31.2,37.3,25.3
TH000048431,"NAKHON RATCHASIMA, TH",14.967,102.083,188.0,1991-05-19,0.0,31.9,37.5,26.7
TH000048431,"NAKHON RATCHASIMA, TH",14.967,102.083,188.0,1991-05-20,,30.2,37.4,
TH000048431,"NAKHON RATCHASIMA, TH",14.967,102.083,188.0,1991-05-21,2.0,28.1,34.5,
TH000048431,"NAKHON RATCHASIMA, TH",14.967,102.083,188.0,1991-05-22,3.0,29.8,34.4,24.6
TH000048431,"NAKHON RATCHASIMA, TH",14.967,102.083,188.0,1991-05-23,0.0,29.2,37.8,
TH000048431,"NAKHON RATCHASIMA, TH",14.967,102.083,188.0,1991-05-24,0.0,29.2,35.2,25.0
TH000048431,"NAKHON RATCHASIMA, TH",14.967,102.083,188.0,1991-05-25,7.9,27.5,34.7,25.0
TH000048431,"NAKHON RATCHASIMA, TH",14.967,102.083,188.0,1991-05-26,7.1,28.9,35.2,
TH000048431,"NAKHON RATCHASIMA, TH",14.967,102.083,188.0,1991-05-27,68.1,26.3,29.5,23.5
TH000048431,"NAKHON RATCHASIMA, TH",14.967,102.083,188.0,1991-05-28,4.1,27.8,33.0,24.6
TH000048431,"NAKHON RATCHASIMA, TH",14.967,102.083,188.0,1991-05-29,3.0,27.9,33.0,25.0
TH000048431,"NAKHON RATCHASIMA, TH",14.967,102.083,188.0,1991-05-30,0.0,27.5,33.1,
TH000048431,"NAKHON RATCHASIMA, TH",14.967,102.083,188.0,1991-05-31,0.5,29.1,33.8,24.6
TH000048431,"NAKHON RATCHASIMA, TH",14.967,102.083,188.0,1991-06-01,0.3,28.3,34.5,25.2
TH000048431,"NAKHON RATCHASIMA, TH",14.967,102.083,188.0,1991-06-02,2.0,29.7,34.7,26.5
TH000048431,"NAKHON RATCHASIMA, TH",14.967,102.083,188.0,1991-06-03,0.0,29.1,35.5,
TH000048431,"NAKHON RATCHASIMA, TH",14.967,102.083,188.0,1991-06-04,5.1,27.7,31.6,24.2
TH000048431,"NAKHON RATCHASIMA, TH",14.967,102.083,188.0,1991-06-05,0.0,27.2,33.4,
TH000048431,"NAKHON RATCHASIMA, TH",14.967,102.083,188.0,1991-06-06,0.3,27.0,,25.3
TH000048431,"NAKHON RATCHASIMA, TH",14.967,102.083,188.0,1991-06-07,39.1,27.4,32.3,
TH000048431,"NAKHON RATCHASIMA, TH",14.967,102.083,188.0,1991-06-08,4.1,28.8,32.3,24.2
TH000048431,"NAKHON RATCHASIMA, TH",14.967,102.083,188.0,1991-06-09,0.0,28.7,33.6,25.5
TH000048431,"NAKHON RATCHASIMA, TH",14.967,102.083,188.0,1991-06-10,0.0,28.1,32.7,25.4
TH000048431,"NAKHON RATCHASIMA, TH",14.967,102.083,188.0,1991-06-12,0.0,27.2,31.2,
TH000048431,"NAKHON RATCHASIMA, TH",14.967,102.083,188.0,1991-06-13,0.5,28.6,32.6,24.9
TH000048431,"NAKHON RATCHASIMA, TH",14.967,102.083,188.0,1991-06-14,0.0,30.1,34.5,
TH000048431,"NAKHON RATCHASIMA, TH",14.967,102.083,188.0,1991-06-15,0.0,29.8,35.7,25.2
TH000048431,"NAKHON RATCHASIMA, TH",14.967,102.083,188.0,1991-06-16,0.0,29.7,34.3,25.7
TH000048431,"NAKHON RATCHASIMA, TH",14.967,102.083,188.0,1991-06-17,0.0,29.2,33.6,25.6
TH000048431,"NAKHON RATCHASIMA, TH",14.967,102.083,188.0,1991-06-18,1.0,28.3,33.5,24.0
TH000048431,"NAKHON RATCHASIMA, TH",14.967,102.083,188.0,1991-06-19,0.0,29.4,34.0,25.1
TH000048431,"NAKHON RATCHASIMA, TH",14.967,102.083,188.0,1991-06-20,0.0,30.7,,24.7
TH000048431,"NAKHON RATCHASIMA, TH",14.967,102.083,188.0,1991-06-21,0.0,29.7,36.9,
TH000048431,"NAKHON RATCHASIMA, TH",14.967,102.083,188.0,1991-06-22,9.9,28.6,33.8,25.5
TH000048431,"NAKHON RATCHASIMA, TH",14.967,102.083,188.0,1991-06-23,2.0,28.0,31.8,
TH000048431,"NAKHON RATCHASIMA, TH",14.967,102.083,188.0,1991-06-24,0.3,28.8,32.3,25.2
TH000048431,"NAKHON RATCHASIMA, TH",14.967,102.083,188.0,1991-06-25,0.0,28.8,35.5,
TH000048431,"NAKHON RATCHASIMA, TH",14.967,102.083,188.0,1991-06-26,9.9,27.7,32.8,23.6
TH000048431,"NAKHON RATCHASIMA, TH",14.967,102.083,188.0,1991-06-27,1.0,28.6,34.2,24.0
TH000048431,"NAKHON RATCHASIMA, TH",14.967,102.083,188.0,1991-06-28,11.9,30.3,34.4,25.2
TH000048431,"NAKHON RATCHASIMA, TH",14.967,102.083,188.0,1991-06-29,0.0,29.2,34.4,25.0
TH000048431,"NAKHON RATCHASIMA, TH",14.967,102.083,188.0,1991-06-30,0.0,30.4,35.3,25.3
TH000048431,"NAKHON RATCHASIMA, TH",14.967,102.083,188.0,1991-07-01,,29.1,35.7,
TH000048431,"NAKHON RATCHASIMA, TH",14.967,102.083,188.0,1991-07-02,2.0,27.9,34.0,24.3
TH000048431,"NAKHON RATCHASIMA, TH",14.967,102.083,188.0,1991-07-03,0.0,29.0,34.5,23.7
TH000048431,"NAKHON RATCHASIMA, TH",14.967,102.083,188.0,1991-07-04,0.0,28.6,33.5,24.5
TH000048431,"NAKHON RATCHASIMA, TH",14.967,102.083,188.0,1991-07-05,0.0,30.1,35.7,24.9
TH000048431,"NAKHON RATCHASIMA, TH",14.967,102.083,188.0,1991-07-06,0.0,30.6,35.9,25.8
TH000048431,"NAKHON RATCHASIMA, TH",14.967,102.083,188.0,1991-07-07,0.0,28.4,35.3,25.2
TH000048431,"NAKHON RATCHASIMA, TH",14.967,102.083,188.0,1991-07-08,2.0,28.7,34.2,
TH000048431,"NAKHON RATCHASIMA, TH",14.967,102.083,188.0,1991-07-09,0.0,27.6,34.1,24.2
TH000048431,"NAKHON RATCHASIMA, TH",14.967,102.083,188.0,1991-07-10,4.1,29.6,34.5,24.6
TH000048431,"NAKHON RATCHASIMA, TH",14.967,102.083,188.0,1991-07-11,0.0,28.0,32.6,
TH000048431,"NAKHON RATCHASIMA, TH",14.967,102.083,188.0,1991-07-12,7.9,29.3,33.5,24.7
TH000048431,"NAKHON RATCHASIMA, TH",14.967,102.083,188.0,1991-07-13,0.0,29.3,33.9,25.4
TH000048431,"NAKHON RATCHASIMA, TH",14.967,102.083,188.0,1991-07-14,0.0,29.0,34.3,25.3
TH000048431,"NAKHON RATCHASIMA, TH",14.967,102.083,188.0,1991-07-15,,27.0,33.6,
TH000048431,"NAKHON RATCHASIMA, TH",14.967,102.083,188.0,1991-07-16,8.9,28.2,32.6,
TH000048431,"NAKHON RATCHASIMA, TH",14.967,102.083,188.0,1991-07-17,0.0,29.7,,24.8
TH000048431,"NAKHON RATCHASIMA, TH",14.967,102.083,188.0,1991-07-18,0.0,29.9,34.3,25.8
TH000048431,"NAKHON RATCHASIMA, TH",14.967,102.083,188.0,1991-07-19,0.0,30.1,35.4,26.3
TH000048431,"NAKHON RATCHASIMA, TH",14.967,102.083,188.0,1991-07-20,0.0,29.6,34.0,26.0
TH000048431,"NAKHON RATCHASIMA, TH",14.967,102.083,188.0,1991-07-21,0.0,30.1,34.6,26.3
TH000048431,"NAKHON RATCHASIMA, TH",14.967,102.083,188.0,1991-07-22,0.0,28.6,34.7,26.2
TH000048431,"NAKHON RATCHASIMA, TH",14.967,102.083,188.0,1991-07-23,0.0,29.6,34.1,25.0
TH000048431,"NAKHON RATCHASIMA, TH",14.967,102.083,188.0,1991-07-24,7.1,28.3,34.2,25.1
TH000048431,"NAKHON RATCHASIMA, TH",14.967,102.083,188.0,1991-07-25,0.0,28.1,32.0,25.1
TH000048431,"NAKHON RATCHASIMA, TH",14.967,102.083,188.0,1991-07-26,0.0,28.5,32.8,
TH000048431,"NAKHON RATCHASIMA, TH",14.967,102.083,188.0,1991-07-27,3.0,27.8,32.8,24.0
TH000048431,"NAKHON RATCHASIMA, TH",14.967,102.083,188.0,1991-07-28,0.0,27.8,31.2,25.5
TH000048431,"NAKHON RATCHASIMA, TH",14.967,102.083,188.0,1991-07-29,0.0,28.6,32.8,24.8
TH000048431,"NAKHON RATCHASIMA, TH",14.967,102.083,188.0,1991-07-30,0.0,28.3,35.3,
TH000048431,"NAKHON RATCHASIMA, TH",14.967,102.083,188.0,1991-07-31,1.0,28.0,31.8,25.0
TH000048431,"NAKHON RATCHASIMA, TH",14.967,102.083,188.0,1991-08-01,0.0,28.8,34.5,25.3
TH000048431,"NAKHON RATCHASIMA, TH",14.967,102.083,188.0,1991-08-02,0.0,28.4,34.8,25.0
TH000048431,"NAKHON RATCHASIMA, TH",14.967,102.083,188.0,1991-08-03,1.0,29.7,36.2,23.7
TH000048431,"NAKHON RATCHASIMA, TH",14.967,102.083,188.0,1991-08-04,0.0,29.3,35.7,
TH000048431,"NAKHON RATCHASIMA, TH",14.967,102.083,188.0,1991-08-05,3.0,26.1,33.7,
TH000048431,"NAKHON RATCHASIMA, TH",14.967,102.083,188.0,1991-08-06,22.1,26.9,31.7,22.7
TH000048431,"NAKHON RATCHASIMA, TH",14.967,102.083,188.0,1991-08-07,0.0,26.2,32.0,
TH000048431,"NAKHON RATCHASIMA, TH",14.967,102.083,188.0,1991-08-08,68.1,27.4,31.3,23.0
TH000048431,"NAKHON RATCHASIMA, TH",14.967,102.083,188.0,1991-08-09,0.0,28.5,33.2,23.2
TH000048431,"NAKHON RATCHASIMA, TH",14.967,102.083,188.0,1991-08-10,0.0,28.7,33.5,24.5
TH000048431,"NAKHON RATCHASIMA, TH",14.967,102.083,188.0,1991-08-11,0.0,27.6,31.3,
TH000048431,"NAKHON RATCHASIMA, TH",14.967,102.083,188.0,1991-08-12,1.0,27.5,,23.1
TH000048431,"NAKHON RATCHASIMA, TH",14.967,102.083,188.0,1991-08-13,0.0,27.1,32.0,24.5
TH000048431,"NAKHON RATCHASIMA, TH",14.967,102.083,188.0,1991-08-14,0.5,27.6,32.0,24.4
TH000048431,"NAKHON RATCHASIMA, TH",14.967,102.083,188.0,1991-08-15,0.3,27.9,32.7,24.4
TH000048431,"NAKHON RATCHASIMA, TH",14.967,102.083,188.0,1991-08-16,0.3,28.1,31.2,24.4
TH000048431,"NAKHON RATCHASIMA, TH",14.967,102.083,188.0,1991-08-17,0.0,26.3,31.2,
TH000048431,"NAKHON RATCHASIMA, TH",14.967,102.083,188.0,1991-08-18,4.1,24.4,25.3,23.4
TH000048431,"NAKHON RATCHASIMA, TH",14.967,102.083,188.0,1991-08-19,7.1,26.3,29.9,24.2
TH000048431,"NAKHON RATCHASIMA, TH",14.967,102.083,188.0,1991-08-20,1.0,27.3,30.8,24.0
TH000048431,"NAKHON RATCHASIMA, TH",14.967,102.083,188.0,1991-08-21,0.0,29.1,33.2,24.1
TH000048431,"NAKHON RATCHASIMA, TH",14.967,102.083,188.0,1991-08-22,3.0,27.4,32.4,24.7
TH000048431,"NAKHON RATCHASIMA, TH",14.967,102.083,188.0,1991-08-23,6.1,27.0,31.2,24.5
TH000048431,"NAKHON RATCHASIMA, TH",14.967,102.083,188.0,1991-08-24,0.5,28.7,32.7,23.5
TH000048431,"NAKHON RATCHASIMA, TH",14.967,102.083,188.0,1991-08-25,0.0,28.7,34.0,24.2
TH000048431,"NAKHON RATCHASIMA, TH",14.967,102.083,188.0,1991-08-26,0.0,29.8,34.2,25.0
TH000048431,"NAKHON RATCHASIMA, TH",14.967,102.083,188.0,1991-08-27,0.0,27.8,33.3,
TH000048431,"NAKHON RATCHASIMA, TH",14.967,102.083,188.0,1991-08-28,49.0,26.9,30.6,23.6
TH000048431,"NAKHON RATCHASIMA, TH",14.967,102.083,188.0,1991-08-29,0.3,26.4,30.8,24.5
TH000048431,"NAKHON RATCHASIMA, TH",14.967,102.083,188.0,1991-08-30,9.9,27.1,31.7,24.3
TH000048431,"NAKHON RATCHASIMA, TH",14.967,102.083,188.0,1991-08-31,1.0,27.1,32.2,24.4
TH000048431,"NAKHON RATCHASIMA, TH",14.967,102.083,188.0,1991-09-01,10.9,28.6,33.7,24.4
TH000048431,"NAKHON RATCHASIMA, TH",14.967,102.083,188.0,1991-09-02,0.0,28.9,33.6,24.5
TH000048431,"NAKHON RATCHASIMA, TH",14.967,102.083,188.0,1991-09-03,0.0,29.0,32.2,25.4
TH000048431,"NAKHON RATCHASIMA, TH",14.967,102.083,188.0,1991-09-04,0.0,28.0,30.7,
TH000048431,"NAKHON RATCHASIMA, TH",14.967,102.083,188.0,1991-09-05,0.5,28.4,32.6,24.5
TH000048431,"NAKHON RATCHASIMA, TH",14.967,102.083,188.0,1991-09-06,0.0,28.3,33.5,25.5
TH000048431,"NAKHON RATCHASIMA, TH",14.967,102.083,188.0,1991-09-07,0.0,29.3,33.3,24.4
TH000048431,"NAKHON RATCHASIMA, TH",14.967,102.083,188.0,1991-09-08,0.0,28.7,34.3,24.2
TH000048431,"NAKHON RATCHASIMA, TH",14.967,102.083,188.0,1991-09-09,0.0,28.7,33.3,24.9
TH000048431,"NAKHON RATCHASIMA, TH",14.967,102.083,188.0,1991-09-10,0.3,28.3,33.3,25.0
TH000048431,"NAKHON RATCHASIMA, TH",14.967,102.083,188.0,1991-09-11,5.1,26.8,32.8,
TH000048431,"NAKHON RATCHASIMA, TH",14.967,102.083,188.0,1991-09-12,7.9,27.4,31.5,24.2
TH000048431,"NAKHON RATCHASIMA, TH",14.967,102.083,188.0,1991-09-13,3.0,27.6,31.2,23.8
TH000048431,"NAKHON RATCHASIMA, TH",14.967,102.083,188.0,1991-09-14,41.9,26.3,30.5,21.3
TH000048431,"NAKHON RATCHASIMA, TH",14.967,102.083,188.0,1991-09-15,0.0,28.2,32.4,24.7
TH000048431,"NAKHON RATCHASIMA, TH",14.967,102.083,188.0,1991-09-16,5.1,28.6,32.3,23.3
TH000048431,"NAKHON RATCHASIMA, TH",14.967,102.083,188.0,1991-09-17,0.0,27.9,32.4,22.4
TH000048431,"NAKHON RATCHASIMA, TH",14.967,102.083,188.0,1991-09-18,0.0,28.1,33.5,24.0
TH000048431,"NAKHON RATCHASIMA, TH",14.967,102.083,188.0,1991-09-19,8.9,28.0,33.3,24.4
TH000048431,"NAKHON RATCHASIMA, TH",14.967,102.083,188.0,1991-09-20,0.0,27.2,33.0,
TH000048431,"NAKHON RATCHASIMA, TH",14.967,102.083,188.0,1991-09-21,18.0,27.3,32.6,
TH000048431,"NAKHON RATCHASIMA, TH",14.967,102.083,188.0,1991-09-22,55.9,27.9,31.7,23.7
TH000048431,"NAKHON RATCHASIMA, TH",14.967,102.083,188.0,1991-09-23,19.1,26.4,30.0,23.2
TH000048431,"NAKHON RATCHASIMA, TH",14.967,102.083,188.0,1991-09-24,6.1,26.5,30.0,24.8
TH000048431,"NAKHON RATCHASIMA, TH",14.967,102.083,188.0,1991-09-25,24.9,25.8,30.5,24.5
TH000048431,"NAKHON RATCHASIMA, TH",14.967,102.083,188.0,1991-09-26,1.0,26.4,32.7,23.8
TH000048431,"NAKHON RATCHASIMA, TH",14.967,102.083,188.0,1991-09-27,3.0,27.6,32.8,24.4
TH000048431,"NAKHON RATCHASIMA, TH",14.967,102.083,188.0,1991-09-28,4.1,26.7,31.8,
TH000048431,"NAKHON RATCHASIMA, TH",14.967,102.083,188.0,1991-09-29,2.0,26.9,31.5,24.1
TH000048431,"NAKHON RATCHASIMA, TH",14.967,102.083,188.0,1991-09-30,6.1,25.6,31.0,24.2
TH000048431,"NAKHON RATCHASIMA, TH",14.967,102.083,188.0,1991-10-01,16.0,26.7,29.8,24.2
TH000048431,"NAKHON RATCHASIMA, TH",14.967,102.083,188.0,1991-10-02,0.0,26.7,31.8,23.8
TH000048431,"NAKHON RATCHASIMA, TH",14.967,102.083,188.0,1991-10-03,10.9,27.1,30.7,23.7
TH000048431,"NAKHON RATCHASIMA, TH",14.967,102.083,188.0,1991-10-04,0.0,26.3,29.5,
TH000048431,"NAKHON RATCHASIMA, TH",14.967,102.083,188.0,1991-10-05,3.0,27.3,31.3,23.8
TH000048431,"NAKHON RATCHASIMA, TH",14.967,102.083,188.0,1991-10-06,2.0,26.4,29.5,23.8
TH000048431,"NAKHON RATCHASIMA, TH",14.967,102.083,188.0,1991-10-07,6.1,25.1,27.0,23.2
TH000048431,"NAKHON RATCHASIMA, TH",14.967,102.083,188.0,1991-10-08,9.9,25.8,29.2,24.0
TH000048431,"NAKHON RATCHASIMA, TH",14.967,102.083,188.0,1991-10-09,0.0,26.0,29.8,
TH000048431,"NAKHON RATCHASIMA, TH",14.967,102.083,188.0,1991-10-10,19.1,25.8,30.2,23.0
TH000048431,"NAKHON RATCHASIMA, TH",14.967,102.083,188.0,1991-10-11,6.1,26.9,31.2,22.6
TH000048431,"NAKHON RATCHASIMA, TH",14.967,102.083,188.0,1991-10-12,0.0,28.0,32.0,23.1
TH000048431,"NAKHON RATCHASIMA, TH",14.967,102.083,188.0,1991-10-13,0.0,27.1,31.7,23.7
TH000048431,"NAKHON RATCHASIMA, TH",14.967,102.083,188.0,1991-10-14,0.0,28.1,31.7,23.4
TH000048431,"NAKHON RATCHASIMA, TH",14.967,102.083,188.0,1991-10-15,0.0,28.1,32.2,23.5
TH000048431,"NAKHON RATCHASIMA, TH",14.967,102.083,188.0,1991-10-16,0.0,28.9,33.2,24.3
TH000048431,"NAKHON RATCHASIMA, TH",14.967,102.083,188.0,1991-10-17,0.0,25.7,32.3,
TH000048431,"NAKHON RATCHASIMA, TH",14.967,102.083,188.0,1991-10-18,9.9,27.1,30.8,22.0
TH000048431,"NAKHON RATCHASIMA, TH",14.967,102.083,188.0,1991-10-19,0.0,27.3,30.7,24.1
TH000048431,"NAKHON RATCHASIMA, TH",14.967,102.083,188.0,1991-10-20,1.0,27.0,30.5,23.5
TH000048431,"NAKHON RATCHASIMA, TH",14.967,102.083,188.0,1991-10-21,6.1,26.0,28.8,23.6
TH000048431,"NAKHON RATCHASIMA, TH",14.967,102.083,188.0,1991-10-22,0.0,26.0,29.7,24.0
TH000048431,"NAKHON RATCHASIMA, TH",14.967,102.083,188.0,1991-10-23,11.9,25.7,29.2,
TH000048431,"NAKHON RATCHASIMA, TH",14.967,102.083,188.0,1991-10-24,8.9,25.6,29.0,22.5
TH000048431,"NAKHON RATCHASIMA, TH",14.967,102.083,188.0,1991-10-25,0.0,25.4,28.8,
TH000048431,"NAKHON RATCHASIMA, TH",14.967,102.083,188.0,1991-10-26,0.0,26.5,30.3,21.8
TH000048431,"NAKHON RATCHASIMA, TH",14.967,102.083,188.0,1991-10-27,0.0,26.1,29.7,
TH000048431,"NAKHON RATCHASIMA, TH",14.967,102.083,188.0,1991-10-28,0.0,24.2,28.3,20.5
TH000048431,"NAKHON RATCHASIMA, TH",14.967,102.083,188.0,1991-10-29,0.0,23.6,28.4,
TH000048431,"NAKHON RATCHASIMA, TH",14.967,102.083,188.0,1991-10-30,0.0,23.6,29.4,18.2
TH000048431,"NAKHON RATCHASIMA, TH",14.967,102.083,188.0,1991-10-31,0.0,23.4,28.8,18.1
TH000048431,"NAKHON RATCHASIMA, TH",14.967,102.083,188.0,1991-11-01,0.0,23.3,29.5,18.0
TH000048431,"NAKHON RATCHASIMA, TH",14.967,102.083,188.0,1991-11-02,0.0,25.3,30.5,18.5
TH000048431,"NAKHON RATCHASIMA, TH",14.967,102.083,188.0,1991-11-03,0.0,25.3,29.8,20.2
TH000048431,"NAKHON RATCHASIMA, TH",14.967,102.083,188.0,1991-11-04,0.0,24.1,28.5,20.9
TH000048431,"NAKHON RATCHASIMA, TH",14.967,102.083,188.0,1991-11-05,0.0,25.3,29.7,21.0
TH000048431,"NAKHON RATCHASIMA, TH",14.967,102.083,188.0,1991-11-06,,25.4,30.2,20.9
TH000048431,"NAKHON RATCHASIMA, TH",14.967,102.083,188.0,1991-11-07,0.0,26.6,30.8,22.3
TH000048431,"NAKHON RATCHASIMA, TH",14.967,102.083,188.0,1991-11-08,0.0,26.2,30.5,21.1
TH000048431,"NAKHON RATCHASIMA, TH",14.967,102.083,188.0,1991-11-09,0.0,25.8,29.2,22.5
TH000048431,"NAKHON RATCHASIMA, TH",14.967,102.083,188.0,1991-11-10,0.0,25.8,29.4,
TH000048431,"NAKHON RATCHASIMA, TH",14.967,102.083,188.0,1991-11-11,0.0,25.1,29.3,
TH000048431,"NAKHON RATCHASIMA, TH",14.967,102.083,188.0,1991-11-12,0.0,24.2,28.8,20.0
TH000048431,"NAKHON RATCHASIMA, TH",14.967,102.083,188.0,1991-11-13,0.0,23.9,28.2,18.9
TH000048431,"NAKHON RATCHASIMA, TH",14.967,102.083,188.0,1991-11-14,0.0,22.9,28.2,
TH000048431,"NAKHON RATCHASIMA, TH",14.967,102.083,188.0,1991-11-15,0.0,22.5,26.7,17.6
TH000048431,"NAKHON RATCHASIMA, TH",14.967,102.083,188.0,1991-11-16,0.0,21.8,27.1,16.9
TH000048431,"NAKHON RATCHASIMA, TH",14.967,102.083,188.0,1991-11-17,0.0,24.3,28.0,17.2
TH000048431,"NAKHON RATCHASIMA, TH",14.967,102.083,188.0,1991-11-18,0.0,23.7,28.9,19.4
TH000048431,"NAKHON RATCHASIMA, TH",14.967,102.083,188.0,1991-11-19,0.0,23.1,28.3,17.8
TH000048431,"NAKHON RATCHASIMA, TH",14.967,102.083,188.0,1991-11-22,0.0,25.8,30.5,
TH000048431,"NAKHON RATCHASIMA, TH",14.967,102.083,188.0,1991-11-23,0.0,25.9,30.8,20.7
TH000048431,"NAKHON RATCHASIMA, TH",14.967,102.083,188.0,1991-11-24,0.0,25.8,30.5,20.9
TH000048431,"NAKHON RATCHASIMA, TH",14.967,102.083,188.0,1991-11-25,0.0,25.6,30.5,20.6
TH000048431,"NAKHON RATCHASIMA, TH",14.967,102.083,188.0,1991-11-26,0.0,25.6,30.3,20.2
TH000048431,"NAKHON RATCHASIMA, TH",14.967,102.083,188.0,1991-11-27,0.0,25.6,28.7,21.2
TH000048431,"NAKHON RATCHASIMA, TH",14.967,102.083,188.0,1991-11-28,0.0,25.6,30.0,20.5
TH000048431,"NAKHON RATCHASIMA, TH",14.967,102.083,188.0,1991-11-29,0.0,26.7,32.2,
TH000048431,"NAKHON RATCHASIMA, TH",14.967,102.083,188.0,1991-11-30,0.0,26.4,32.1,20.3
TH000048431,"NAKHON RATCHASIMA, TH",14.967,102.083,188.0,1991-12-01,0.0,27.0,32.7,20.5
TH000048431,"NAKHON RATCHASIMA, TH",14.967,102.083,188.0,1991-12-02,0.0,26.8,32.5,20.1
TH000048431,"NAKHON RATCHASIMA, TH",14.967,102.083,188.0,1991-12-03,0.0,26.2,30.7,20.4
TH000048431,"NAKHON RATCHASIMA, TH",14.967,102.083,188.0,1991-12-04,0.0,24.6,29.2,20.8
TH000048431,"NAKHON RATCHASIMA, TH",14.967,102.083,188.0,1991-12-05,0.0,24.9,29.5,20.0
TH000048431,"NAKHON RATCHASIMA, TH",14.967,102.083,188.0,1991-12-06,0.0,23.8,29.0,
TH000048431,"NAKHON RATCHASIMA, TH",14.967,102.083,188.0,1991-12-07,0.0,22.9,28.8,17.1
TH000048431,"NAKHON RATCHASIMA, TH",14.967,102.083,188.0,1991-12-08,0.0,23.7,28.5,17.8
TH000048431,"NAKHON RATCHASIMA, TH",14.967,102.083,188.0,1991-12-09,0.0,24.2,29.5,18.3
TH000048431,"NAKHON RATCHASIMA, TH",14.967,102.083,188.0,1991-12-10,0.0,25.4,30.4,21.7
TH000048431,"NAKHON RATCHASIMA, TH",14.967,102.083,188.0,1991-12-11,0.0,26.0,30.5,21.4
TH000048431,"NAKHON RATCHASIMA, TH",14.967,102.083,188.0,1991-12-12,0.0,25.4,30.3,21.6
TH000048431,"NAKHON RATCHASIMA, TH",14.967,102.083,188.0,1991-12-13,0.0,25.8,30.0,21.3
TH000048431,"NAKHON RATCHASIMA, TH",14.967,102.083,188.0,1991-12-14,0.0,24.0,28.8,
TH000048431,"NAKHON RATCHASIMA, TH",14.967,102.083,188.0,1991-12-15,0.0,23.6,29.0,18.4
TH000048431,"NAKHON RATCHASIMA, TH",14.967,102.083,188.0,1991-12-16,0.0,23.3,29.0,17.9
TH000048431,"NAKHON RATCHASIMA, TH",14.967,102.083,188.0,1991-12-17,0.0,23.7,29.3,17.5
TH000048431,"NAKHON RATCHASIMA, TH",14.967,102.083,188.0,1991-12-18,0.0,22.4,28.8,18.5
TH000048431,"NAKHON RATCHASIMA, TH",14.967,102.083,188.0,1991-12-19,0.0,22.9,28.7,16.8
TH000048431,"NAKHON RATCHASIMA, TH",14.967,102.083,188.0,1991-12-20,0.0,23.3,28.4,17.4
TH000048431,"NAKHON RATCHASIMA, TH",14.967,102.083,188.0,1991-12-21,0.0,24.7,,18.5
TH000048431,"NAKHON RATCHASIMA, TH",14.967,102.083,188.0,1991-12-22,0.0,22.6,28.7,
TH000048431,"NAKHON RATCHASIMA, TH",14.967,102.083,188.0,1991-12-23,0.0,23.6,30.6,
TH000048431,"NAKHON RATCHASIMA, TH",14.967,102.083,188.0,1991-12-24,0.0,25.1,31.5,18.5
TH000048431,"NAKHON RATCHASIMA, TH",14.967,102.083,188.0,1991-12-25,0.0,25.4,32.3,18.1
TH000048431,"NAKHON RATCHASIMA, TH",14.967,102.083,188.0,1991-12-26,0.0,27.7,33.8,19.3
TH000048431,"NAKHON RATCHASIMA, TH",14.967,102.083,188.0,1991-12-27,0.0,28.1,,21.2
TH000048431,"NAKHON RATCHASIMA, TH",14.967,102.083,188.0,1991-12-28,0.0,23.2,31.4,
TH000048431,"NAKHON RATCHASIMA, TH",14.967,102.083,188.0,1991-12-29,5.1,17.2,19.2,14.8
TH000048431,"NAKHON RATCHASIMA, TH",14.967,102.083,188.0,1991-12-30,0.0,17.8,21.8,15.8
TH000048431,"NAKHON RATCHASIMA, TH",14.967,102.083,188.0,1991-12-31,0.0,21.2,26.0,16.4
TH000048431,"NAKHON RATCHASIMA, TH",14.967,102.083,188.0,1992-01-01,0.0,25.1,30.5,17.5
TH000048431,"NAKHON RATCHASIMA, TH",14.967,102.083,188.0,1992-01-02,0.0,26.1,30.9,20.7
TH000048431,"NAKHON RATCHASIMA, TH",14.967,102.083,188.0,1992-01-03,0.0,26.1,30.7,22.0
TH000048431,"NAKHON RATCHASIMA, TH",14.967,102.083,188.0,1992-01-04,0.0,24.2,,20.4
TH000048431,"NAKHON RATCHASIMA, TH",14.967,102.083,188.0,1992-01-05,17.0,24.4,30.2,20.2
TH000048431,"NAKHON RATCHASIMA, TH",14.967,102.083,188.0,1992-01-06,4.1,24.9,31.0,19.2
TH000048431,"NAKHON RATCHASIMA, TH",14.967,102.083,188.0,1992-01-07,0.0,25.1,29.5,21.0
TH000048431,"NAKHON RATCHASIMA, TH",14.967,102.083,188.0,1992-01-08,0.0,20.5,21.7,
TH000048431,"NAKHON RATCHASIMA, TH",14.967,102.083,188.0,1992-01-09,3.0,22.3,26.3,19.2
TH000048431,"NAKHON RATCHASIMA, TH",14.967,102.083,188.0,1992-01-10,0.0,22.3,26.8,18.3
TH000048431,"NAKHON RATCHASIMA, TH",14.967,102.083,188.0,1992-01-11,0.0,21.5,27.0,17.0
TH000048431,"NAKHON RATCHASIMA, TH",14.967,102.083,188.0,1992-01-12,0.0,23.2,29.1,15.6
TH000048431,"NAKHON RATCHASIMA, TH",14.967,102.083,188.0,1992-01-13,0.0,22.5,29.3,15.9
TH000048431,"NAKHON RATCHASIMA, TH",14.967,102.083,188.0,1992-01-14,0.0,19.7,24.5,
TH000048431,"NAKHON RATCHASIMA, TH",14.967,102.083,188.0,1992-01-15,,20.1,23.8,14.5
TH000048431,"NAKHON RATCHASIMA, TH",14.967,102.083,188.0,1992-01-16,0.0,20.1,24.8,
TH000048431,"NAKHON RATCHASIMA, TH",14.967,102.083,188.0,1992-01-17,0.0,18.3,24.7,13.5
TH000048431,"NAKHON RATCHASIMA, TH",14.967,102.083,188.0,1992-01-18,0.0,18.5,,13.6
TH000048431,"NAKHON RATCHASIMA, TH",14.967,102.083,188.0,1992-01-20,0.0,21.6,26.2,
TH000048431,"NAKHON RATCHASIMA, TH",14.967,102.083,188.0,1992-01-21,0.0,20.2,25.8,15.5
TH000048431,"NAKHON RATCHASIMA, TH",14.967,102.083,188.0,1992-01-22,0.0,21.9,26.5,16.5
TH000048431,"NAKHON RATCHASIMA, TH",14.967,102.083,188.0,1992-01-23,0.0,22.7,28.4,16.4
TH000048431,"NAKHON RATCHASIMA, TH",14.967,102.083,188.0,1992-01-24,0.0,23.9,30.3,16.9
TH000048431,"NAKHON RATCHASIMA, TH",14.967,102.083,188.0,1992-01-25,0.0,24.2,,17.7
TH000048431,"NAKHON RATCHASIMA, TH",14.967,102.083,188.0,1992-01-26,0.0,25.3,30.3,20.5
TH000048431,"NAKHON RATCHASIMA, TH",14.967,102.083,188.0,1992-01-27,0.0,25.4,30.4,21.5
TH000048431,"NAKHON RATCHASIMA, TH",14.967,102.083,188.0,1992-01-28,0.0,25.6,31.0,20.2
TH000048431,"NAKHON RATCHASIMA, TH",14.967,102.083,188.0,1992-01-29,0.0,25.9,32.2,20.0
TH000048431,"NAKHON RATCHASIMA, TH",14.967,102.083,188.0,1992-01-30,0.0,26.2,33.0,20.7
TH000048431,"NAKHON RATCHASIMA, TH",14.967,102.083,188.0,1992-01-31,0.0,25.1,32.1,20.8
TH000048431,"NAKHON RATCHASIMA, TH",14.967,102.083,188.0,1992-02-01,0.0,25.8,32.6,20.0
TH000048431,"NAKHON RATCHASIMA, TH",14.967,102.083,188.0,1992-02-02,0.0,27.1,32.7,19.8
TH000048431,"NAKHON RATCHASIMA, TH",14.967,102.083,188.0,1992-02-03,0.0,26.2,32.5,20.0
TH000048431,"NAKHON RATCHASIMA, TH",14.967,102.083,188.0,1992-02-04,0.0,26.7,33.8,21.0
TH000048431,"NAKHON RATCHASIMA, TH",14.967,102.083,188.0,1992-02-05,0.0,26.6,34.5,20.1
TH000048431,"NAKHON RATCHASIMA, TH",14.967,102.083,188.0,1992-02-06,,27.3,32.7,21.7
TH000048431,"NAKHON RATCHASIMA, TH",14.967,102.083,188.0,1992-02-07,4.1,27.5,33.8,21.5
TH000048431,"NAKHON RATCHASIMA, TH",14.967,102.083,188.0,1992-02-08,0.0,27.9,34.4,21.8
TH000048431,"NAKHON RATCHASIMA, TH",14.967,102.083,188.0,1992-02-09,0.0,28.6,35.0,22.1
TH000048431,"NAKHON RATCHASIMA, TH",14.967,102.083,188.0,1992-02-10,0.0,28.1,34.4,22.7
TH000048431,"NAKHON RATCHASIMA, TH",14.967,102.083,188.0,1992-02-11,0.0,27.5,33.8,22.2
TH000048431,"NAKHON RATCHASIMA, TH",14.967,102.083,188.0,1992-02-12,0.0,27.6,34.7,21.0
TH000048431,"NAKHON RATCHASIMA, TH",14.967,102.083,188.0,1992-02-13,0.0,27.3,33.9,20.7
TH000048431,"NAKHON RATCHASIMA, TH",14.967,102.083,188.0,1992-02-14,0.0,29.2,,22.8
TH000048431,"NAKHON RATCHASIMA, TH",14.967,102.083,188.0,1992-02-15,0.0,28.2,35.0,22.5
TH000048431,"NAKHON RATCHASIMA, TH",14.967,102.083,188.0,1992-02-16,0.0,27.2,34.9,
TH000048431,"NAKHON RATCHASIMA, TH",14.967,102.083,188.0,1992-02-17,0.0,26.6,34.6,18.2
TH000048431,"NAKHON RATCHASIMA, TH",14.967,102.083,188.0,1992-02-18,0.0,26.7,35.3,18.4
TH000048431,"NAKHON RATCHASIMA, TH",14.967,102.083,188.0,1992-02-19,0.0,25.8,34.8,18.7
TH000048431,"NAKHON RATCHASIMA, TH",14.967,102.083,188.0,1992-02-20,0.0,26.7,35.7,17.0
TH000048431,"NAKHON RATCHASIMA, TH",14.967,102.083,188.0,1992-02-21,0.0,27.7,34.0,20.0
TH000048431,"NAKHON RATCHASIMA, TH",14.967,102.083,188.0,1992-02-22,0.0,26.6,32.8,21.5
TH000048431,"NAKHON RATCHASIMA, TH",14.967,102.083,188.0,1992-02-23,0.0,25.2,30.5,
TH000048431,"NAKHON RATCHASIMA, TH",14.967,102.083,188.0,1992-02-24,0.0,23.4,28.5,18.0
TH000048431,"NAKHON RATCHASIMA, TH",14.967,102.083,188.0,1992-02-25,0.0,24.1,29.3,18.2
TH000048431,"NAKHON RATCHASIMA, TH",14.967,102.083,188.0,1992-02-26,0.0,25.2,30.8,20.2
TH000048431,"NAKHON RATCHASIMA, TH",14.967,102.083,188.0,1992-02-27,0.3,23.8,28.0,20.0
TH000048431,"NAKHON RATCHASIMA, TH",14.967,102.083,188.0,1992-02-28,0.0,26.3,31.5,20.9
TH000048431,"NAKHON RATCHASIMA, TH",14.967,102.083,188.0,1992-02-29,0.0,28.1,34.8,
TH000048431,"NAKHON RATCHASIMA, TH",14.967,102.083,188.0,1992-03-01,0.0,28.6,36.5,20.8
TH000048431,"NAKHON RATCHASIMA, TH",14.967,102.083,188.0,1992-03-02,0.0,28.1,36.0,19.8
TH000048431,"NAKHON RATCHASIMA, TH",14.967,102.083,188.0,1992-03-03,0.0,28.1,36.3,19.4
TH000048431,"NAKHON RATCHASIMA, TH",14.967,102.083,188.0,1992-03-04,0.0,28.0,35.3,20.2
TH000048431,"NAKHON RATCHASIMA, TH",14.967,102.083,188.0,1992-03-05,0.0,28.5,36.0,21.0
TH000048431,"NAKHON RATCHASIMA, TH",14.967,102.083,188.0,1992-03-06,0.0,29.6,35.8,21.1
TH000048431,"NAKHON RATCHASIMA, TH",14.967,102.083,188.0,1992-03-07,0.0,28.0,34.0,23.4
TH000048431,"NAKHON RATCHASIMA, TH",14.967,102.083,188.0,1992-03-08,0.0,28.4,36.0,21.7
TH000048431,"NAKHON RATCHASIMA, TH",14.967,102.083,188.0,1992-03-09,0.0,28.6,36.4,19.6
TH000048431,"NAKHON RATCHASIMA, TH",14.967,102.083,188.0,1992-03-10,0.0,29.2,37.2,20.0
TH000048431,"NAKHON RATCHASIMA, TH",14.967,102.083,188.0,1992-03-11,0.0,30.2,38.0,22.5
TH000048431,"NAKHON RATCHASIMA, TH",14.967,102.083,188.0,1992-03-12,0.0,30.1,37.1,23.3
TH000048431,"NAKHON RATCHASIMA, TH",14.967,102.083,188.0,1992-03-13,0.0,29.8,37.2,24.8
TH000048431,"NAKHON RATCHASIMA, TH",14.967,102.083,188.0,1992-03-14,0.0,31.3,37.6,23.6
TH000048431,"NAKHON RATCHASIMA, TH",14.967,102.083,188.0,1992-03-15,0.0,31.5,38.3,25.4
TH000048431,"NAKHON RATCHASIMA, TH",14.967,102.083,188.0,1992-03-16,0.0,30.9,37.8,25.1
TH000048431,"NAKHON RATCHASIMA, TH",14.967,102.083,188.0,1992-03-17,0.0,30.8,37.8,23.8
TH000048431,"NAKHON RATCHASIMA, TH",14.967,102.083,188.0,1992-03-18,0.0,30.8,38.0,24.2
TH000048431,"NAKHON RATCHASIMA, TH",14.967,102.083,188.0,1992-03-19,0.0,31.2,38.3,24.3
TH000048431,"NAKHON RATCHASIMA, TH",14.967,102.083,188.0,1992-03-20,0.0,30.7,37.7,25.0
TH000048431,"NAKHON RATCHASIMA, TH",14.967,102.083,188.0,1992-03-21,0.0,28.7,36.8,25.7
TH000048431,"NAKHON RATCHASIMA, TH",14.967,102.083,188.0,1992-03-22,3.0,30.1,37.5,24.0
TH000048431,"NAKHON RATCHASIMA, TH",14.967,102.083,188.0,1992-03-23,0.0,30.9,37.3,23.0
TH000048431,"NAKHON RATCHASIMA, TH",14.967,102.083,188.0,1992-03-24,0.0,31.9,38.6,25.0
TH000048431,"NAKHON RATCHASIMA, TH",14.967,102.083,188.0,1992-03-25,0.0,32.4,38.8,24.7
TH000048431,"NAKHON RATCHASIMA, TH",14.967,102.083,188.0,1992-03-26,0.0,30.9,38.7,24.0
TH000048431,"NAKHON RATCHASIMA, TH",14.967,102.083,188.0,1992-03-27,0.0,31.9,39.0,23.8
TH000048431,"NAKHON RATCHASIMA, TH",14.967,102.083,188.0,1992-03-28,0.0,31.0,38.0,23.8
TH000048431,"NAKHON RATCHASIMA, TH",14.967,102.083,188.0,1992-03-29,0.0,31.1,37.3,24.2
TH000048431,"NAKHON RATCHASIMA, TH",14.967,102.083,188.0,1992-03-30,0.0,30.9,,26.0
TH000048431,"NAKHON RATCHASIMA, TH",14.967,102.083,188.0,1992-03-31,0.0,31.0,38.3,25.3
TH000048431,"NAKHON RATCHASIMA, TH",14.967,102.083,188.0,1992-04-01,0.0,31.6,39.0,25.5
TH000048431,"NAKHON RATCHASIMA, TH",14.967,102.083,188.0,1992-04-02,0.0,31.6,39.4,24.7
TH000048431,"NAKHON RATCHASIMA, TH",14.967,102.083,188.0,1992-04-03,0.0,31.6,39.0,25.5
TH000048431,"NAKHON RATCHASIMA, TH",14.967,102.083,188.0,1992-04-04,0.0,31.1,39.0,24.0
TH000048431,"NAKHON RATCHASIMA, TH",14.967,102.083,188.0,1992-04-05,0.0,30.9,39.5,22.7
TH000048431,"NAKHON RATCHASIMA, TH",14.967,102.083,188.0,1992-04-06,0.0,32.2,38.8,21.4
TH000048431,"NAKHON RATCHASIMA, TH",14.967,102.083,188.0,1992-04-07,0.0,32.1,38.5,22.5
TH000048431,"NAKHON RATCHASIMA, TH",14.967,102.083,188.0,1992-04-08,0.0,31.8,39.2,25.4
TH000048431,"NAKHON RATCHASIMA, TH",14.967,102.083,188.0,1992-04-09,0.0,32.7,39.0,26.3
TH000048431,"NAKHON RATCHASIMA, TH",14.967,102.083,188.0,1992-04-10,0.0,31.9,38.9,26.0
TH000048431,"NAKHON RATCHASIMA, TH",14.967,102.083,188.0,1992-04-11,0.0,32.4,40.3,23.5
TH000048431,"NAKHON RATCHASIMA, TH",14.967,102.083,188.0,1992-04-12,0.0,33.0,40.2,25.0
TH000048431,"NAKHON RATCHASIMA, TH",14.967,102.083,188.0,1992-04-13,0.0,33.9,41.3,25.8
TH000048431,"NAKHON RATCHASIMA, TH",14.967,102.083,188.0,1992-04-14,0.0,32.3,40.4,26.2
TH000048431,"NAKHON RATCHASIMA, TH",14.967,102.083,188.0,1992-04-15,0.3,30.9,38.1,
TH000048431,"NAKHON RATCHASIMA, TH",14.967,102.083,188.0,1992-04-16,19.1,28.9,34.6,24.3
TH000048431,"NAKHON RATCHASIMA, TH",14.967,102.083,188.0,1992-04-17,0.0,28.5,36.8,25.2
TH000048431,"NAKHON RATCHASIMA, TH",14.967,102.083,188.0,1992-04-18,0.0,30.8,38.2,24.7
TH000048431,"NAKHON RATCHASIMA, TH",14.967,102.083,188.0,1992-04-19,0.0,29.5,39.2,25.5
TH000048431,"NAKHON RATCHASIMA, TH",14.967,102.083,188.0,1992-04-20,30.0,29.1,38.3,25.0
TH000048431,"NAKHON RATCHASIMA, TH",14.967,102.083,188.0,1992-04-21,2.0,32.9,39.7,24.4
TH000048431,"NAKHON RATCHASIMA, TH",14.967,102.083,188.0,1992-04-22,0.0,30.8,39.2,24.8
TH000048431,"NAKHON RATCHASIMA, TH",14.967,102.083,188.0,1992-04-23,0.0,32.3,39.6,24.0
TH000048431,"NAKHON RATCHASIMA, TH",14.967,102.083,188.0,1992-04-24,0.0,31.1,39.0,25.5
TH000048431,"NAKHON RATCHASIMA, TH",14.967,102.083,188.0,1992-04-25,32.0,29.8,34.8,24.3
TH000048431,"NAKHON RATCHASIMA, TH",14.967,102.083,188.0,1992-04-26,0.0,31.8,37.8,25.7
TH000048431,"NAKHON RATCHASIMA, TH",14.967,102.083,188.0,1992-04-27,0.0,32.2,39.0,24.2
TH000048431,"NAKHON RATCHASIMA, TH",14.967,102.083,188.0,1992-04-28,0.0,31.6,39.8,26.1
TH000048431,"NAKHON RATCHASIMA, TH",14.967,102.083,188.0,1992-04-29,0.0,32.1,37.1,27.0
TH000048431,"NAKHON RATCHASIMA, TH",14.967,102.083,188.0,1992-04-30,0.0,30.6,37.7,
TH000048431,"NAKHON RATCHASIMA, TH",14.967,102.083,188.0,1992-05-01,0.0,31.6,39.0,25.5
TH000048431,"NAKHON RATCHASIMA, TH",14.967,102.083,188.0,1992-05-02,0.0,31.6,37.4,26.1
TH000048431,"NAKHON RATCHASIMA, TH",14.967,102.083,188.0,1992-05-03,0.0,31.2,37.2,26.2
TH000048431,"NAKHON RATCHASIMA, TH",14.967,102.083,188.0,1992-05-04,0.0,30.9,37.0,25.3
TH000048431,"NAKHON RATCHASIMA, TH",14.967,102.083,188.0,1992-05-05,0.0,30.8,36.5,26.1
TH000048431,"NAKHON RATCHASIMA, TH",14.967,102.083,188.0,1992-05-06,0.0,31.8,39.0,25.3
TH000048431,"NAKHON RATCHASIMA, TH",14.967,102.083,188.0,1992-05-07,0.0,31.8,38.8,26.7
TH000048431,"NAKHON RATCHASIMA, TH",14.967,102.083,188.0,1992-05-08,0.0,33.4,39.5,27.4
TH000048431,"NAKHON RATCHASIMA, TH",14.967,102.083,188.0,1992-05-09,0.0,33.2,40.0,26.6
TH000048431,"NAKHON RATCHASIMA, TH",14.967,102.083,188.0,1992-05-10,0.0,31.6,39.7,26.9
TH000048431,"NAKHON RATCHASIMA, TH",14.967,102.083,188.0,1992-05-11,0.0,30.8,36.0,26.3
TH000048431,"NAKHON RATCHASIMA, TH",14.967,102.083,188.0,1992-05-12,,28.6,37.2,
TH000048431,"NAKHON RATCHASIMA, TH",14.967,102.083,188.0,1992-05-13,32.0,29.0,35.5,23.9
TH000048431,"NAKHON RATCHASIMA, TH",14.967,102.083,188.0,1992-05-14,1.0,27.3,35.5,
TH000048431,"NAKHON RATCHASIMA, TH",14.967,102.083,188.0,1992-05-15,3.0,28.1,34.2,23.2
TH000048431,"NAKHON RATCHASIMA, TH",14.967,102.083,188.0,1992-05-16,0.0,29.6,35.0,25.0
TH000048431,"NAKHON RATCHASIMA, TH",14.967,102.083,188.0,1992-05-17,2.0,30.8,36.2,26.2
TH000048431,"NAKHON RATCHASIMA, TH",14.967,102.083,188.0,1992-05-18,0.0,31.3,37.1,27.0
TH000048431,"NAKHON RATCHASIMA, TH",14.967,102.083,188.0,1992-05-19,0.0,31.1,37.7,
TH000048431,"NAKHON RATCHASIMA, TH",14.967,102.083,188.0,1992-05-20,0.0,31.0,36.2,25.2
TH000048431,"NAKHON RATCHASIMA, TH",14.967,102.083,188.0,1992-05-21,0.0,29.7,36.9,
TH000048431,"NAKHON RATCHASIMA, TH",14.967,102.083,188.0,1992-05-22,1.0,28.0,35.0,25.5
TH000048431,"NAKHON RATCHASIMA, TH",14.967,102.083,188.0,1992-05-23,17.0,28.8,35.7,25.7
TH000048431,"NAKHON RATCHASIMA, TH",14.967,102.083,188.0,1992-05-24,0.0,27.3,35.0,
TH000048431,"NAKHON RATCHASIMA, TH",14.967,102.083,188.0,1992-05-25,0.3,27.4,35.7,24.3
TH000048431,"NAKHON RATCHASIMA, TH",14.967,102.083,188.0,1992-05-26,42.9,29.3,35.3,24.0
TH000048431,"NAKHON RATCHASIMA, TH",14.967,102.083,188.0,1992-05-27,1.0,27.8,34.5,
TH000048431,"NAKHON RATCHASIMA, TH",14.967,102.083,188.0,1992-05-28,4.1,28.8,35.2,25.0
TH000048431,"NAKHON RATCHASIMA, TH",14.967,102.083,188.0,1992-05-29,1.0,31.1,36.0,25.5
TH000048431,"NAKHON RATCHASIMA, TH",14.967,102.083,188.0,1992-05-30,0.0,30.3,35.7,25.8
TH000048431,"NAKHON RATCHASIMA, TH",14.967,102.083,188.0,1992-05-31,0.0,31.5,37.1,25.5
TH000048431,"NAKHON RATCHASIMA, TH",14.967,102.083,188.0,1992-06-01,0.0,32.4,37.0,26.8
TH000048431,"NAKHON RATCHASIMA, TH",14.967,102.083,188.0,1992-06-02,0.0,29.9,36.7,27.0
TH000048431,"NAKHON RATCHASIMA, TH",14.967,102.083,188.0,1992-06-03,7.1,28.6,36.4,
TH000048431,"NAKHON RATCHASIMA, TH",14.967,102.083,188.0,1992-06-04,2.0,27.7,36.0,
TH000048431,"NAKHON RATCHASIMA, TH",14.967,102.083,188.0,1992-06-05,39.1,26.1,32.9,22.7
TH000048431,"NAKHON RATCHASIMA, TH",14.967,102.083,188.0,1992-06-06,38.1,27.7,34.2,24.0
TH000048431,"NAKHON RATCHASIMA, TH",14.967,102.083,188.0,1992-06-07,13.0,29.4,34.5,23.7
TH000048431,"NAKHON RATCHASIMA, TH",14.967,102.083,188.0,1992-06-08,0.0,29.4,34.5,25.5
TH000048431,"NAKHON RATCHASIMA, TH",14.967,102.083,188.0,1992-06-09,4.1,26.7,30.3,25.0
TH000048431,"NAKHON RATCHASIMA, TH",14.967,102.083,188.0,1992-06-10,0.0,28.8,33.5,24.5
TH000048431,"NAKHON RATCHASIMA, TH",14.967,102.083,188.0,1992-06-11,0.0,28.8,33.0,25.7
TH000048431,"NAKHON RATCHASIMA, TH",14.967,102.083,188.0,1992-06-12,0.0,28.0,34.5,25.1
TH000048431,"NAKHON RATCHASIMA, TH",14.967,102.083,188.0,1992-06-13,4.1,29.4,34.3,25.0
TH000048431,"NAKHON RATCHASIMA, TH",14.967,102.083,188.0,1992-06-14,0.0,28.4,34.2,
TH000048431,"NAKHON RATCHASIMA, TH",14.967,102.083,188.0,1992-06-15,0.0,27.7,34.5,25.1
TH000048431,"NAKHON RATCHASIMA, TH",14.967,102.083,188.0,1992-06-16,7.1,28.8,33.6,25.2
TH000048431,"NAKHON RATCHASIMA, TH",14.967,102.083,188.0,1992-06-17,1.0,27.5,33.2,
TH000048431,"NAKHON RATCHASIMA, TH",14.967,102.083,188.0,1992-06-18,15.0,28.9,,24.3
TH000048431,"NAKHON RATCHASIMA, TH",14.967,102.083,188.0,1992-06-19,0.0,28.8,34.0,25.2
TH000048431,"NAKHON RATCHASIMA, TH",14.967,102.083,188.0,1992-06-20,0.5,28.9,33.3,
TH000048431,"NAKHON RATCHASIMA, TH",14.967,102.083,188.0,1992-06-21,3.0,29.3,33.7,24.5
TH000048431,"NAKHON RATCHASIMA, TH",14.967,102.083,188.0,1992-06-22,0.5,29.0,34.2,24.7
TH000048431,"NAKHON RATCHASIMA, TH",14.967,102.083,188.0,1992-06-23,0.0,29.8,34.7,25.6
TH000048431,"NAKHON RATCHASIMA, TH",14.967,102.083,188.0,1992-06-24,0.0,29.8,34.0,26.3
TH000048431,"NAKHON RATCHASIMA, TH",14.967,102.083,188.0,1992-06-25,0.0,29.1,34.5,25.8
TH000048431,"NAKHON RATCHASIMA, TH",14.967,102.083,188.0,1992-06-26,0.5,29.2,33.3,25.5
TH000048431,"NAKHON RATCHASIMA, TH",14.967,102.083,188.0,1992-06-27,0.0,28.0,30.8,
TH000048431,"NAKHON RATCHASIMA, TH",14.967,102.083,188.0,1992-06-28,0.3,28.0,30.7,25.9
TH000048431,"NAKHON RATCHASIMA, TH",14.967,102.083,188.0,1992-06-29,1.0,28.6,33.3,25.5
TH000048431,"NAKHON RATCHASIMA, TH",14.967,102.083,188.0,1992-06-30,0.0,29.1,33.5,25.2
TH000048431,"NAKHON RATCHASIMA, TH",14.967,102.083,188.0,1992-07-01,0.0,29.1,34.7,24.9
TH000048431,"NAKHON RATCHASIMA, TH",14.967,102.083,188.0,1992-07-02,0.0,30.7,35.8,24.5
TH000048431,"NAKHON RATCHASIMA, TH",14.967,102.083,188.0,1992-07-03,0.0,30.7,35.6,24.8
TH000048431,"NAKHON RATCHASIMA, TH",14.967,102.083,188.0,1992-07-04,0.0,31.1,36.5,26.1
TH000048431,"NAKHON RATCHASIMA, TH",14.967,102.083,188.0,1992-07-05,0.0,31.5,36.8,25.8
TH000048431,"NAKHON RATCHASIMA, TH",14.967,102.083,188.0,1992-07-06,0.0,30.6,36.0,25.8
TH000048431,"NAKHON RATCHASIMA, TH",14.967,102.083,188.0,1992-07-07,0.0,29.9,35.7,25.2
TH000048431,"NAKHON RATCHASIMA, TH",14.967,102.083,188.0,1992-07-08,0.0,29.3,33.3,25.2
TH000048431,"NAKHON RATCHASIMA, TH",14.967,102.083,188.0,1992-07-09,0.0,26.8,31.7,
TH000048431,"NAKHON RATCHASIMA, TH",14.967,102.083,188.0,1992-07-10,0.0,26.7,31.7,23.7
TH000048431,"NAKHON RATCHASIMA, TH",14.967,102.083,188.0,1992-07-11,0.0,28.1,35.3,24.4
TH000048431,"NAKHON RATCHASIMA, TH",14.967,102.083,188.0,1992-07-12,8.9,29.6,35.0,23.8
TH000048431,"NAKHON RATCHASIMA, TH",14.967,102.083,188.0,1992-07-13,0.0,28.3,33.0,25.6
TH000048431,"NAKHON RATCHASIMA, TH",14.967,102.083,188.0,1992-07-14,2.0,26.6,30.5,23.7
TH000048431,"NAKHON RATCHASIMA, TH",14.967,102.083,188.0,1992-07-15,4.1,28.1,32.7,24.2
TH000048431,"NAKHON RATCHASIMA, TH",14.967,102.083,188.0,1992-07-16,0.0,28.8,35.2,
TH000048431,"NAKHON RATCHASIMA, TH",14.967,102.083,188.0,1992-07-17,22.1,28.7,34.7,24.0
TH000048431,"NAKHON RATCHASIMA, TH",14.967,102.083,188.0,1992-07-18,0.0,29.9,35.4,24.5
TH000048431,"NAKHON RATCHASIMA, TH",14.967,102.083,188.0,1992-07-19,0.0,30.8,36.4,24.7
TH000048431,"NAKHON RATCHASIMA, TH",14.967,102.083,188.0,1992-07-20,0.0,30.8,36.2,25.5
TH000048431,"NAKHON RATCHASIMA, TH",14.967,102.083,188.0,1992-07-21,,29.6,37.3,
TH000048431,"NAKHON RATCHASIMA, TH",14.967,102.083,188.0,1992-07-22,15.0,28.6,34.8,24.8
TH000048431,"NAKHON RATCHASIMA, TH",14.967,102.083,188.0,1992-07-23,4.1,27.9,32.7,
TH000048431,"NAKHON RATCHASIMA, TH",14.967,102.083,188.0,1992-07-24,0.0,27.2,33.2,24.2
TH000048431,"NAKHON RATCHASIMA, TH",14.967,102.083,188.0,1992-07-25,0.5,27.1,30.7,24.3
TH000048431,"NAKHON RATCHASIMA, TH",14.967,102.083,188.0,1992-07-26,1.0,25.7,28.9,
TH000048431,"NAKHON RATCHASIMA, TH",14.967,102.083,188.0,1992-07-27,25.9,24.9,29.0,22.2
TH000048431,"NAKHON RATCHASIMA, TH",14.967,102.083,188.0,1992-07-28,5.1,28.6,33.0,23.7
TH000048431,"NAKHON RATCHASIMA, TH",14.967,102.083,188.0,1992-07-29,4.1,26.6,29.7,
TH000048431,"NAKHON RATCHASIMA, TH",14.967,102.083,188.0,1992-07-30,6.1,26.6,30.7,23.8
TH000048431,"NAKHON RATCHASIMA, TH",14.967,102.083,188.0,1992-07-31,2.0,25.0,32.3,
TH000048431,"NAKHON RATCHASIMA, TH",14.967,102.083,188.0,1992-08-01,1.0,25.1,29.8,23.0
TH000048431,"NAKHON RATCHASIMA, TH",14.967,102.083,188.0,1992-08-02,11.9,26.3,31.8,23.2
TH000048431,"NAKHON RATCHASIMA, TH",14.967,102.083,188.0,1992-08-03,19.1,27.9,33.0,23.4
TH000048431,"NAKHON RATCHASIMA, TH",14.967,102.083,188.0,1992-08-04,4.1,27.1,32.9,
TH000048431,"NAKHON RATCHASIMA, TH",14.967,102.083,188.0,1992-08-05,18.0,26.8,32.8,24.2
TH000048431,"NAKHON RATCHASIMA, TH",14.967,102.083,188.0,1992-08-06,0.0,26.1,31.7,24.0
TH000048431,"NAKHON RATCHASIMA, TH",14.967,102.083,188.0,1992-08-07,18.0,28.2,32.7,23.2
TH000048431,"NAKHON RATCHASIMA, TH",14.967,102.083,188.0,1992-08-08,0.0,28.2,33.2,24.2
TH000048431,"NAKHON RATCHASIMA, TH",14.967,102.083,188.0,1992-08-09,0.0,29.1,,24.2
TH000048431,"NAKHON RATCHASIMA, TH",14.967,102.083,188.0,1992-08-10,0.0,27.8,33.4,24.5
TH000048431,"NAKHON RATCHASIMA, TH",14.967,102.083,188.0,1992-08-11,2.0,27.2,33.0,24.5
TH000048431,"NAKHON RATCHASIMA, TH",14.967,102.083,188.0,1992-08-12,5.1,27.8,32.2,24.3
TH000048431,"NAKHON RATCHASIMA, TH",14.967,102.083,188.0,1992-08-13,0.0,28.8,33.2,24.5
TH000048431,"NAKHON RATCHASIMA, TH",14.967,102.083,188.0,1992-08-14,0.0,27.8,32.0,25.0
TH000048431,"NAKHON RATCHASIMA, TH",14.967,102.083,188.0,1992-08-15,1.0,28.8,32.3,25.3
TH000048431,"NAKHON RATCHASIMA, TH",14.967,102.083,188.0,1992-08-16,0.0,26.1,30.2,
TH000048431,"NAKHON RATCHASIMA, TH",14.967,102.083,188.0,1992-08-17,9.9,26.8,32.0,23.5
TH000048431,"NAKHON RATCHASIMA, TH",14.967,102.083,188.0,1992-08-18,0.0,27.3,32.2,
TH000048431,"NAKHON RATCHASIMA, TH",14.967,102.083,188.0,1992-08-19,15.0,27.7,32.4,24.0
TH000048431,"NAKHON RATCHASIMA, TH",14.967,102.083,188.0,1992-08-20,0.5,29.1,33.7,24.5
TH000048431,"NAKHON RATCHASIMA, TH",14.967,102.083,188.0,1992-08-21,0.0,29.2,33.2,25.5
TH000048431,"NAKHON RATCHASIMA, TH",14.967,102.083,188.0,1992-08-22,0.0,29.4,33.2,25.5
TH000048431,"NAKHON RATCHASIMA, TH",14.967,102.083,188.0,1992-08-23,,27.6,33.0,
TH000048431,"NAKHON RATCHASIMA, TH",14.967,102.083,188.0,1992-08-24,17.0,25.9,31.2,24.2
TH000048431,"NAKHON RATCHASIMA, TH",14.967,102.083,188.0,1992-08-25,7.9,27.5,32.5,24.0
TH000048431,"NAKHON RATCHASIMA, TH",14.967,102.083,188.0,1992-08-26,1.0,25.9,31.7,24.4
TH000048431,"NAKHON RATCHASIMA, TH",14.967,102.083,188.0,1992-08-27,7.1,26.4,32.1,24.1
TH000048431,"NAKHON RATCHASIMA, TH",14.967,102.083,188.0,1992-08-28,0.5,27.1,33.2,24.3
TH000048431,"NAKHON RATCHASIMA, TH",14.967,102.083,188.0,1992-08-29,10.9,27.2,31.7,23.9
TH000048431,"NAKHON RATCHASIMA, TH",14.967,102.083,188.0,1992-08-30,7.1,27.1,31.2,23.7
TH000048431,"NAKHON RATCHASIMA, TH",14.967,102.083,188.0,1992-08-31,0.0,29.0,35.0,23.7
TH000048431,"NAKHON RATCHASIMA, TH",14.967,102.083,188.0,1992-09-01,0.0,28.8,33.7,24.7
TH000048431,"NAKHON RATCHASIMA, TH",14.967,102.083,188.0,1992-09-02,0.0,28.8,33.5,25.0
TH000048431,"NAKHON RATCHASIMA, TH",14.967,102.083,188.0,1992-09-03,2.0,26.6,32.5,
TH000048431,"NAKHON RATCHASIMA, TH",14.967,102.083,188.0,1992-09-04,16.0,28.8,33.8,23.8
TH000048431,"NAKHON RATCHASIMA, TH",14.967,102.083,188.0,1992-09-05,0.0,28.2,32.8,24.8
TH000048431,"NAKHON RATCHASIMA, TH",14.967,102.083,188.0,1992-09-06,0.0,28.1,33.2,25.0
TH000048431,"NAKHON RATCHASIMA, TH",14.967,102.083,188.0,1992-09-07,2.0,28.4,32.8,24.2
TH000048431,"NAKHON RATCHASIMA, TH",14.967,102.083,188.0,1992-09-08,0.0,28.8,33.3,24.2
TH000048431,"NAKHON RATCHASIMA, TH",14.967,102.083,188.0,1992-09-09,0.0,28.0,34.5,24.5
TH000048431,"NAKHON RATCHASIMA, TH",14.967,102.083,188.0,1992-09-10,0.0,28.7,33.4,24.5
TH000048431,"NAKHON RATCHASIMA, TH",14.967,102.083,188.0,1992-09-11,0.0,29.2,34.7,24.2
TH000048431,"NAKHON RATCHASIMA, TH",14.967,102.083,188.0,1992-09-12,0.0,27.3,33.5,23.5
TH000048431,"NAKHON RATCHASIMA, TH",14.967,102.083,188.0,1992-09-13,,28.2,34.1,
TH000048431,"NAKHON RATCHASIMA, TH",14.967,102.083,188.0,1992-09-14,31.0,26.7,31.7,23.2
TH000048431,"NAKHON RATCHASIMA, TH",14.967,102.083,188.0,1992-09-15,0.5,28.4,33.7,24.4
TH000048431,"NAKHON RATCHASIMA, TH",14.967,102.083,188.0,1992-09-16,0.0,27.6,33.5,24.5
TH000048431,"NAKHON RATCHASIMA, TH",14.967,102.083,188.0,1992-09-17,1.0,26.8,30.7,22.4
TH000048431,"NAKHON RATCHASIMA, TH",14.967,102.083,188.0,1992-09-18,15.0,27.4,32.1,23.2
TH000048431,"NAKHON RATCHASIMA, TH",14.967,102.083,188.0,1992-09-19,0.0,27.7,32.0,23.8
TH000048431,"NAKHON RATCHASIMA, TH",14.967,102.083,188.0,1992-09-20,0.0,27.4,30.8,24.2
TH000048431,"NAKHON RATCHASIMA, TH",14.967,102.083,188.0,1992-09-21,1.0,26.4,31.9,24.4
TH000048431,"NAKHON RATCHASIMA, TH",14.967,102.083,188.0,1992-09-22,56.9,26.4,31.7,
TH000048431,"NAKHON RATCHASIMA, TH",14.967,102.083,188.0,1992-09-23,20.1,27.2,31.7,23.0
TH000048431,"NAKHON RATCHASIMA, TH",14.967,102.083,188.0,1992-09-24,0.0,27.2,32.2,24.2
TH000048431,"NAKHON RATCHASIMA, TH",14.967,102.083,188.0,1992-09-25,1.0,26.3,31.0,23.9
TH000048431,"NAKHON RATCHASIMA, TH",14.967,102.083,188.0,1992-09-26,31.0,27.1,31.3,23.5
TH000048431,"NAKHON RATCHASIMA, TH",14.967,102.083,188.0,1992-09-27,1.0,26.3,31.3,24.3
TH000048431,"NAKHON RATCHASIMA, TH",14.967,102.083,188.0,1992-09-28,7.1,27.1,32.5,
TH000048431,"NAKHON RATCHASIMA, TH",14.967,102.083,188.0,1992-09-29,45.0,26.1,30.2,22.7
TH000048431,"NAKHON RATCHASIMA, TH",14.967,102.083,188.0,1992-09-30,7.9,26.8,,23.5
TH000048431,"NAKHON RATCHASIMA, TH",14.967,102.083,188.0,1992-10-01,2.0,26.1,30.2,24.0
TH000048431,"NAKHON RATCHASIMA, TH",14.967,102.083,188.0,1992-10-02,2.0,27.1,31.3,23.7
TH000048431,"NAKHON RATCHASIMA, TH",14.967,102.083,188.0,1992-10-03,18.0,25.3,29.2,22.7
TH000048431,"NAKHON RATCHASIMA, TH",14.967,102.083,188.0,1992-10-04,9.9,26.2,31.5,23.0
TH000048431,"NAKHON RATCHASIMA, TH",14.967,102.083,188.0,1992-10-05,0.0,26.3,30.5,23.0
TH000048431,"NAKHON RATCHASIMA, TH",14.967,102.083,188.0,1992-10-06,16.0,25.4,30.1,
TH000048431,"NAKHON RATCHASIMA, TH",14.967,102.083,188.0,1992-10-07,7.9,26.2,30.8,22.7
TH000048431,"NAKHON RATCHASIMA, TH",14.967,102.083,188.0,1992-10-08,6.1,26.7,29.7,24.0
TH000048431,"NAKHON RATCHASIMA, TH",14.967,102.083,188.0,1992-10-09,89.9,26.3,29.0,
TH000048431,"NAKHON RATCHASIMA, TH",14.967,102.083,188.0,1992-10-10,0.0,25.7,30.1,23.7
TH000048431,"NAKHON RATCHASIMA, TH",14.967,102.083,188.0,1992-10-11,24.9,25.9,30.0,23.3
TH000048431,"NAKHON RATCHASIMA, TH",14.967,102.083,188.0,1992-10-12,9.9,26.2,29.9,22.5
TH000048431,"NAKHON RATCHASIMA, TH",14.967,102.083,188.0,1992-10-13,0.0,26.2,30.0,
TH000048431,"NAKHON RATCHASIMA, TH",14.967,102.083,188.0,1992-10-14,0.0,25.2,28.4,21.5
TH000048431,"NAKHON RATCHASIMA, TH",14.967,102.083,188.0,1992-10-15,0.0,25.6,28.3,22.3
TH000048431,"NAKHON RATCHASIMA, TH",14.967,102.083,188.0,1992-10-16,1.0,23.1,24.3,18.2
TH000048431,"NAKHON RATCHASIMA, TH",14.967,102.083,188.0,1992-10-17,7.1,24.3,27.0,22.2
TH000048431,"NAKHON RATCHASIMA, TH",14.967,102.083,188.0,1992-10-18,0.0,24.6,27.7,22.2
TH000048431,"NAKHON RATCHASIMA, TH",14.967,102.083,188.0,1992-10-19,0.0,24.9,28.8,22.2
TH000048431,"NAKHON RATCHASIMA, TH",14.967,102.083,188.0,1992-10-20,0.0,24.6,29.5,
TH000048431,"NAKHON RATCHASIMA, TH",14.967,102.083,188.0,1992-10-21,0.0,25.5,30.1,20.5
TH000048431,"NAKHON RATCHASIMA, TH",14.967,102.083,188.0,1992-10-22,0.0,26.2,30.5,21.7
TH000048431,"NAKHON RATCHASIMA, TH",14.967,102.083,188.0,1992-10-23,0.0,25.6,29.2,22.3
TH000048431,"NAKHON RATCHASIMA, TH",14.967,102.083,188.0,1992-10-24,0.0,27.9,30.5,24.3
TH000048431,"NAKHON RATCHASIMA, TH",14.967,102.083,188.0,1992-10-25,0.0,26.3,30.4,
TH000048431,"NAKHON RATCHASIMA, TH",14.967,102.083,188.0,1992-10-26,0.0,25.4,29.1,21.5
TH000048431,"NAKHON RATCHASIMA, TH",14.967,102.083,188.0,1992-10-27,0.0,24.7,28.7,20.7
TH000048431,"NAKHON RATCHASIMA, TH",14.967,102.083,188.0,1992-10-28,,24.3,28.0,20.5
TH000048431,"NAKHON RATCHASIMA, TH",14.967,102.083,188.0,1992-10-29,6.1,19.7,21.0,
TH000048431,"NAKHON RATCHASIMA, TH",14.967,102.083,188.0,1992-10-30,31.0,22.7,26.0,17.7
TH000048431,"NAKHON RATCHASIMA, TH",14.967,102.083,188.0,1992-10-31,6.1,24.0,,19.3
TH000048431,"NAKHON RATCHASIMA, TH",14.967,102.083,188.0,1992-11-01,2.0,25.0,29.0,21.3
TH000048431,"NAKHON RATCHASIMA, TH",14.967,102.083,188.0,1992-11-02,0.0,24.4,28.5,19.5
TH000048431,"NAKHON RATCHASIMA, TH",14.967,102.083,188.0,1992-11-03,0.0,25.7,29.3,19.1
TH000048431,"NAKHON RATCHASIMA, TH",14.967,102.083,188.0,1992-11-04,0.0,25.6,29.8,
TH000048431,"NAKHON RATCHASIMA, TH",14.967,102.083,188.0,1992-11-05,0.0,23.7,28.5,19.5
TH000048431,"NAKHON RATCHASIMA, TH",14.967,102.083,188.0,1992-11-06,0.0,25.0,29.5,18.5
TH000048431,"NAKHON RATCHASIMA, TH",14.967,102.083,188.0,1992-11-07,0.0,26.0,30.3,21.3
TH000048431,"NAKHON RATCHASIMA, TH",14.967,102.083,188.0,1992-11-08,0.0,26.9,31.0,21.1
TH000048431,"NAKHON RATCHASIMA, TH",14.967,102.083,188.0,1992-11-09,0.0,23.9,27.3,
TH000048431,"NAKHON RATCHASIMA, TH",14.967,102.083,188.0,1992-11-10,0.0,19.9,24.0,15.6
TH000048431,"NAKHON RATCHASIMA, TH",14.967,102.083,188.0,1992-11-11,0.0,20.8,25.5,15.0
TH000048431,"NAKHON RATCHASIMA, TH",14.967,102.083,188.0,1992-11-12,0.0,21.2,27.3,16.2
TH000048431,"NAKHON RATCHASIMA, TH",14.967,102.083,188.0,1992-11-13,0.0,21.9,27.3,16.5
TH000048431,"NAKHON RATCHASIMA, TH",14.967,102.083,188.0,1992-11-14,0.0,21.9,27.2,16.0
TH000048431,"NAKHON RATCHASIMA, TH",14.967,102.083,188.0,1992-11-15,0.0,22.9,26.7,19.8
TH000048431,"NAKHON RATCHASIMA, TH",14.967,102.083,188.0,1992-11-16,0.0,24.7,29.4,18.8
TH000048431,"NAKHON RATCHASIMA, TH",14.967,102.083,188.0,1992-11-17,0.0,23.9,28.3,19.9
TH000048431,"NAKHON RATCHASIMA, TH",14.967,102.083,188.0,1992-11-18,0.0,24.7,30.0,19.2
TH000048431,"NAKHON RATCHASIMA, TH",14.967,102.083,188.0,1992-11-19,0.0,26.2,32.6,19.3
TH000048431,"NAKHON RATCHASIMA, TH",14.967,102.083,188.0,1992-11-20,0.0,26.2,31.0,20.7
TH000048431,"NAKHON RATCHASIMA, TH",14.967,102.083,188.0,1992-11-21,0.0,23.6,28.5,19.0
TH000048431,"NAKHON RATCHASIMA, TH",14.967,102.083,188.0,1992-11-22,0.0,24.6,29.7,19.7
TH000048431,"NAKHON RATCHASIMA, TH",14.967,102.083,188.0,1992-11-23,0.0,25.1,29.8,19.5
TH000048431,"NAKHON RATCHASIMA, TH",14.967,102.083,188.0,1992-11-24,0.0,25.4,29.8,19.2
TH000048431,"NAKHON RATCHASIMA, TH",14.967,102.083,188.0,1992-11-25,0.0,25.0,29.7,19.6
TH000048431,"NAKHON RATCHASIMA, TH",14.967,102.083,188.0,1992-11-26,0.0,22.7,28.0,
TH000048431,"NAKHON RATCHASIMA, TH",14.967,102.083,188.0,1992-11-27,0.0,21.9,27.2,16.6
TH000048431,"NAKHON RATCHASIMA, TH",14.967,102.083,188.0,1992-11-28,0.0,22.1,27.2,17.2
TH000048431,"NAKHON RATCHASIMA, TH",14.967,102.083,188.0,1992-11-29,0.0,21.9,27.0,16.9
TH000048431,"NAKHON RATCHASIMA, TH",14.967,102.083,188.0,1992-11-30,0.0,19.8,27.0,15.0
TH000048431,"NAKHON RATCHASIMA, TH",14.967,102.083,188.0,1992-12-01,0.0,19.5,25.5,
TH000048431,"NAKHON RATCHASIMA, TH",14.967,102.083,188.0,1992-12-02,0.0,19.5,,12.7
TH000048431,"NAKHON RATCHASIMA, TH",14.967,102.083,188.0,1992-12-03,0.0,21.2,27.5,13.5
TH000048431,"NAKHON RATCHASIMA, TH",14.967,102.083,188.0,1992-12-04,0.0,23.6,28.1,17.5
TH000048431,"NAKHON RATCHASIMA, TH",14.967,102.083,188.0,1992-12-05,0.0,24.8,30.2,18.4
TH000048431,"NAKHON RATCHASIMA, TH",14.967,102.083,188.0,1992-12-06,0.0,24.6,30.6,18.8
TH000048431,"NAKHON RATCHASIMA, TH",14.967,102.083,188.0,1992-12-07,0.0,23.8,30.7,18.4
TH000048431,"NAKHON RATCHASIMA, TH",14.967,102.083,188.0,1992-12-08,0.0,22.4,30.7,17.8
TH000048431,"NAKHON RATCHASIMA, TH",14.967,102.083,188.0,1992-12-09,0.0,25.1,31.0,17.0
TH000048431,"NAKHON RATCHASIMA, TH",14.967,102.083,188.0,1992-12-10,0.0,25.5,31.5,19.9
TH000048431,"NAKHON RATCHASIMA, TH",14.967,102.083,188.0,1992-12-11,0.0,25.2,31.1,19.6
TH000048431,"NAKHON RATCHASIMA, TH",14.967,102.083,188.0,1992-12-12,0.0,25.5,32.0,19.0
TH000048431,"NAKHON RATCHASIMA, TH",14.967,102.083,188.0,1992-12-13,0.0,26.4,33.3,19.5
TH000048431,"NAKHON RATCHASIMA, TH",14.967,102.083,188.0,1992-12-14,0.0,26.9,33.8,19.7
TH000048431,"NAKHON RATCHASIMA, TH",14.967,102.083,188.0,1992-12-15,0.0,25.4,31.8,
TH000048431,"NAKHON RATCHASIMA, TH",14.967,102.083,188.0,1992-12-16,0.0,22.9,28.0,18.0
TH000048431,"NAKHON RATCHASIMA, TH",14.967,102.083,188.0,1992-12-17,0.0,24.5,29.8,17.5
TH000048431,"NAKHON RATCHASIMA, TH",14.967,102.083,188.0,1992-12-18,0.0,23.9,29.4,19.8
TH000048431,"NAKHON RATCHASIMA, TH",14.967,102.083,188.0,1992-12-19,0.0,23.3,29.5,17.2
TH000048431,"NAKHON RATCHASIMA, TH",14.967,102.083,188.0,1992-12-20,0.0,24.8,30.8,16.9
TH000048431,"NAKHON RATCHASIMA, TH",14.967,102.083,188.0,1992-12-21,0.0,26.7,32.1,19.1
TH000048431,"NAKHON RATCHASIMA, TH",14.967,102.083,188.0,1992-12-22,0.0,26.1,30.8,21.3
TH000048431,"NAKHON RATCHASIMA, TH",14.967,102.083,188.0,1992-12-23,0.0,25.4,30.7,
TH000048431,"NAKHON RATCHASIMA, TH",14.967,102.083,188.0,1992-12-24,0.0,21.8,30.7,
TH000048431,"NAKHON RATCHASIMA, TH",14.967,102.083,188.0,1992-12-25,15.0,17.1,19.2,13.8
TH000048431,"NAKHON RATCHASIMA, TH",14.967,102.083,188.0,1992-12-26,2.0,22.3,27.4,16.3
TH000048431,"NAKHON RATCHASIMA, TH",14.967,102.083,188.0,1992-12-27,0.0,24.8,30.3,16.8
TH000048431,"NAKHON RATCHASIMA, TH",14.967,102.083,188.0,1992-12-28,0.0,26.2,32.1,
TH000048431,"NAKHON RATCHASIMA, TH",14.967,102.083,188.0,1992-12-29,0.0,27.3,33.2,20.6
TH000048431,"NAKHON RATCHASIMA, TH",14.967,102.083,188.0,1992-12-30,0.0,26.7,32.8,
TH000048431,"NAKHON RATCHASIMA, TH",14.967,102.083,188.0,1992-12-31,0.0,25.9,31.7,21.0
TH000048431,"NAKHON RATCHASIMA, TH",14.967,102.083,188.0,1993-01-01,0.0,23.9,31.5,19.6
TH000048431,"NAKHON RATCHASIMA, TH",14.967,102.083,188.0,1993-01-02,0.0,24.7,31.7,18.5
TH000048431,"NAKHON RATCHASIMA, TH",14.967,102.083,188.0,1993-01-03,0.0,25.6,33.0,17.5
TH000048431,"NAKHON RATCHASIMA, TH",14.967,102.083,188.0,1993-01-04,0.0,25.9,32.9,19.0
TH000048431,"NAKHON RATCHASIMA, TH",14.967,102.083,188.0,1993-01-05,0.0,25.8,33.1,19.6
TH000048431,"NAKHON RATCHASIMA, TH",14.967,102.083,188.0,1993-01-06,0.0,25.9,31.7,18.6
TH000048431,"NAKHON RATCHASIMA, TH",14.967,102.083,188.0,1993-01-07,0.0,24.3,30.7,18.0
TH000048431,"NAKHON RATCHASIMA, TH",14.967,102.083,188.0,1993-01-08,0.0,24.8,31.4,18.4
TH000048431,"NAKHON RATCHASIMA, TH",14.967,102.083,188.0,1993-01-09,0.0,24.7,31.6,18.6
TH000048431,"NAKHON RATCHASIMA, TH",14.967,102.083,188.0,1993-01-10,0.0,25.9,32.8,17.8
TH000048431,"NAKHON RATCHASIMA, TH",14.967,102.083,188.0,1993-01-11,0.0,25.7,32.0,18.5
TH000048431,"NAKHON RATCHASIMA, TH",14.967,102.083,188.0,1993-01-12,0.0,25.1,31.9,19.3
TH000048431,"NAKHON RATCHASIMA, TH",14.967,102.083,188.0,1993-01-13,0.0,26.2,33.9,19.4
TH000048431,"NAKHON RATCHASIMA, TH",14.967,102.083,188.0,1993-01-14,0.0,26.7,33.5,20.1
TH000048431,"NAKHON RATCHASIMA, TH",14.967,102.083,188.0,1993-01-15,0.0,28.0,34.3,21.0
TH000048431,"NAKHON RATCHASIMA, TH",14.967,102.083,188.0,1993-01-16,0.0,22.1,27.8,
TH000048431,"NAKHON RATCHASIMA, TH",14.967,102.083,188.0,1993-01-17,0.0,21.6,27.3,16.0
TH000048431,"NAKHON RATCHASIMA, TH",14.967,102.083,188.0,1993-01-18,0.0,21.7,27.7,16.7
TH000048431,"NAKHON RATCHASIMA, TH",14.967,102.083,188.0,1993-01-19,0.0,23.0,29.8,17.2
TH000048431,"NAKHON RATCHASIMA, TH",14.967,102.083,188.0,1993-01-20,0.0,23.1,30.4,17.8
TH000048431,"NAKHON RATCHASIMA, TH",14.967,102.083,188.0,1993-01-21,0.0,25.1,31.0,20.0
TH000048431,"NAKHON RATCHASIMA, TH",14.967,102.083,188.0,1993-01-22,0.0,23.7,29.2,18.4
TH000048431,"NAKHON RATCHASIMA, TH",14.967,102.083,188.0,1993-01-23,0.0,25.1,31.8,20.5
TH000048431,"NAKHON RATCHASIMA, TH",14.967,102.083,188.0,1993-01-24,2.0,22.1,26.3,
TH000048431,"NAKHON RATCHASIMA, TH",14.967,102.083,188.0,1993-01-25,0.0,20.9,27.2,17.0
TH000048431,"NAKHON RATCHASIMA, TH",14.967,102.083,188.0,1993-01-26,0.0,21.5,25.6,17.8
TH000048431,"NAKHON RATCHASIMA, TH",14.967,102.083,188.0,1993-01-27,0.0,19.1,21.7,
TH000048431,"NAKHON RATCHASIMA, TH",14.967,102.083,188.0,1993-01-28,0.0,18.3,24.0,14.0
TH000048431,"NAKHON RATCHASIMA, TH",14.967,102.083,188.0,1993-01-29,0.0,17.3,24.2,12.5
TH000048431,"NAKHON RATCHASIMA, TH",14.967,102.083,188.0,1993-01-30,0.0,17.9,24.8,11.2
TH000048431,"NAKHON RATCHASIMA, TH",14.967,102.083,188.0,1993-01-31,0.0,18.0,26.7,10.8
TH000048431,"NAKHON RATCHASIMA, TH",14.967,102.083,188.0,1993-02-01,0.0,21.7,28.2,13.5
TH000048431,"NAKHON RATCHASIMA, TH",14.967,102.083,188.0,1993-02-02,0.0,21.1,27.5,16.0
TH000048431,"NAKHON RATCHASIMA, TH",14.967,102.083,188.0,1993-02-03,0.0,22.8,28.7,15.8
TH000048431,"NAKHON RATCHASIMA, TH",14.967,102.083,188.0,1993-02-04,0.0,22.9,29.7,17.0
TH000048431,"NAKHON RATCHASIMA, TH",14.967,102.083,188.0,1993-02-05,0.0,21.6,29.4,15.5
TH000048431,"NAKHON RATCHASIMA, TH",14.967,102.083,188.0,1993-02-06,0.0,23.8,31.5,14.0
TH000048431,"NAKHON RATCHASIMA, TH",14.967,102.083,188.0,1993-02-07,0.0,24.1,32.7,15.5
TH000048431,"NAKHON RATCHASIMA, TH",14.967,102.083,188.0,1993-02-08,0.0,24.9,33.3,16.2
TH000048431,"NAKHON RATCHASIMA, TH",14.967,102.083,188.0,1993-02-09,0.0,24.3,32.6,18.9
TH000048431,"NAKHON RATCHASIMA, TH",14.967,102.083,188.0,1993-02-10,0.0,25.3,32.0,18.5
TH000048431,"NAKHON RATCHASIMA, TH",14.967,102.083,188.0,1993-02-11,0.0,24.8,32.0,17.8
TH000048431,"NAKHON RATCHASIMA, TH",14.967,102.083,188.0,1993-02-12,0.0,23.9,31.0,18.0
TH000048431,"NAKHON RATCHASIMA, TH",14.967,102.083,188.0,1993-02-13,0.0,24.8,32.9,17.6
TH000048431,"NAKHON RATCHASIMA, TH",14.967,102.083,188.0,1993-02-14,0.0,26.6,33.0,17.6
TH000048431,"NAKHON RATCHASIMA, TH",14.967,102.083,188.0,1993-02-15,0.0,26.4,33.3,21.2
TH000048431,"NAKHON RATCHASIMA, TH",14.967,102.083,188.0,1993-02-16,0.0,27.1,33.5,20.5
TH000048431,"NAKHON RATCHASIMA, TH",14.967,102.083,188.0,1993-02-17,0.0,27.5,33.7,21.1
TH000048431,"NAKHON RATCHASIMA, TH",14.967,102.083,188.0,1993-02-18,0.0,28.1,34.3,21.0
TH000048431,"NAKHON RATCHASIMA, TH",14.967,102.083,188.0,1993-02-19,0.0,27.3,35.5,20.0
TH000048431,"NAKHON RATCHASIMA, TH",14.967,102.083,188.0,1993-02-20,0.0,27.8,35.5,20.0
TH000048431,"NAKHON RATCHASIMA, TH",14.967,102.083,188.0,1993-02-21,0.0,27.7,35.7,19.5
TH000048431,"NAKHON RATCHASIMA, TH",14.967,102.083,188.0,1993-02-22,0.0,28.3,37.2,19.0
TH000048431,"NAKHON RATCHASIMA, TH",14.967,102.083,188.0,1993-02-23,0.0,29.2,36.7,20.2
TH000048431,"NAKHON RATCHASIMA, TH",14.967,102.083,188.0,1993-02-24,0.0,28.4,34.5,23.0
TH000048431,"NAKHON RATCHASIMA, TH",14.967,102.083,188.0,1993-02-25,0.0,28.8,34.6,23.5
TH000048431,"NAKHON RATCHASIMA, TH",14.967,102.083,188.0,1993-02-26,0.0,27.8,34.5,23.5
TH000048431,"NAKHON RATCHASIMA, TH",14.967,102.083,188.0,1993-02-27,2.0,28.3,35.7,22.3
TH000048431,"NAKHON RATCHASIMA, TH",14.967,102.083,188.0,1993-02-28,17.0,29.1,35.7,22.5
TH000048431,"NAKHON RATCHASIMA, TH",14.967,102.083,188.0,1993-03-01,0.0,28.2,33.3,
TH000048431,"NAKHON RATCHASIMA, TH",14.967,102.083,188.0,1993-03-02,0.0,25.9,31.4,20.6
TH000048431,"NAKHON RATCHASIMA, TH",14.967,102.083,188.0,1993-03-03,0.0,28.3,34.2,21.2
TH000048431,"NAKHON RATCHASIMA, TH",14.967,102.083,188.0,1993-03-04,0.0,28.9,34.7,21.5
TH000048431,"NAKHON RATCHASIMA, TH",14.967,102.083,188.0,1993-03-05,0.0,29.8,,23.5
TH000048431,"NAKHON RATCHASIMA, TH",14.967,102.083,188.0,1993-03-06,0.0,29.9,37.0,23.7
TH000048431,"NAKHON RATCHASIMA, TH",14.967,102.083,188.0,1993-03-07,0.0,30.3,36.7,23.8
TH000048431,"NAKHON RATCHASIMA, TH",14.967,102.083,188.0,1993-03-08,0.0,30.3,36.2,24.0
TH000048431,"NAKHON RATCHASIMA, TH",14.967,102.083,188.0,1993-03-09,0.0,30.1,36.3,25.0
TH000048431,"NAKHON RATCHASIMA, TH",14.967,102.083,188.0,1993-03-10,0.0,28.3,,24.0
TH000048431,"NAKHON RATCHASIMA, TH",14.967,102.083,188.0,1993-03-11,0.0,29.1,35.2,22.7
TH000048431,"NAKHON RATCHASIMA, TH",14.967,102.083,188.0,1993-03-12,,28.2,,
TH000048431,"NAKHON RATCHASIMA, TH",14.967,102.083,188.0,1993-03-13,2.0,25.2,30.1,22.1
TH000048431,"NAKHON RATCHASIMA, TH",14.967,102.083,188.0,1993-03-14,0.0,25.9,32.5,22.0
TH000048431,"NAKHON RATCHASIMA, TH",14.967,102.083,188.0,1993-03-15,1.0,28.2,35.5,22.8
TH000048431,"NAKHON RATCHASIMA, TH",14.967,102.083,188.0,1993-03-16,0.0,29.4,36.8,23.5
TH000048431,"NAKHON RATCHASIMA, TH",14.967,102.083,188.0,1993-03-17,0.0,27.9,38.0,22.0
TH000048431,"NAKHON RATCHASIMA, TH",14.967,102.083,188.0,1993-03-18,0.0,30.4,38.0,23.0
TH000048431,"NAKHON RATCHASIMA, TH",14.967,102.083,188.0,1993-03-19,0.0,28.5,36.7,24.4
TH000048431,"NAKHON RATCHASIMA, TH",14.967,102.083,188.0,1993-03-20,8.9,25.6,32.5,
TH000048431,"NAKHON RATCHASIMA, TH",14.967,102.083,188.0,1993-03-21,6.1,26.4,32.5,
TH000048431,"NAKHON RATCHASIMA, TH",14.967,102.083,188.0,1993-03-22,8.9,26.4,31.3,20.0
TH000048431,"NAKHON RATCHASIMA, TH",14.967,102.083,188.0,1993-03-23,0.0,28.2,33.7,22.7
TH000048431,"NAKHON RATCHASIMA, TH",14.967,102.083,188.0,1993-03-24,0.0,29.4,36.5,23.0
TH000048431,"NAKHON RATCHASIMA, TH",14.967,102.083,188.0,1993-03-25,0.0,28.9,36.7,24.5
TH000048431,"NAKHON RATCHASIMA, TH",14.967,102.083,188.0,1993-03-26,13.0,30.4,39.7,23.5
TH000048431,"NAKHON RATCHASIMA, TH",14.967,102.083,188.0,1993-03-27,0.0,30.9,37.8,23.5
TH000048431,"NAKHON RATCHASIMA, TH",14.967,102.083,188.0,1993-03-28,0.0,31.4,39.3,23.5
TH000048431,"NAKHON RATCHASIMA, TH",14.967,102.083,188.0,1993-03-29,0.0,32.1,39.2,25.0
TH000048431,"NAKHON RATCHASIMA, TH",14.967,102.083,188.0,1993-03-30,,30.6,38.5,
TH000048431,"NAKHON RATCHASIMA, TH",14.967,102.083,188.0,1993-03-31,0.0,30.6,36.9,25.4
TH000048431,"NAKHON RATCHASIMA, TH",14.967,102.083,188.0,1993-04-01,2.0,31.2,37.5,25.0
TH000048431,"NAKHON RATCHASIMA, TH",14.967,102.083,188.0,1993-04-02,0.0,31.7,39.0,25.8
TH000048431,"NAKHON RATCHASIMA, TH",14.967,102.083,188.0,1993-04-03,0.0,32.5,40.0,25.0
TH000048431,"NAKHON RATCHASIMA, TH",14.967,102.083,188.0,1993-04-04,0.0,32.9,40.2,25.7
TH000048431,"NAKHON RATCHASIMA, TH",14.967,102.083,188.0,1993-04-05,0.0,30.7,39.3,26.5
TH000048431,"NAKHON RATCHASIMA, TH",14.967,102.083,188.0,1993-04-06,0.0,30.8,38.6,
TH000048431,"NAKHON RATCHASIMA, TH",14.967,102.083,188.0,1993-04-07,,29.7,36.5,
TH000048431,"NAKHON RATCHASIMA, TH",14.967,102.083,188.0,1993-04-08,14.0,26.1,30.2,21.2
TH000048431,"NAKHON RATCHASIMA, TH",14.967,102.083,188.0,1993-04-09,0.0,26.7,31.3,22.0
TH000048431,"NAKHON RATCHASIMA, TH",14.967,102.083,188.0,1993-04-10,0.0,28.6,33.3,22.0
TH000048431,"NAKHON RATCHASIMA, TH",14.967,102.083,188.0,1993-04-11,0.0,28.2,33.7,24.8
TH000048431,"NAKHON RATCHASIMA, TH",14.967,102.083,188.0,1993-04-12,,28.7,35.0,
TH000048431,"NAKHON RATCHASIMA, TH",14.967,102.083,188.0,1993-04-13,8.9,24.3,27.5,21.5
TH000048431,"NAKHON RATCHASIMA, TH",14.967,102.083,188.0,1993-04-14,1.0,26.8,32.2,22.5
TH000048431,"NAKHON RATCHASIMA, TH",14.967,102.083,188.0,1993-04-15,0.0,28.9,34.1,24.1
TH000048431,"NAKHON RATCHASIMA, TH",14.967,102.083,188.0,1993-04-16,0.0,30.2,35.8,24.3
TH000048431,"NAKHON RATCHASIMA, TH",14.967,102.083,188.0,1993-04-17,0.0,30.6,37.0,24.0
TH000048431,"NAKHON RATCHASIMA, TH",14.967,102.083,188.0,1993-04-18,0.0,31.0,38.2,24.5
TH000048431,"NAKHON RATCHASIMA, TH",14.967,102.083,188.0,1993-04-19,0.0,31.6,37.5,25.5
TH000048431,"NAKHON RATCHASIMA, TH",14.967,102.083,188.0,1993-04-20,0.0,31.3,37.2,26.2
TH000048431,"NAKHON RATCHASIMA, TH",14.967,102.083,188.0,1993-04-21,,28.4,37.5,
TH000048431,"NAKHON RATCHASIMA, TH",14.967,102.083,188.0,1993-04-22,30.0,27.2,30.1,22.8
TH000048431,"NAKHON RATCHASIMA, TH",14.967,102.083,188.0,1993-04-23,0.0,29.4,35.0,24.5
TH000048431,"NAKHON RATCHASIMA, TH",14.967,102.083,188.0,1993-04-24,0.0,28.9,36.5,
TH000048431,"NAKHON RATCHASIMA, TH",14.967,102.083,188.0,1993-04-25,0.0,31.2,37.2,25.5
TH000048431,"NAKHON RATCHASIMA, TH",14.967,102.083,188.0,1993-04-26,0.0,31.2,37.2,26.5
TH000048431,"NAKHON RATCHASIMA, TH",14.967,102.083,188.0,1993-04-27,0.0,30.9,38.5,25.0
TH000048431,"NAKHON RATCHASIMA, TH",14.967,102.083,188.0,1993-04-28,0.0,31.3,38.9,
TH000048431,"NAKHON RATCHASIMA, TH",14.967,102.083,188.0,1993-04-29,0.0,31.8,38.5,24.5
TH000048431,"NAKHON RATCHASIMA, TH",14.967,102.083,188.0,1993-04-30,0.0,30.2,36.7,
TH000048431,"NAKHON RATCHASIMA, TH",14.967,102.083,188.0,1993-05-01,37.1,31.6,38.0,25.0
TH000048431,"NAKHON RATCHASIMA, TH",14.967,102.083,188.0,1993-05-02,0.0,30.6,37.3,25.8
TH000048431,"NAKHON RATCHASIMA, TH",14.967,102.083,188.0,1993-05-03,2.0,32.1,38.0,25.2
TH000048431,"NAKHON RATCHASIMA, TH",14.967,102.083,188.0,1993-05-04,0.0,32.2,38.5,26.3
TH000048431,"NAKHON RATCHASIMA, TH",14.967,102.083,188.0,1993-05-05,0.0,33.2,38.6,26.5
TH000048431,"NAKHON RATCHASIMA, TH",14.967,102.083,188.0,1993-05-06,0.0,31.8,38.7,26.3
TH000048431,"NAKHON RATCHASIMA, TH",14.967,102.083,188.0,1993-05-07,0.0,29.0,38.8,
TH000048431,"NAKHON RATCHASIMA, TH",14.967,102.083,188.0,1993-05-08,23.1,29.9,38.1,24.4
TH000048431,"NAKHON RATCHASIMA, TH",14.967,102.083,188.0,1993-05-09,0.5,31.1,37.8,25.7
TH000048431,"NAKHON RATCHASIMA, TH",14.967,102.083,188.0,1993-05-10,0.0,28.8,35.4,
TH000048431,"NAKHON RATCHASIMA, TH",14.967,102.083,188.0,1993-05-11,0.0,30.8,37.7,24.5
TH000048431,"NAKHON RATCHASIMA, TH",14.967,102.083,188.0,1993-05-12,0.0,28.7,35.5,
TH000048431,"NAKHON RATCHASIMA, TH",14.967,102.083,188.0,1993-05-13,0.0,30.2,37.4,
TH000048431,"NAKHON RATCHASIMA, TH",14.967,102.083,188.0,1993-05-14,0.0,30.4,35.8,25.2
TH000048431,"NAKHON RATCHASIMA, TH",14.967,102.083,188.0,1993-05-15,48.0,26.8,35.7,23.0
TH000048431,"NAKHON RATCHASIMA, TH",14.967,102.083,188.0,1993-05-16,1.0,28.2,33.7,
TH000048431,"NAKHON RATCHASIMA, TH",14.967,102.083,188.0,1993-05-17,0.0,26.8,32.1,23.7
TH000048431,"NAKHON RATCHASIMA, TH",14.967,102.083,188.0,1993-05-18,0.0,27.9,33.7,24.0
TH000048431,"NAKHON RATCHASIMA, TH",14.967,102.083,188.0,1993-05-19,1.0,26.9,33.3,24.4
TH000048431,"NAKHON RATCHASIMA, TH",14.967,102.083,188.0,1993-05-20,27.9,26.9,33.3,24.1
TH000048431,"NAKHON RATCHASIMA, TH",14.967,102.083,188.0,1993-05-21,3.0,28.3,34.2,
TH000048431,"NAKHON RATCHASIMA, TH",14.967,102.083,188.0,1993-05-22,37.1,27.1,32.7,24.2
TH000048431,"NAKHON RATCHASIMA, TH",14.967,102.083,188.0,1993-05-23,0.0,27.2,32.5,24.0
TH000048431,"NAKHON RATCHASIMA, TH",14.967,102.083,188.0,1993-05-24,0.0,29.2,34.1,23.4
TH000048431,"NAKHON RATCHASIMA, TH",14.967,102.083,188.0,1993-05-25,0.0,29.5,33.6,25.5
TH000048431,"NAKHON RATCHASIMA, TH",14.967,102.083,188.0,1993-05-26,0.0,30.3,35.7,25.2
TH000048431,"NAKHON RATCHASIMA, TH",14.967,102.083,188.0,1993-05-27,0.0,27.9,35.0,
TH000048431,"NAKHON RATCHASIMA, TH",14.967,102.083,188.0,1993-05-28,0.5,29.4,35.6,
TH000048431,"NAKHON RATCHASIMA, TH",14.967,102.083,188.0,1993-05-29,0.0,27.6,34.8,24.9
TH000048431,"NAKHON RATCHASIMA, TH",14.967,102.083,188.0,1993-05-30,2.0,28.4,35.2,25.2
TH000048431,"NAKHON RATCHASIMA, TH",14.967,102.083,188.0,1993-05-31,7.9,28.6,34.8,25.0
TH000048431,"NAKHON RATCHASIMA, TH",14.967,102.083,188.0,1993-06-01,46.0,28.3,33.8,24.5
TH000048431,"NAKHON RATCHASIMA, TH",14.967,102.083,188.0,1993-06-02,4.1,29.2,35.5,24.8
TH000048431,"NAKHON RATCHASIMA, TH",14.967,102.083,188.0,1993-06-03,0.0,30.3,35.3,24.7
TH000048431,"NAKHON RATCHASIMA, TH",14.967,102.083,188.0,1993-06-04,0.0,29.1,35.5,26.1
TH000048431,"NAKHON RATCHASIMA, TH",14.967,102.083,188.0,1993-06-05,17.0,26.9,33.0,
TH000048431,"NAKHON RATCHASIMA, TH",14.967,102.083,188.0,1993-06-06,21.1,27.1,34.8,
TH000048431,"NAKHON RATCHASIMA, TH",14.967,102.083,188.0,1993-06-07,6.1,26.9,32.7,24.0
TH000048431,"NAKHON RATCHASIMA, TH",14.967,102.083,188.0,1993-06-08,17.0,29.3,34.8,24.0
TH000048431,"NAKHON RATCHASIMA, TH",14.967,102.083,188.0,1993-06-09,4.1,26.8,34.0,
TH000048431,"NAKHON RATCHASIMA, TH",14.967,102.083,188.0,1993-06-10,3.0,29.4,34.8,25.2
TH000048431,"NAKHON RATCHASIMA, TH",14.967,102.083,188.0,1993-06-11,17.0,29.6,35.2,24.0
TH000048431,"NAKHON RATCHASIMA, TH",14.967,102.083,188.0,1993-06-12,0.0,29.2,34.3,25.5
TH000048431,"NAKHON RATCHASIMA, TH",14.967,102.083,188.0,1993-06-13,0.0,29.2,34.9,25.0
TH000048431,"NAKHON RATCHASIMA, TH",14.967,102.083,188.0,1993-06-14,7.9,29.8,35.5,24.7
TH000048431,"NAKHON RATCHASIMA, TH",14.967,102.083,188.0,1993-06-15,0.0,30.2,35.7,24.5
TH000048431,"NAKHON RATCHASIMA, TH",14.967,102.083,188.0,1993-06-16,,31.4,37.0,25.7
TH000048431,"NAKHON RATCHASIMA, TH",14.967,102.083,188.0,1993-06-17,0.5,31.4,36.4,26.3
TH000048431,"NAKHON RATCHASIMA, TH",14.967,102.083,188.0,1993-06-18,0.0,28.9,35.3,
TH000048431,"NAKHON RATCHASIMA, TH",14.967,102.083,188.0,1993-06-19,4.1,30.4,34.8,24.5
TH000048431,"NAKHON RATCHASIMA, TH",14.967,102.083,188.0,1993-06-20,0.0,31.4,36.5,25.8
TH000048431,"NAKHON RATCHASIMA, TH",14.967,102.083,188.0,1993-06-21,0.0,31.1,35.7,26.3
TH000048431,"NAKHON RATCHASIMA, TH",14.967,102.083,188.0,1993-06-22,0.0,31.8,36.3,26.6
TH000048431,"NAKHON RATCHASIMA, TH",14.967,102.083,188.0,1993-06-23,20.1,29.8,34.7,24.5
TH000048431,"NAKHON RATCHASIMA, TH",14.967,102.083,188.0,1993-06-24,0.0,28.1,33.2,
TH000048431,"NAKHON RATCHASIMA, TH",14.967,102.083,188.0,1993-06-25,0.0,29.2,34.1,25.2
TH000048431,"NAKHON RATCHASIMA, TH",14.967,102.083,188.0,1993-06-26,0.0,30.0,35.1,
TH000048431,"NAKHON RATCHASIMA, TH",14.967,102.083,188.0,1993-06-27,5.1,27.6,33.7,24.5
TH000048431,"NAKHON RATCHASIMA, TH",14.967,102.083,188.0,1993-06-28,7.1,28.6,34.2,24.9
TH000048431,"NAKHON RATCHASIMA, TH",14.967,102.083,188.0,1993-06-29,19.1,29.6,34.1,24.7
TH000048431,"NAKHON RATCHASIMA, TH",14.967,102.083,188.0,1993-06-30,0.0,27.8,33.6,24.5
TH000048431,"NAKHON RATCHASIMA, TH",14.967,102.083,188.0,1993-07-01,1.0,29.4,35.2,25.3
TH000048431,"NAKHON RATCHASIMA, TH",14.967,102.083,188.0,1993-07-02,0.0,30.6,35.5,25.5
TH000048431,"NAKHON RATCHASIMA, TH",14.967,102.083,188.0,1993-07-03,0.0,28.4,,
TH000048431,"NAKHON RATCHASIMA, TH",14.967,102.083,188.0,1993-07-04,20.1,29.2,36.1,
TH000048431,"NAKHON RATCHASIMA, TH",14.967,102.083,188.0,1993-07-05,4.1,27.0,34.8,
TH000048431,"NAKHON RATCHASIMA, TH",14.967,102.083,188.0,1993-07-06,35.1,26.6,33.7,23.1
TH000048431,"NAKHON RATCHASIMA, TH",14.967,102.083,188.0,1993-07-07,2.0,29.5,33.6,24.5
TH000048431,"NAKHON RATCHASIMA, TH",14.967,102.083,188.0,1993-07-08,0.0,30.2,34.0,24.6
TH000048431,"NAKHON RATCHASIMA, TH",14.967,102.083,188.0,1993-07-09,0.0,29.0,34.3,24.9
TH000048431,"NAKHON RATCHASIMA, TH",14.967,102.083,188.0,1993-07-10,0.0,29.2,33.5,25.0
TH000048431,"NAKHON RATCHASIMA, TH",14.967,102.083,188.0,1993-07-11,0.0,29.0,33.3,25.4
TH000048431,"NAKHON RATCHASIMA, TH",14.967,102.083,188.0,1993-07-12,0.0,28.3,31.0,26.1
TH000048431,"NAKHON RATCHASIMA, TH",14.967,102.083,188.0,1993-07-13,0.0,28.7,33.4,
TH000048431,"NAKHON RATCHASIMA, TH",14.967,102.083,188.0,1993-07-14,0.0,26.3,29.5,
TH000048431,"NAKHON RATCHASIMA, TH",14.967,102.083,188.0,1993-07-15,4.1,27.4,32.3,
TH000048431,"NAKHON RATCHASIMA, TH",14.967,102.083,188.0,1993-07-16,5.1,27.5,34.1,23.7
TH000048431,"NAKHON RATCHASIMA, TH",14.967,102.083,188.0,1993-07-17,0.0,29.1,34.7,23.7
TH000048431,"NAKHON RATCHASIMA, TH",14.967,102.083,188.0,1993-07-18,0.0,30.8,36.5,24.5
TH000048431,"NAKHON RATCHASIMA, TH",14.967,102.083,188.0,1993-07-19,0.0,30.7,35.9,25.0
TH000048431,"NAKHON RATCHASIMA, TH",14.967,102.083,188.0,1993-07-20,0.0,29.9,35.1,26.1
TH000048431,"NAKHON RATCHASIMA, TH",14.967,102.083,188.0,1993-07-21,0.0,29.9,35.2,25.2
TH000048431,"NAKHON RATCHASIMA, TH",14.967,102.083,188.0,1993-07-22,0.0,29.8,35.5,25.5
TH000048431,"NAKHON RATCHASIMA, TH",14.967,102.083,188.0,1993-07-23,0.0,30.3,36.4,24.8
TH000048431,"NAKHON RATCHASIMA, TH",14.967,102.083,188.0,1993-07-24,0.0,28.9,36.1,25.5
TH000048431,"NAKHON RATCHASIMA, TH",14.967,102.083,188.0,1993-07-25,19.1,31.1,35.5,25.0
TH000048431,"NAKHON RATCHASIMA, TH",14.967,102.083,188.0,1993-07-26,0.0,31.0,36.0,25.1
TH000048431,"NAKHON RATCHASIMA, TH",14.967,102.083,188.0,1993-07-27,0.0,30.9,36.0,25.8
TH000048431,"NAKHON RATCHASIMA, TH",14.967,102.083,188.0,1993-07-28,,28.3,36.6,
TH000048431,"NAKHON RATCHASIMA, TH",14.967,102.083,188.0,1993-07-29,19.1,27.1,33.4,24.7
TH000048431,"NAKHON RATCHASIMA, TH",14.967,102.083,188.0,1993-07-30,8.9,28.2,32.8,24.4
TH000048431,"NAKHON RATCHASIMA, TH",14.967,102.083,188.0,1993-07-31,0.0,27.3,33.0,
TH000048431,"NAKHON RATCHASIMA, TH",14.967,102.083,188.0,1993-08-01,70.1,27.4,32.0,23.6
TH000048431,"NAKHON RATCHASIMA, TH",14.967,102.083,188.0,1993-08-02,16.0,26.8,29.3,24.0
TH000048431,"NAKHON RATCHASIMA, TH",14.967,102.083,188.0,1993-08-03,0.0,26.3,31.9,23.6
TH000048431,"NAKHON RATCHASIMA, TH",14.967,102.083,188.0,1993-08-04,4.1,28.5,33.5,23.6
TH000048431,"NAKHON RATCHASIMA, TH",14.967,102.083,188.0,1993-08-05,0.0,29.0,34.2,23.7
TH000048431,"NAKHON RATCHASIMA, TH",14.967,102.083,188.0,1993-08-06,0.0,29.4,34.0,24.5
TH000048431,"NAKHON RATCHASIMA, TH",14.967,102.083,188.0,1993-08-07,0.0,29.7,35.0,24.9
TH000048431,"NAKHON RATCHASIMA, TH",14.967,102.083,188.0,1993-08-08,0.3,29.9,34.7,25.0
TH000048431,"NAKHON RATCHASIMA, TH",14.967,102.083,188.0,1993-08-09,0.0,30.2,33.4,25.1
TH000048431,"NAKHON RATCHASIMA, TH",14.967,102.083,188.0,1993-08-10,0.0,27.8,33.5,
TH000048431,"NAKHON RATCHASIMA, TH",14.967,102.083,188.0,1993-08-11,0.0,28.3,32.7,24.5
TH000048431,"NAKHON RATCHASIMA, TH",14.967,102.083,188.0,1993-08-12,0.0,29.7,33.9,
TH000048431,"NAKHON RATCHASIMA, TH",14.967,102.083,188.0,1993-08-13,0.0,29.4,35.3,24.2
TH000048431,"NAKHON RATCHASIMA, TH",14.967,102.083,188.0,1993-08-14,2.0,27.9,34.0,
TH000048431,"NAKHON RATCHASIMA, TH",14.967,102.083,188.0,1993-08-15,7.9,29.5,33.7,24.7
TH000048431,"NAKHON RATCHASIMA, TH",14.967,102.083,188.0,1993-08-16,0.0,28.0,32.0,25.1
TH000048431,"NAKHON RATCHASIMA, TH",14.967,102.083,188.0,1993-08-17,2.0,27.2,32.9,
TH000048431,"NAKHON RATCHASIMA, TH",14.967,102.083,188.0,1993-08-18,21.1,27.4,,
TH000048431,"NAKHON RATCHASIMA, TH",14.967,102.083,188.0,1993-08-19,0.0,27.9,31.4,23.9
TH000048431,"NAKHON RATCHASIMA, TH",14.967,102.083,188.0,1993-08-20,8.9,25.3,29.6,22.5
TH000048431,"NAKHON RATCHASIMA, TH",14.967,102.083,188.0,1993-08-21,13.0,27.1,28.9,23.3
TH000048431,"NAKHON RATCHASIMA, TH",14.967,102.083,188.0,1993-08-22,0.0,27.6,33.3,
TH000048431,"NAKHON RATCHASIMA, TH",14.967,102.083,188.0,1993-08-23,,26.6,32.0,23.9
TH000048431,"NAKHON RATCHASIMA, TH",14.967,102.083,188.0,1993-08-24,15.0,25.0,30.5,22.7
TH000048431,"NAKHON RATCHASIMA, TH",14.967,102.083,188.0,1993-08-25,11.9,27.6,32.8,22.4
TH000048431,"NAKHON RATCHASIMA, TH",14.967,102.083,188.0,1993-08-26,0.5,27.9,33.5,23.7
TH000048431,"NAKHON RATCHASIMA, TH",14.967,102.083,188.0,1993-08-27,0.0,29.0,34.4,23.5
TH000048431,"NAKHON RATCHASIMA, TH",14.967,102.083,188.0,1993-08-28,0.0,25.8,32.0,
TH000048431,"NAKHON RATCHASIMA, TH",14.967,102.083,188.0,1993-08-29,9.9,26.4,31.7,22.7
TH000048431,"NAKHON RATCHASIMA, TH",14.967,102.083,188.0,1993-08-30,110.0,26.7,31.6,24.2
TH000048431,"NAKHON RATCHASIMA, TH",14.967,102.083,188.0,1993-08-31,22.1,26.7,32.4,23.9
TH000048431,"NAKHON RATCHASIMA, TH",14.967,102.083,188.0,1993-09-01,7.9,26.3,32.3,
TH000048431,"NAKHON RATCHASIMA, TH",14.967,102.083,188.0,1993-09-02,0.0,28.4,32.7,24.3
TH000048431,"NAKHON RATCHASIMA, TH",14.967,102.083,188.0,1993-09-03,0.0,27.6,31.5,24.9
TH000048431,"NAKHON RATCHASIMA, TH",14.967,102.083,188.0,1993-09-04,0.0,27.0,33.2,
TH000048431,"NAKHON RATCHASIMA, TH",14.967,102.083,188.0,1993-09-05,69.1,28.2,33.0,23.8
TH000048431,"NAKHON RATCHASIMA, TH",14.967,102.083,188.0,1993-09-06,0.0,27.7,32.2,23.8
TH000048431,"NAKHON RATCHASIMA, TH",14.967,102.083,188.0,1993-09-07,0.0,27.2,30.5,
TH000048431,"NAKHON RATCHASIMA, TH",14.967,102.083,188.0,1993-09-08,0.0,26.9,33.0,
TH000048431,"NAKHON RATCHASIMA, TH",14.967,102.083,188.0,1993-09-09,2.0,25.4,29.7,23.3
TH000048431,"NAKHON RATCHASIMA, TH",14.967,102.083,188.0,1993-09-10,3.0,27.7,31.8,23.9
TH000048431,"NAKHON RATCHASIMA, TH",14.967,102.083,188.0,1993-09-11,0.0,28.1,33.0,24.2
TH000048431,"NAKHON RATCHASIMA, TH",14.967,102.083,188.0,1993-09-12,0.0,27.7,31.7,23.8
TH000048431,"NAKHON RATCHASIMA, TH",14.967,102.083,188.0,1993-09-13,0.0,28.8,32.7,23.8
TH000048431,"NAKHON RATCHASIMA, TH",14.967,102.083,188.0,1993-09-14,,27.9,33.3,
TH000048431,"NAKHON RATCHASIMA, TH",14.967,102.083,188.0,1993-09-15,261.1,26.1,,23.1
TH000048431,"NAKHON RATCHASIMA, TH",14.967,102.083,188.0,1993-09-16,7.1,26.2,32.5,22.7
TH000048431,"NAKHON RATCHASIMA, TH",14.967,102.083,188.0,1993-09-17,21.1,27.4,32.3,22.8
TH000048431,"NAKHON RATCHASIMA, TH",14.967,102.083,188.0,1993-09-18,0.0,26.9,32.0,24.3
TH000048431,"NAKHON RATCHASIMA, TH",14.967,102.083,188.0,1993-09-19,4.1,25.7,30.8,24.2
TH000048431,"NAKHON RATCHASIMA, TH",14.967,102.083,188.0,1993-09-20,38.1,26.2,30.5,23.8
TH000048431,"NAKHON RATCHASIMA, TH",14.967,102.083,188.0,1993-09-21,68.1,25.3,30.2,23.5
TH000048431,"NAKHON RATCHASIMA, TH",14.967,102.083,188.0,1993-09-22,4.1,27.5,32.7,23.2
TH000048431,"NAKHON RATCHASIMA, TH",14.967,102.083,188.0,1993-09-23,8.9,27.5,30.8,24.8
TH000048431,"NAKHON RATCHASIMA, TH",14.967,102.083,188.0,1993-09-24,34.0,28.3,32.5,24.0
TH000048431,"NAKHON RATCHASIMA, TH",14.967,102.083,188.0,1993-09-25,,28.9,33.1,24.3
TH000048431,"NAKHON RATCHASIMA, TH",14.967,102.083,188.0,1993-09-26,0.0,28.0,33.0,
TH000048431,"NAKHON RATCHASIMA, TH",14.967,102.083,188.0,1993-09-27,0.0,27.3,32.7,24.5
TH000048431,"NAKHON RATCHASIMA, TH",14.967,102.083,188.0,1993-09-28,0.0,26.8,32.6,23.6
TH000048431,"NAKHON RATCHASIMA, TH",14.967,102.083,188.0,1993-09-29,0.5,28.1,33.7,23.5
TH000048431,"NAKHON RATCHASIMA, TH",14.967,102.083,188.0,1993-09-30,0.0,28.3,32.3,23.7
TH000048431,"NAKHON RATCHASIMA, TH",14.967,102.083,188.0,1993-10-01,0.0,26.4,32.0,24.0
TH000048431,"NAKHON RATCHASIMA, TH",14.967,102.083,188.0,1993-10-02,25.9,26.8,31.3,23.5
TH000048431,"NAKHON RATCHASIMA, TH",14.967,102.083,188.0,1993-10-03,7.1,25.4,,23.8
TH000048431,"NAKHON RATCHASIMA, TH",14.967,102.083,188.0,1993-10-04,0.0,27.1,30.3,23.5
TH000048431,"NAKHON RATCHASIMA, TH",14.967,102.083,188.0,1993-10-05,0.0,27.1,30.0,23.5
TH000048431,"NAKHON RATCHASIMA, TH",14.967,102.083,188.0,1993-10-06,0.0,26.1,30.1,21.6
TH000048431,"NAKHON RATCHASIMA, TH",14.967,102.083,188.0,1993-10-07,0.0,26.8,31.0,22.0
TH000048431,"NAKHON RATCHASIMA, TH",14.967,102.083,188.0,1993-10-08,0.0,27.4,31.2,21.3
TH000048431,"NAKHON RATCHASIMA, TH",14.967,102.083,188.0,1993-10-09,0.0,27.6,32.6,22.0
TH000048431,"NAKHON RATCHASIMA, TH",14.967,102.083,188.0,1993-10-10,0.0,27.6,32.2,22.6
TH000048431,"NAKHON RATCHASIMA, TH",14.967,102.083,188.0,1993-10-11,0.0,26.4,30.5,22.3
TH000048431,"NAKHON RATCHASIMA, TH",14.967,102.083,188.0,1993-10-12,0.0,27.6,30.3,23.3
TH000048431,"NAKHON RATCHASIMA, TH",14.967,102.083,188.0,1993-10-13,0.0,27.3,31.3,23.2
TH000048431,"NAKHON RATCHASIMA, TH",14.967,102.083,188.0,1993-10-14,,28.6,32.1,23.5
TH000048431,"NAKHON RATCHASIMA, TH",14.967,102.083,188.0,1993-10-15,0.0,27.4,31.3,23.5
TH000048431,"NAKHON RATCHASIMA, TH",14.967,102.083,188.0,1993-10-16,0.0,27.6,31.8,22.7
TH000048431,"NAKHON RATCHASIMA, TH",14.967,102.083,188.0,1993-10-17,0.0,26.6,31.5,
TH000048431,"NAKHON RATCHASIMA, TH",14.967,102.083,188.0,1993-10-18,11.9,24.1,27.2,
TH000048431,"NAKHON RATCHASIMA, TH",14.967,102.083,188.0,1993-10-19,45.0,23.4,25.1,21.6
TH000048431,"NAKHON RATCHASIMA, TH",14.967,102.083,188.0,1993-10-20,23.1,25.3,,21.5
TH000048431,"NAKHON RATCHASIMA, TH",14.967,102.083,188.0,1993-10-21,0.0,25.9,29.0,22.5
TH000048431,"NAKHON RATCHASIMA, TH",14.967,102.083,188.0,1993-10-22,0.0,26.2,30.4,22.0
TH000048431,"NAKHON RATCHASIMA, TH",14.967,102.083,188.0,1993-10-23,0.0,26.4,29.7,22.2
TH000048431,"NAKHON RATCHASIMA, TH",14.967,102.083,188.0,1993-10-24,0.0,26.5,29.7,23.2
TH000048431,"NAKHON RATCHASIMA, TH",14.967,102.083,188.0,1993-10-25,0.0,25.3,29.0,23.0
TH000048431,"NAKHON RATCHASIMA, TH",14.967,102.083,188.0,1993-10-26,3.0,26.6,30.0,22.6
TH000048431,"NAKHON RATCHASIMA, TH",14.967,102.083,188.0,1993-10-27,0.0,27.3,32.5,23.2
TH000048431,"NAKHON RATCHASIMA, TH",14.967,102.083,188.0,1993-10-28,0.0,27.7,32.2,23.7
TH000048431,"NAKHON RATCHASIMA, TH",14.967,102.083,188.0,1993-10-29,0.0,27.6,,24.0
TH000048431,"NAKHON RATCHASIMA, TH",14.967,102.083,188.0,1993-10-30,0.0,26.1,30.0,
TH000048431,"NAKHON RATCHASIMA, TH",14.967,102.083,188.0,1993-10-31,0.0,23.8,27.5,19.5
TH000048431,"NAKHON RATCHASIMA, TH",14.967,102.083,188.0,1993-11-01,0.0,23.2,27.2,
TH000048431,"NAKHON RATCHASIMA, TH",14.967,102.083,188.0,1993-11-02,0.0,22.1,28.0,
TH000048431,"NAKHON RATCHASIMA, TH",14.967,102.083,188.0,1993-11-03,0.0,22.6,28.3,15.3
TH000048431,"NAKHON RATCHASIMA, TH",14.967,102.083,188.0,1993-11-04,0.0,23.5,30.3,17.0
TH000048431,"NAKHON RATCHASIMA, TH",14.967,102.083,188.0,1993-11-05,0.0,25.1,31.7,17.6
TH000048431,"NAKHON RATCHASIMA, TH",14.967,102.083,188.0,1993-11-06,0.0,25.7,31.8,18.5
TH000048431,"NAKHON RATCHASIMA, TH",14.967,102.083,188.0,1993-11-07,0.0,26.8,33.0,20.2
TH000048431,"NAKHON RATCHASIMA, TH",14.967,102.083,188.0,1993-11-08,0.0,26.2,32.1,20.9
TH000048431,"NAKHON RATCHASIMA, TH",14.967,102.083,188.0,1993-11-09,0.0,25.9,32.2,20.7
TH000048431,"NAKHON RATCHASIMA, TH",14.967,102.083,188.0,1993-11-10,0.0,26.3,32.6,21.0
TH000048431,"NAKHON RATCHASIMA, TH",14.967,102.083,188.0,1993-11-11,0.0,26.5,32.4,21.2
TH000048431,"NAKHON RATCHASIMA, TH",14.967,102.083,188.0,1993-11-12,102.1,26.0,32.3,
TH000048431,"NAKHON RATCHASIMA, TH",14.967,102.083,188.0,1993-11-13,0.0,25.2,32.0,19.4
TH000048431,"NAKHON RATCHASIMA, TH",14.967,102.083,188.0,1993-11-14,0.0,25.5,33.5,19.2
TH000048431,"NAKHON RATCHASIMA, TH",14.967,102.083,188.0,1993-11-15,0.0,26.4,33.7,20.4
TH000048431,"NAKHON RATCHASIMA, TH",14.967,102.083,188.0,1993-11-16,0.0,26.7,33.4,19.0
TH000048431,"NAKHON RATCHASIMA, TH",14.967,102.083,188.0,1993-11-17,0.0,27.8,33.2,20.6
TH000048431,"NAKHON RATCHASIMA, TH",14.967,102.083,188.0,1993-11-18,0.0,27.5,32.3,21.3
TH000048431,"NAKHON RATCHASIMA, TH",14.967,102.083,188.0,1993-11-19,0.0,27.7,32.3,
TH000048431,"NAKHON RATCHASIMA, TH",14.967,102.083,188.0,1993-11-20,0.0,27.1,,22.2
TH000048431,"NAKHON RATCHASIMA, TH",14.967,102.083,188.0,1993-11-21,,26.3,30.1,
TH000048431,"NAKHON RATCHASIMA, TH",14.967,102.083,188.0,1993-11-22,0.0,24.2,29.2,
TH000048431,"NAKHON RATCHASIMA, TH",14.967,102.083,188.0,1993-11-23,0.0,24.2,29.5,18.7
TH000048431,"NAKHON RATCHASIMA, TH",14.967,102.083,188.0,1993-11-24,0.0,22.9,26.5,
TH000048431,"NAKHON RATCHASIMA, TH",14.967,102.083,188.0,1993-11-25,0.0,22.1,25.1,18.7
TH000048431,"NAKHON RATCHASIMA, TH",14.967,102.083,188.0,1993-11-26,0.0,25.8,29.2,
TH000048431,"NAKHON RATCHASIMA, TH",14.967,102.083,188.0,1993-11-27,0.0,25.2,29.3,21.3
TH000048431,"NAKHON RATCHASIMA, TH",14.967,102.083,188.0,1993-11-28,0.0,25.1,29.5,21.7
TH000048431,"NAKHON RATCHASIMA, TH",14.967,102.083,188.0,1993-11-29,0.0,26.4,30.7,22.0
TH000048431,"NAKHON RATCHASIMA, TH",14.967,102.083,188.0,1993-11-30,0.0,27.1,32.2,22.6
TH000048431,"NAKHON RATCHASIMA, TH",14.967,102.083,188.0,1993-12-01,0.0,26.9,32.0,22.2
TH000048431,"NAKHON RATCHASIMA, TH",14.967,102.083,188.0,1993-12-02,0.0,26.0,31.8,
TH000048431,"NAKHON RATCHASIMA, TH",14.967,102.083,188.0,1993-12-03,0.0,26.6,,20.3
TH000048431,"NAKHON RATCHASIMA, TH",14.967,102.083,188.0,1993-12-04,0.0,27.2,32.5,22.0
TH000048431,"NAKHON RATCHASIMA, TH",14.967,102.083,188.0,1993-12-05,0.0,26.2,32.0,
TH000048431,"NAKHON RATCHASIMA, TH",14.967,102.083,188.0,1993-12-06,0.0,23.5,28.9,
TH000048431,"NAKHON RATCHASIMA, TH",14.967,102.083,188.0,1993-12-07,0.0,21.6,26.9,17.2
TH000048431,"NAKHON RATCHASIMA, TH",14.967,102.083,188.0,1993-12-08,0.0,20.9,26.5,
TH000048431,"NAKHON RATCHASIMA, TH",14.967,102.083,188.0,1993-12-09,,25.2,,15.2
TH000048431,"NAKHON RATCHASIMA, TH",14.967,102.083,188.0,1993-12-10,3.0,21.9,23.2,20.5
TH000048431,"NAKHON RATCHASIMA, TH",14.967,102.083,188.0,1993-12-11,7.1,24.8,29.4,20.5
TH000048431,"NAKHON RATCHASIMA, TH",14.967,102.083,188.0,1993-12-12,0.0,26.7,31.8,21.7
TH000048431,"NAKHON RATCHASIMA, TH",14.967,102.083,188.0,1993-12-13,0.0,27.1,32.7,20.7
TH000048431,"NAKHON RATCHASIMA, TH",14.967,102.083,188.0,1993-12-14,0.0,27.1,32.5,21.3
TH000048431,"NAKHON RATCHASIMA, TH",14.967,102.083,188.0,1993-12-15,0.0,25.6,29.8,
TH000048431,"NAKHON RATCHASIMA, TH",14.967,102.083,188.0,1993-12-16,51.1,22.9,,
TH000048431,"NAKHON RATCHASIMA, TH",14.967,102.083,188.0,1993-12-17,0.0,20.3,25.0,15.9
TH000048431,"NAKHON RATCHASIMA, TH",14.967,102.083,188.0,1993-12-18,0.0,20.1,25.7,14.0
TH000048431,"NAKHON RATCHASIMA, TH",14.967,102.083,188.0,1993-12-19,0.0,21.6,26.7,
TH000048431,"NAKHON RATCHASIMA, TH",14.967,102.083,188.0,1993-12-20,0.0,22.9,28.0,15.5
TH000048431,"NAKHON RATCHASIMA, TH",14.967,102.083,188.0,1993-12-21,0.0,22.9,28.5,
TH000048431,"NAKHON RATCHASIMA, TH",14.967,102.083,188.0,1993-12-22,0.0,21.1,25.6,
TH000048431,"NAKHON RATCHASIMA, TH",14.967,102.083,188.0,1993-12-23,0.0,21.3,25.8,
TH000048431,"NAKHON RATCHASIMA, TH",14.967,102.083,188.0,1993-12-24,0.0,19.3,24.8,13.8
TH000048431,"NAKHON RATCHASIMA, TH",14.967,102.083,188.0,1993-12-25,0.0,19.2,25.1,13.0
TH000048431,"NAKHON RATCHASIMA, TH",14.967,102.083,188.0,1993-12-26,0.0,18.8,25.1,11.7
TH000048431,"NAKHON RATCHASIMA, TH",14.967,102.083,188.0,1993-12-27,0.0,19.5,,13.7
TH000048431,"NAKHON RATCHASIMA, TH",14.967,102.083,188.0,1993-12-28,0.0,20.7,27.0,11.3
TH000048431,"NAKHON RATCHASIMA, TH",14.967,102.083,188.0,1993-12-29,0.0,19.7,28.1,
TH000048431,"NAKHON RATCHASIMA, TH",14.967,102.083,188.0,1993-12-30,0.0,22.4,29.3,13.4
TH000048431,"NAKHON RATCHASIMA, TH",14.967,102.083,188.0,1993-12-31,0.0,24.2,30.2,14.7
TH000048431,"NAKHON RATCHASIMA, TH",14.967,102.083,188.0,1994-01-01,0.0,23.1,29.4,15.3
TH000048431,"NAKHON RATCHASIMA, TH",14.967,102.083,188.0,1994-01-02,0.0,22.7,30.5,17.5
TH000048431,"NAKHON RATCHASIMA, TH",14.967,102.083,188.0,1994-01-03,,24.6,33.3,17.4
TH000048431,"NAKHON RATCHASIMA, TH",14.967,102.083,188.0,1994-01-04,0.0,25.9,33.1,17.8
TH000048431,"NAKHON RATCHASIMA, TH",14.967,102.083,188.0,1994-01-05,181.1,27.2,34.7,20.2
TH000048431,"NAKHON RATCHASIMA, TH",14.967,102.083,188.0,1994-01-06,51.1,27.9,32.8,19.8
TH000048431,"NAKHON RATCHASIMA, TH",14.967,102.083,188.0,1994-01-07,0.0,24.6,31.9,
TH000048431,"NAKHON RATCHASIMA, TH",14.967,102.083,188.0,1994-01-08,0.0,22.7,30.4,16.6
TH000048431,"NAKHON RATCHASIMA, TH",14.967,102.083,188.0,1994-01-09,0.0,24.6,31.7,17.0
TH000048431,"NAKHON RATCHASIMA, TH",14.967,102.083,188.0,1994-01-10,50.0,25.7,33.7,18.0
TH000048431,"NAKHON RATCHASIMA, TH",14.967,102.083,188.0,1994-01-11,0.0,26.4,34.7,18.7
TH000048431,"NAKHON RATCHASIMA, TH",14.967,102.083,188.0,1994-01-12,101.1,26.4,34.2,19.4
TH000048431,"NAKHON RATCHASIMA, TH",14.967,102.083,188.0,1994-01-13,0.0,27.4,34.8,21.0
TH000048431,"NAKHON RATCHASIMA, TH",14.967,102.083,188.0,1994-01-14,0.0,27.4,33.7,21.7
TH000048431,"NAKHON RATCHASIMA, TH",14.967,102.083,188.0,1994-01-15,0.0,28.2,33.7,23.1
TH000048431,"NAKHON RATCHASIMA, TH",14.967,102.083,188.0,1994-01-16,0.0,27.9,34.2,22.5
TH000048431,"NAKHON RATCHASIMA, TH",14.967,102.083,188.0,1994-01-17,,29.4,35.3,20.7
TH000048431,"NAKHON RATCHASIMA, TH",14.967,102.083,188.0,1994-01-18,52.1,28.0,35.3,21.5
TH000048431,"NAKHON RATCHASIMA, TH",14.967,102.083,188.0,1994-01-19,0.0,25.5,31.2,21.2
TH000048431,"NAKHON RATCHASIMA, TH",14.967,102.083,188.0,1994-01-20,0.0,26.2,32.4,20.5
TH000048431,"NAKHON RATCHASIMA, TH",14.967,102.083,188.0,1994-01-21,0.0,23.4,28.8,19.2
TH000048431,"NAKHON RATCHASIMA, TH",14.967,102.083,188.0,1994-01-22,0.0,23.4,29.0,16.8
TH000048431,"NAKHON RATCHASIMA, TH",14.967,102.083,188.0,1994-01-23,52.1,19.8,25.8,15.4
TH000048431,"NAKHON RATCHASIMA, TH",14.967,102.083,188.0,1994-01-24,0.0,19.9,26.2,14.0
TH000048431,"NAKHON RATCHASIMA, TH",14.967,102.083,188.0,1994-01-25,0.0,20.9,27.6,15.3
TH000048431,"NAKHON RATCHASIMA, TH",14.967,102.083,188.0,1994-01-26,0.0,21.1,,14.2
TH000048431,"NAKHON RATCHASIMA, TH",14.967,102.083,188.0,1994-01-27,0.0,22.3,30.5,14.7
TH000048431,"NAKHON RATCHASIMA, TH",14.967,102.083,188.0,1994-01-28,0.0,21.7,29.7,14.5
TH000048431,"NAKHON RATCHASIMA, TH",14.967,102.083,188.0,1994-01-29,0.0,23.9,32.5,15.2
TH000048431,"NAKHON RATCHASIMA, TH",14.967,102.083,188.0,1994-01-30,150.9,24.9,33.0,17.1
TH000048431,"NAKHON RATCHASIMA, TH",14.967,102.083,188.0,1994-01-31,0.0,25.1,33.2,17.3
TH000048431,"NAKHON RATCHASIMA, TH",14.967,102.083,188.0,1994-02-01,0.0,26.4,33.2,18.5
TH000048431,"NAKHON RATCHASIMA, TH",14.967,102.083,188.0,1994-02-02,0.0,26.2,31.5,19.0
TH000048431,"NAKHON RATCHASIMA, TH",14.967,102.083,188.0,1994-02-03,0.0,26.8,31.2,21.4
TH000048431,"NAKHON RATCHASIMA, TH",14.967,102.083,188.0,1994-02-04,1.0,27.8,33.1,
TH000048431,"NAKHON RATCHASIMA, TH",14.967,102.083,188.0,1994-02-05,0.0,28.3,34.8,21.5
TH000048431,"NAKHON RATCHASIMA, TH",14.967,102.083,188.0,1994-02-06,0.0,29.4,36.2,22.5
TH000048431,"NAKHON RATCHASIMA, TH",14.967,102.083,188.0,1994-02-07,0.0,29.8,37.0,23.4
TH000048431,"NAKHON RATCHASIMA, TH",14.967,102.083,188.0,1994-02-08,0.0,29.8,36.6,24.8
TH000048431,"NAKHON RATCHASIMA, TH",14.967,102.083,188.0,1994-02-09,18.0,27.9,35.0,23.1
TH000048431,"NAKHON RATCHASIMA, TH",14.967,102.083,188.0,1994-02-10,2.0,27.9,33.2,
TH000048431,"NAKHON RATCHASIMA, TH",14.967,102.083,188.0,1994-02-11,0.0,28.8,35.1,23.3
TH000048431,"NAKHON RATCHASIMA, TH",14.967,102.083,188.0,1994-02-12,0.0,29.0,35.5,23.8
TH000048431,"NAKHON RATCHASIMA, TH",14.967,102.083,188.0,1994-02-13,0.0,28.1,35.1,24.2
TH000048431,"NAKHON RATCHASIMA, TH",14.967,102.083,188.0,1994-02-14,2.0,27.6,34.5,23.7
TH000048431,"NAKHON RATCHASIMA, TH",14.967,102.083,188.0,1994-02-15,51.1,28.8,,
TH000048431,"NAKHON RATCHASIMA, TH",14.967,102.083,188.0,1994-02-16,0.0,30.3,36.0,24.0
TH000048431,"NAKHON RATCHASIMA, TH",14.967,102.083,188.0,1994-02-17,0.0,29.6,36.7,24.1
TH000048431,"NAKHON RATCHASIMA, TH",14.967,102.083,188.0,1994-02-18,0.0,30.1,37.1,23.4
TH000048431,"NAKHON RATCHASIMA, TH",14.967,102.083,188.0,1994-02-19,0.0,29.6,37.5,23.1
TH000048431,"NAKHON RATCHASIMA, TH",14.967,102.083,188.0,1994-02-20,0.0,29.2,37.9,22.2
TH000048431,"NAKHON RATCHASIMA, TH",14.967,102.083,188.0,1994-02-21,0.0,28.6,37.0,20.5
TH000048431,"NAKHON RATCHASIMA, TH",14.967,102.083,188.0,1994-02-22,0.0,28.6,36.6,19.0
TH000048431,"NAKHON RATCHASIMA, TH",14.967,102.083,188.0,1994-02-23,0.0,28.6,37.3,22.0
TH000048431,"NAKHON RATCHASIMA, TH",14.967,102.083,188.0,1994-02-24,0.0,25.2,37.7,19.6
TH000048431,"NAKHON RATCHASIMA, TH",14.967,102.083,188.0,1994-02-25,0.0,29.6,37.3,19.8
TH000048431,"NAKHON RATCHASIMA, TH",14.967,102.083,188.0,1994-02-26,0.0,29.1,35.5,22.6
TH000048431,"NAKHON RATCHASIMA, TH",14.967,102.083,188.0,1994-02-27,0.0,29.4,34.7,22.6
TH000048431,"NAKHON RATCHASIMA, TH",14.967,102.083,188.0,1994-02-28,102.1,27.4,32.6,22.3
TH000048431,"NAKHON RATCHASIMA, TH",14.967,102.083,188.0,1994-03-01,0.0,26.5,32.7,20.6
TH000048431,"NAKHON RATCHASIMA, TH",14.967,102.083,188.0,1994-03-02,0.0,25.0,31.2,19.2
TH000048431,"NAKHON RATCHASIMA, TH",14.967,102.083,188.0,1994-03-03,0.0,25.8,32.3,20.2
TH000048431,"NAKHON RATCHASIMA, TH",14.967,102.083,188.0,1994-03-04,0.0,27.4,33.5,19.5
TH000048431,"NAKHON RATCHASIMA, TH",14.967,102.083,188.0,1994-03-05,0.0,29.3,35.6,22.0
TH000048431,"NAKHON RATCHASIMA, TH",14.967,102.083,188.0,1994-03-06,0.0,30.2,35.6,21.8
TH000048431,"NAKHON RATCHASIMA, TH",14.967,102.083,188.0,1994-03-07,0.0,29.0,37.4,22.8
TH000048431,"NAKHON RATCHASIMA, TH",14.967,102.083,188.0,1994-03-08,0.0,31.1,38.7,21.6
TH000048431,"NAKHON RATCHASIMA, TH",14.967,102.083,188.0,1994-03-09,0.0,30.7,38.9,23.6
TH000048431,"NAKHON RATCHASIMA, TH",14.967,102.083,188.0,1994-03-10,0.0,28.5,37.2,
TH000048431,"NAKHON RATCHASIMA, TH",14.967,102.083,188.0,1994-03-11,0.0,28.7,34.8,24.2
TH000048431,"NAKHON RATCHASIMA, TH",14.967,102.083,188.0,1994-03-12,0.0,28.3,37.7,24.2
TH000048431,"NAKHON RATCHASIMA, TH",14.967,102.083,188.0,1994-03-13,0.0,29.0,36.7,23.5
TH000048431,"NAKHON RATCHASIMA, TH",14.967,102.083,188.0,1994-03-14,0.0,27.1,31.7,22.7
TH000048431,"NAKHON RATCHASIMA, TH",14.967,102.083,188.0,1994-03-15,0.0,27.3,35.5,
TH000048431,"NAKHON RATCHASIMA, TH",14.967,102.083,188.0,1994-03-16,2.0,29.4,35.7,22.7
TH000048431,"NAKHON RATCHASIMA, TH",14.967,102.083,188.0,1994-03-17,0.0,28.9,37.0,23.6
TH000048431,"NAKHON RATCHASIMA, TH",14.967,102.083,188.0,1994-03-18,52.1,26.9,33.3,22.4
TH000048431,"NAKHON RATCHASIMA, TH",14.967,102.083,188.0,1994-03-19,0.0,28.9,34.2,24.4
TH000048431,"NAKHON RATCHASIMA, TH",14.967,102.083,188.0,1994-03-20,0.0,27.5,33.5,
TH000048431,"NAKHON RATCHASIMA, TH",14.967,102.083,188.0,1994-03-21,0.0,27.8,32.7,23.2
TH000048431,"NAKHON RATCHASIMA, TH",14.967,102.083,188.0,1994-03-22,,27.9,35.0,23.2
TH000048431,"NAKHON RATCHASIMA, TH",14.967,102.083,188.0,1994-03-23,10.9,22.8,26.8,
TH000048431,"NAKHON RATCHASIMA, TH",14.967,102.083,188.0,1994-03-24,2.0,19.6,24.5,17.4
TH000048431,"NAKHON RATCHASIMA, TH",14.967,102.083,188.0,1994-03-25,0.3,24.9,29.0,18.5
TH000048431,"NAKHON RATCHASIMA, TH",14.967,102.083,188.0,1994-03-26,0.0,27.2,32.0,21.7
TH000048431,"NAKHON RATCHASIMA, TH",14.967,102.083,188.0,1994-03-27,0.0,26.6,32.2,22.2
TH000048431,"NAKHON RATCHASIMA, TH",14.967,102.083,188.0,1994-03-28,0.0,26.3,31.9,22.4
TH000048431,"NAKHON RATCHASIMA, TH",14.967,102.083,188.0,1994-03-29,0.0,28.4,33.7,22.1
TH000048431,"NAKHON RATCHASIMA, TH",14.967,102.083,188.0,1994-03-30,,28.7,36.3,23.2
TH000048431,"NAKHON RATCHASIMA, TH",14.967,102.083,188.0,1994-03-31,1.0,27.7,35.5,22.9
TH000048431,"NAKHON RATCHASIMA, TH",14.967,102.083,188.0,1994-04-01,,30.3,37.0,22.7
TH000048431,"NAKHON RATCHASIMA, TH",14.967,102.083,188.0,1994-04-02,0.0,29.8,36.7,24.8
TH000048431,"NAKHON RATCHASIMA, TH",14.967,102.083,188.0,1994-04-03,0.0,28.9,36.7,24.3
TH000048431,"NAKHON RATCHASIMA, TH",14.967,102.083,188.0,1994-04-04,0.0,30.0,37.3,24.8
TH000048431,"NAKHON RATCHASIMA, TH",14.967,102.083,188.0,1994-04-05,0.0,32.2,37.7,25.0
TH000048431,"NAKHON RATCHASIMA, TH",14.967,102.083,188.0,1994-04-06,0.0,30.5,38.3,24.8
TH000048431,"NAKHON RATCHASIMA, TH",14.967,102.083,188.0,1994-04-07,0.5,31.2,39.0,24.4
TH000048431,"NAKHON RATCHASIMA, TH",14.967,102.083,188.0,1994-04-08,0.0,30.8,39.0,23.1
TH000048431,"NAKHON RATCHASIMA, TH",14.967,102.083,188.0,1994-04-09,0.0,31.9,39.7,22.3
TH000048431,"NAKHON RATCHASIMA, TH",14.967,102.083,188.0,1994-04-10,0.0,31.6,39.8,24.0
TH000048431,"NAKHON RATCHASIMA, TH",14.967,102.083,188.0,1994-04-11,0.0,32.2,40.2,22.3
TH000048431,"NAKHON RATCHASIMA, TH",14.967,102.083,188.0,1994-04-12,0.0,33.2,39.6,24.6
TH000048431,"NAKHON RATCHASIMA, TH",14.967,102.083,188.0,1994-04-13,0.0,28.6,36.5,
TH000048431,"NAKHON RATCHASIMA, TH",14.967,102.083,188.0,1994-04-14,1.0,29.6,35.3,
TH000048431,"NAKHON RATCHASIMA, TH",14.967,102.083,188.0,1994-04-15,8.9,29.8,35.5,23.5
TH000048431,"NAKHON RATCHASIMA, TH",14.967,102.083,188.0,1994-04-16,0.0,29.7,37.3,25.0
TH000048431,"NAKHON RATCHASIMA, TH",14.967,102.083,188.0,1994-04-17,2.0,28.3,36.0,
TH000048431,"NAKHON RATCHASIMA, TH",14.967,102.083,188.0,1994-04-18,0.0,30.9,37.8,23.7
TH000048431,"NAKHON RATCHASIMA, TH",14.967,102.083,188.0,1994-04-19,102.1,30.9,38.5,25.7
TH000048431,"NAKHON RATCHASIMA, TH",14.967,102.083,188.0,1994-04-20,0.0,30.4,37.4,26.0
TH000048431,"NAKHON RATCHASIMA, TH",14.967,102.083,188.0,1994-04-21,0.0,30.4,37.3,25.3
TH000048431,"NAKHON RATCHASIMA, TH",14.967,102.083,188.0,1994-04-22,0.0,30.0,38.0,26.0
TH000048431,"NAKHON RATCHASIMA, TH",14.967,102.083,188.0,1994-04-23,2.0,29.2,37.3,
TH000048431,"NAKHON RATCHASIMA, TH",14.967,102.083,188.0,1994-04-24,8.9,31.4,37.5,25.4
TH000048431,"NAKHON RATCHASIMA, TH",14.967,102.083,188.0,1994-04-25,0.0,31.5,38.0,
TH000048431,"NAKHON RATCHASIMA, TH",14.967,102.083,188.0,1994-04-26,0.0,32.5,37.7,26.0
TH000048431,"NAKHON RATCHASIMA, TH",14.967,102.083,188.0,1994-04-27,0.0,29.6,38.5,
TH000048431,"NAKHON RATCHASIMA, TH",14.967,102.083,188.0,1994-04-28,0.0,29.9,38.0,25.3
TH000048431,"NAKHON RATCHASIMA, TH",14.967,102.083,188.0,1994-04-29,0.0,30.4,37.7,25.5
TH000048431,"NAKHON RATCHASIMA, TH",14.967,102.083,188.0,1994-04-30,0.0,31.8,39.3,26.0
TH000048431,"NAKHON RATCHASIMA, TH",14.967,102.083,188.0,1994-05-01,0.0,32.8,39.5,26.4
TH000048431,"NAKHON RATCHASIMA, TH",14.967,102.083,188.0,1994-05-02,0.0,32.9,40.0,25.7
TH000048431,"NAKHON RATCHASIMA, TH",14.967,102.083,188.0,1994-05-03,0.0,32.6,38.7,
TH000048431,"NAKHON RATCHASIMA, TH",14.967,102.083,188.0,1994-05-04,0.0,32.9,38.5,26.0
TH000048431,"NAKHON RATCHASIMA, TH",14.967,102.083,188.0,1994-05-05,0.0,33.4,39.0,26.2
TH000048431,"NAKHON RATCHASIMA, TH",14.967,102.083,188.0,1994-05-06,0.0,29.7,36.3,
TH000048431,"NAKHON RATCHASIMA, TH",14.967,102.083,188.0,1994-05-07,89.9,27.2,34.3,
TH000048431,"NAKHON RATCHASIMA, TH",14.967,102.083,188.0,1994-05-08,71.9,27.0,33.2,23.2
TH000048431,"NAKHON RATCHASIMA, TH",14.967,102.083,188.0,1994-05-09,3.0,26.4,32.0,24.7
TH000048431,"NAKHON RATCHASIMA, TH",14.967,102.083,188.0,1994-05-10,5.1,26.9,31.1,24.3
TH000048431,"NAKHON RATCHASIMA, TH",14.967,102.083,188.0,1994-05-11,9.9,28.7,33.9,24.5
TH000048431,"NAKHON RATCHASIMA, TH",14.967,102.083,188.0,1994-05-12,0.0,30.1,35.8,24.7
TH000048431,"NAKHON RATCHASIMA, TH",14.967,102.083,188.0,1994-05-13,0.0,29.2,35.6,25.6
TH000048431,"NAKHON RATCHASIMA, TH",14.967,102.083,188.0,1994-05-14,0.0,29.4,35.3,25.8
TH000048431,"NAKHON RATCHASIMA, TH",14.967,102.083,188.0,1994-05-15,0.0,31.1,36.7,25.5
TH000048431,"NAKHON RATCHASIMA, TH",14.967,102.083,188.0,1994-05-16,101.1,30.2,35.7,
TH000048431,"NAKHON RATCHASIMA, TH",14.967,102.083,188.0,1994-05-17,0.0,28.8,35.5,26.0
TH000048431,"NAKHON RATCHASIMA, TH",14.967,102.083,188.0,1994-05-18,2.0,24.9,29.8,
TH000048431,"NAKHON RATCHASIMA, TH",14.967,102.083,188.0,1994-05-19,11.9,25.6,31.0,23.5
TH000048431,"NAKHON RATCHASIMA, TH",14.967,102.083,188.0,1994-05-20,27.9,26.8,31.3,24.2
TH000048431,"NAKHON RATCHASIMA, TH",14.967,102.083,188.0,1994-05-21,5.1,27.8,33.0,24.3
TH000048431,"NAKHON RATCHASIMA, TH",14.967,102.083,188.0,1994-05-22,39.1,28.4,32.6,24.4
TH000048431,"NAKHON RATCHASIMA, TH",14.967,102.083,188.0,1994-05-23,3.0,30.3,34.4,24.3
TH000048431,"NAKHON RATCHASIMA, TH",14.967,102.083,188.0,1994-05-24,0.0,30.6,35.7,25.7
TH000048431,"NAKHON RATCHASIMA, TH",14.967,102.083,188.0,1994-05-25,0.0,29.6,33.6,25.6
TH000048431,"NAKHON RATCHASIMA, TH",14.967,102.083,188.0,1994-05-26,0.0,30.4,35.9,26.1
TH000048431,"NAKHON RATCHASIMA, TH",14.967,102.083,188.0,1994-05-27,0.0,28.7,32.1,
TH000048431,"NAKHON RATCHASIMA, TH",14.967,102.083,188.0,1994-05-28,0.0,27.5,34.2,24.8
TH000048431,"NAKHON RATCHASIMA, TH",14.967,102.083,188.0,1994-05-29,3.0,27.3,33.0,24.5
TH000048431,"NAKHON RATCHASIMA, TH",14.967,102.083,188.0,1994-05-30,2.0,27.6,35.2,
TH000048431,"NAKHON RATCHASIMA, TH",14.967,102.083,188.0,1994-05-31,38.1,28.8,33.5,23.2
TH000048431,"NAKHON RATCHASIMA, TH",14.967,102.083,188.0,1994-06-01,0.0,30.0,34.6,26.2
TH000048431,"NAKHON RATCHASIMA, TH",14.967,102.083,188.0,1994-06-02,0.0,29.6,32.8,25.7
TH000048431,"NAKHON RATCHASIMA, TH",14.967,102.083,188.0,1994-06-03,0.0,28.4,33.5,24.8
TH000048431,"NAKHON RATCHASIMA, TH",14.967,102.083,188.0,1994-06-04,3.0,28.4,,25.0
TH000048431,"NAKHON RATCHASIMA, TH",14.967,102.083,188.0,1994-06-05,0.0,29.3,33.7,24.8
TH000048431,"NAKHON RATCHASIMA, TH",14.967,102.083,188.0,1994-06-06,0.0,28.9,34.0,25.5
TH000048431,"NAKHON RATCHASIMA, TH",14.967,102.083,188.0,1994-06-07,108.0,29.6,34.7,25.8
TH000048431,"NAKHON RATCHASIMA, TH",14.967,102.083,188.0,1994-06-08,0.0,29.1,35.0,
TH000048431,"NAKHON RATCHASIMA, TH",14.967,102.083,188.0,1994-06-09,24.9,28.1,31.5,24.8
TH000048431,"NAKHON RATCHASIMA, TH",14.967,102.083,188.0,1994-06-10,0.0,28.1,32.7,25.3
TH000048431,"NAKHON RATCHASIMA, TH",14.967,102.083,188.0,1994-06-11,0.0,29.0,34.6,24.7
TH000048431,"NAKHON RATCHASIMA, TH",14.967,102.083,188.0,1994-06-12,5.1,28.6,34.0,
TH000048431,"NAKHON RATCHASIMA, TH",14.967,102.083,188.0,1994-06-13,140.0,29.9,34.0,25.1
TH000048431,"NAKHON RATCHASIMA, TH",14.967,102.083,188.0,1994-06-14,0.0,30.3,34.7,25.0
TH000048431,"NAKHON RATCHASIMA, TH",14.967,102.083,188.0,1994-06-15,0.0,29.0,34.5,
TH000048431,"NAKHON RATCHASIMA, TH",14.967,102.083,188.0,1994-06-16,0.0,29.9,34.3,26.1
TH000048431,"NAKHON RATCHASIMA, TH",14.967,102.083,188.0,1994-06-17,0.0,29.8,33.3,25.7
TH000048431,"NAKHON RATCHASIMA, TH",14.967,102.083,188.0,1994-06-18,0.0,28.2,33.5,
TH000048431,"NAKHON RATCHASIMA, TH",14.967,102.083,188.0,1994-06-19,1.0,28.5,33.7,23.8
TH000048431,"NAKHON RATCHASIMA, TH",14.967,102.083,188.0,1994-06-20,0.0,27.2,32.0,
TH000048431,"NAKHON RATCHASIMA, TH",14.967,102.083,188.0,1994-06-21,0.0,27.7,32.0,24.2
TH000048431,"NAKHON RATCHASIMA, TH",14.967,102.083,188.0,1994-06-22,0.0,27.9,32.2,24.2
TH000048431,"NAKHON RATCHASIMA, TH",14.967,102.083,188.0,1994-06-23,0.0,26.6,34.0,
TH000048431,"NAKHON RATCHASIMA, TH",14.967,102.083,188.0,1994-06-24,18.0,28.2,33.3,24.7
TH000048431,"NAKHON RATCHASIMA, TH",14.967,102.083,188.0,1994-06-25,0.0,28.7,33.3,24.2
TH000048431,"NAKHON RATCHASIMA, TH",14.967,102.083,188.0,1994-06-26,0.0,28.1,32.2,24.6
TH000048431,"NAKHON RATCHASIMA, TH",14.967,102.083,188.0,1994-06-27,,30.4,34.3,24.7
TH000048431,"NAKHON RATCHASIMA, TH",14.967,102.083,188.0,1994-06-28,39.9,26.8,32.0,22.8
TH000048431,"NAKHON RATCHASIMA, TH",14.967,102.083,188.0,1994-06-29,7.9,26.7,,23.9
TH000048431,"NAKHON RATCHASIMA, TH",14.967,102.083,188.0,1994-06-30,17.0,24.8,26.8,23.4
TH000048431,"NAKHON RATCHASIMA, TH",14.967,102.083,188.0,1994-07-01,5.1,26.4,31.7,22.9
TH000048431,"NAKHON RATCHASIMA, TH",14.967,102.083,188.0,1994-07-02,1.0,28.4,33.3,
TH000048431,"NAKHON RATCHASIMA, TH",14.967,102.083,188.0,1994-07-03,0.0,29.3,34.0,25.0
TH000048431,"NAKHON RATCHASIMA, TH",14.967,102.083,188.0,1994-07-04,0.0,29.5,34.3,24.8
TH000048431,"NAKHON RATCHASIMA, TH",14.967,102.083,188.0,1994-07-05,0.0,28.0,33.6,
TH000048431,"NAKHON RATCHASIMA, TH",14.967,102.083,188.0,1994-07-06,0.0,28.1,33.2,24.3
TH000048431,"NAKHON RATCHASIMA, TH",14.967,102.083,188.0,1994-07-07,0.0,28.7,33.3,24.2
TH000048431,"NAKHON RATCHASIMA, TH",14.967,102.083,188.0,1994-07-08,0.0,28.1,33.7,24.5
TH000048431,"NAKHON RATCHASIMA, TH",14.967,102.083,188.0,1994-07-09,0.0,28.7,32.9,24.5
TH000048431,"NAKHON RATCHASIMA, TH",14.967,102.083,188.0,1994-07-10,,28.1,32.7,
TH000048431,"NAKHON RATCHASIMA, TH",14.967,102.083,188.0,1994-07-11,1.0,27.1,30.5,23.8
TH000048431,"NAKHON RATCHASIMA, TH",14.967,102.083,188.0,1994-07-12,1.0,27.8,31.3,24.2
TH000048431,"NAKHON RATCHASIMA, TH",14.967,102.083,188.0,1994-07-13,0.0,29.1,33.3,25.0
TH000048431,"NAKHON RATCHASIMA, TH",14.967,102.083,188.0,1994-07-14,0.0,28.9,33.7,24.6
TH000048431,"NAKHON RATCHASIMA, TH",14.967,102.083,188.0,1994-07-15,0.0,28.7,33.0,25.1
TH000048431,"NAKHON RATCHASIMA, TH",14.967,102.083,188.0,1994-07-16,0.0,29.1,34.0,25.3
TH000048431,"NAKHON RATCHASIMA, TH",14.967,102.083,188.0,1994-07-17,0.5,29.3,34.2,25.0
TH000048431,"NAKHON RATCHASIMA, TH",14.967,102.083,188.0,1994-07-18,0.0,28.6,33.7,25.5
TH000048431,"NAKHON RATCHASIMA, TH",14.967,102.083,188.0,1994-07-19,1.0,26.4,33.5,24.5
TH000048431,"NAKHON RATCHASIMA, TH",14.967,102.083,188.0,1994-07-20,4.1,28.8,34.1,23.9
TH000048431,"NAKHON RATCHASIMA, TH",14.967,102.083,188.0,1994-07-21,0.0,29.4,34.9,25.0
TH000048431,"NAKHON RATCHASIMA, TH",14.967,102.083,188.0,1994-07-22,0.0,30.4,35.3,24.8
TH000048431,"NAKHON RATCHASIMA, TH",14.967,102.083,188.0,1994-07-23,0.0,30.4,,24.6
TH000048431,"NAKHON RATCHASIMA, TH",14.967,102.083,188.0,1994-07-24,0.0,28.6,34.5,24.6
TH000048431,"NAKHON RATCHASIMA, TH",14.967,102.083,188.0,1994-07-25,0.0,29.1,34.2,25.0
TH000048431,"NAKHON RATCHASIMA, TH",14.967,102.083,188.0,1994-07-26,0.0,29.4,33.7,26.2
TH000048431,"NAKHON RATCHASIMA, TH",14.967,102.083,188.0,1994-07-27,0.0,29.6,34.0,26.4
TH000048431,"NAKHON RATCHASIMA, TH",14.967,102.083,188.0,1994-07-28,0.0,28.1,32.2,
TH000048431,"NAKHON RATCHASIMA, TH",14.967,102.083,188.0,1994-07-29,0.5,28.1,,25.0
TH000048431,"NAKHON RATCHASIMA, TH",14.967,102.083,188.0,1994-07-30,0.0,28.9,32.7,25.0
TH000048431,"NAKHON RATCHASIMA, TH",14.967,102.083,188.0,1994-07-31,0.0,28.6,32.2,
TH000048431,"NAKHON RATCHASIMA, TH",14.967,102.083,188.0,1994-08-01,0.0,27.8,33.5,
TH000048431,"NAKHON RATCHASIMA, TH",14.967,102.083,188.0,1994-08-02,1.0,29.8,34.2,24.5
TH000048431,"NAKHON RATCHASIMA, TH",14.967,102.083,188.0,1994-08-03,0.0,29.0,34.0,
TH000048431,"NAKHON RATCHASIMA, TH",14.967,102.083,188.0,1994-08-04,2.0,27.4,34.0,24.4
TH000048431,"NAKHON RATCHASIMA, TH",14.967,102.083,188.0,1994-08-05,1.0,28.1,34.8,24.5
TH000048431,"NAKHON RATCHASIMA, TH",14.967,102.083,188.0,1994-08-06,4.1,28.6,34.3,24.3
TH000048431,"NAKHON RATCHASIMA, TH",14.967,102.083,188.0,1994-08-07,217.9,28.3,33.6,
TH000048431,"NAKHON RATCHASIMA, TH",14.967,102.083,188.0,1994-08-08,0.0,26.8,32.1,
TH000048431,"NAKHON RATCHASIMA, TH",14.967,102.083,188.0,1994-08-09,5.1,27.4,32.4,24.1
TH000048431,"NAKHON RATCHASIMA, TH",14.967,102.083,188.0,1994-08-10,8.9,27.6,32.3,23.8
TH000048431,"NAKHON RATCHASIMA, TH",14.967,102.083,188.0,1994-08-11,0.0,28.4,33.8,24.3
TH000048431,"NAKHON RATCHASIMA, TH",14.967,102.083,188.0,1994-08-12,0.0,29.7,35.0,24.2
TH000048431,"NAKHON RATCHASIMA, TH",14.967,102.083,188.0,1994-08-13,0.0,30.2,36.5,
TH000048431,"NAKHON RATCHASIMA, TH",14.967,102.083,188.0,1994-08-14,0.0,29.8,34.8,25.5
TH000048431,"NAKHON RATCHASIMA, TH",14.967,102.083,188.0,1994-08-15,0.0,28.9,33.7,25.3
TH000048431,"NAKHON RATCHASIMA, TH",14.967,102.083,188.0,1994-08-16,0.0,28.9,33.8,
TH000048431,"NAKHON RATCHASIMA, TH",14.967,102.083,188.0,1994-08-17,0.5,27.1,31.5,
TH000048431,"NAKHON RATCHASIMA, TH",14.967,102.083,188.0,1994-08-18,0.0,28.2,33.1,24.7
TH000048431,"NAKHON RATCHASIMA, TH",14.967,102.083,188.0,1994-08-19,1.0,27.4,34.8,
TH000048431,"NAKHON RATCHASIMA, TH",14.967,102.083,188.0,1994-08-20,3.0,26.8,33.2,23.8
TH000048431,"NAKHON RATCHASIMA, TH",14.967,102.083,188.0,1994-08-21,0.0,28.7,33.7,23.8
TH000048431,"NAKHON RATCHASIMA, TH",14.967,102.083,188.0,1994-08-22,0.0,28.8,34.0,23.7
TH000048431,"NAKHON RATCHASIMA, TH",14.967,102.083,188.0,1994-08-23,0.0,26.6,29.4,
TH000048431,"NAKHON RATCHASIMA, TH",14.967,102.083,188.0,1994-08-24,0.3,26.4,31.6,23.7
TH000048431,"NAKHON RATCHASIMA, TH",14.967,102.083,188.0,1994-08-25,40.9,25.7,31.8,23.2
TH000048431,"NAKHON RATCHASIMA, TH",14.967,102.083,188.0,1994-08-26,7.1,26.6,31.5,24.3
TH000048431,"NAKHON RATCHASIMA, TH",14.967,102.083,188.0,1994-08-27,212.1,28.5,33.5,24.0
TH000048431,"NAKHON RATCHASIMA, TH",14.967,102.083,188.0,1994-08-28,0.0,28.2,31.8,24.8
TH000048431,"NAKHON RATCHASIMA, TH",14.967,102.083,188.0,1994-08-29,0.5,28.2,32.7,24.3
TH000048431,"NAKHON RATCHASIMA, TH",14.967,102.083,188.0,1994-08-30,0.0,26.8,33.2,
TH000048431,"NAKHON RATCHASIMA, TH",14.967,102.083,188.0,1994-08-31,47.0,26.8,31.5,23.2
TH000048431,"NAKHON RATCHASIMA, TH",14.967,102.083,188.0,1994-09-01,115.1,26.5,30.5,23.5
TH000048431,"NAKHON RATCHASIMA, TH",14.967,102.083,188.0,1994-09-02,0.0,27.2,32.0,23.8
TH000048431,"NAKHON RATCHASIMA, TH",14.967,102.083,188.0,1994-09-03,8.9,27.1,32.4,
TH000048431,"NAKHON RATCHASIMA, TH",14.967,102.083,188.0,1994-09-04,3.0,27.8,,23.7
TH000048431,"NAKHON RATCHASIMA, TH",14.967,102.083,188.0,1994-09-05,0.0,29.3,33.3,24.4
TH000048431,"NAKHON RATCHASIMA, TH",14.967,102.083,188.0,1994-09-06,0.0,28.7,34.0,25.2
TH000048431,"NAKHON RATCHASIMA, TH",14.967,102.083,188.0,1994-09-07,0.0,29.3,33.9,25.2
TH000048431,"NAKHON RATCHASIMA, TH",14.967,102.083,188.0,1994-09-08,,27.7,33.7,24.7
TH000048431,"NAKHON RATCHASIMA, TH",14.967,102.083,188.0,1994-09-09,3.0,28.7,33.3,24.0
TH000048431,"NAKHON RATCHASIMA, TH",14.967,102.083,188.0,1994-09-10,0.0,29.1,34.5,25.2
TH000048431,"NAKHON RATCHASIMA, TH",14.967,102.083,188.0,1994-09-11,7.1,26.7,31.5,24.2
TH000048431,"NAKHON RATCHASIMA, TH",14.967,102.083,188.0,1994-09-12,1.0,28.4,34.0,23.6
TH000048431,"NAKHON RATCHASIMA, TH",14.967,102.083,188.0,1994-09-13,46.0,26.4,31.0,22.2
TH000048431,"NAKHON RATCHASIMA, TH",14.967,102.083,188.0,1994-09-14,0.5,27.1,31.8,24.5
TH000048431,"NAKHON RATCHASIMA, TH",14.967,102.083,188.0,1994-09-15,0.5,27.3,31.8,
TH000048431,"NAKHON RATCHASIMA, TH",14.967,102.083,188.0,1994-09-16,7.1,26.1,29.5,
TH000048431,"NAKHON RATCHASIMA, TH",14.967,102.083,188.0,1994-09-17,20.1,25.7,29.4,22.7
TH000048431,"NAKHON RATCHASIMA, TH",14.967,102.083,188.0,1994-09-18,0.0,27.3,31.8,24.2
TH000048431,"NAKHON RATCHASIMA, TH",14.967,102.083,188.0,1994-09-19,0.0,27.9,32.8,24.0
TH000048431,"NAKHON RATCHASIMA, TH",14.967,102.083,188.0,1994-09-20,0.0,28.0,33.0,24.2
TH000048431,"NAKHON RATCHASIMA, TH",14.967,102.083,188.0,1994-09-21,,27.8,33.6,24.2
TH000048431,"NAKHON RATCHASIMA, TH",14.967,102.083,188.0,1994-09-22,4.1,28.7,,23.8
TH000048431,"NAKHON RATCHASIMA, TH",14.967,102.083,188.0,1994-09-23,0.0,29.0,34.3,24.4
TH000048431,"NAKHON RATCHASIMA, TH",14.967,102.083,188.0,1994-09-24,2.0,27.3,32.7,23.4
TH000048431,"NAKHON RATCHASIMA, TH",14.967,102.083,188.0,1994-09-25,6.1,27.1,31.5,23.0
TH000048431,"NAKHON RATCHASIMA, TH",14.967,102.083,188.0,1994-09-26,1.0,28.1,31.7,24.4
TH000048431,"NAKHON RATCHASIMA, TH",14.967,102.083,188.0,1994-09-27,0.0,28.3,32.2,24.2
TH000048431,"NAKHON RATCHASIMA, TH",14.967,102.083,188.0,1994-09-28,0.0,27.1,31.0,23.5
TH000048431,"NAKHON RATCHASIMA, TH",14.967,102.083,188.0,1994-09-29,6.1,27.8,31.0,23.6
TH000048431,"NAKHON RATCHASIMA, TH",14.967,102.083,188.0,1994-09-30,0.0,27.6,30.3,23.7
TH000048431,"NAKHON RATCHASIMA, TH",14.967,102.083,188.0,1994-10-01,0.0,28.5,,24.4
TH000048431,"NAKHON RATCHASIMA, TH",14.967,102.083,188.0,1994-10-02,9.9,27.8,32.3,23.5
TH000048431,"NAKHON RATCHASIMA, TH",14.967,102.083,188.0,1994-10-03,0.0,26.4,30.5,24.2
TH000048431,"NAKHON RATCHASIMA, TH",14.967,102.083,188.0,1994-10-04,3.0,27.5,31.8,22.8
TH000048431,"NAKHON RATCHASIMA, TH",14.967,102.083,188.0,1994-10-05,9.9,27.0,,
TH000048431,"NAKHON RATCHASIMA, TH",14.967,102.083,188.0,1994-10-06,0.5,27.1,32.0,23.3
TH000048431,"NAKHON RATCHASIMA, TH",14.967,102.083,188.0,1994-10-07,0.0,27.2,32.5,22.9
TH000048431,"NAKHON RATCHASIMA, TH",14.967,102.083,188.0,1994-10-08,0.0,28.2,33.0,22.2
TH000048431,"NAKHON RATCHASIMA, TH",14.967,102.083,188.0,1994-10-09,0.0,26.4,31.9,
TH000048431,"NAKHON RATCHASIMA, TH",14.967,102.083,188.0,1994-10-10,0.0,28.8,33.2,23.3
TH000048431,"NAKHON RATCHASIMA, TH",14.967,102.083,188.0,1994-10-11,0.0,28.4,33.8,23.7
TH000048431,"NAKHON RATCHASIMA, TH",14.967,102.083,188.0,1994-10-12,0.0,25.9,32.2,
TH000048431,"NAKHON RATCHASIMA, TH",14.967,102.083,188.0,1994-10-13,13.0,26.9,32.3,22.8
TH000048431,"NAKHON RATCHASIMA, TH",14.967,102.083,188.0,1994-10-14,0.5,26.1,31.5,22.9
TH000048431,"NAKHON RATCHASIMA, TH",14.967,102.083,188.0,1994-10-15,1.0,28.1,32.2,22.8
TH000048431,"NAKHON RATCHASIMA, TH",14.967,102.083,188.0,1994-10-16,0.0,28.2,32.5,
TH000048431,"NAKHON RATCHASIMA, TH",14.967,102.083,188.0,1994-10-17,0.0,25.5,30.2,23.0
TH000048431,"NAKHON RATCHASIMA, TH",14.967,102.083,188.0,1994-10-18,1.0,27.6,31.7,22.5
TH000048431,"NAKHON RATCHASIMA, TH",14.967,102.083,188.0,1994-10-19,0.0,28.6,32.2,24.3
TH000048431,"NAKHON RATCHASIMA, TH",14.967,102.083,188.0,1994-10-20,0.0,25.7,32.2,
TH000048431,"NAKHON RATCHASIMA, TH",14.967,102.083,188.0,1994-10-21,0.0,23.1,27.0,
TH000048431,"NAKHON RATCHASIMA, TH",14.967,102.083,188.0,1994-10-22,0.0,22.4,27.2,17.6
TH000048431,"NAKHON RATCHASIMA, TH",14.967,102.083,188.0,1994-10-23,0.0,22.1,26.9,16.7
TH000048431,"NAKHON RATCHASIMA, TH",14.967,102.083,188.0,1994-10-24,0.0,21.9,27.1,17.1
TH000048431,"NAKHON RATCHASIMA, TH",14.967,102.083,188.0,1994-10-25,0.0,22.4,27.7,16.7
TH000048431,"NAKHON RATCHASIMA, TH",14.967,102.083,188.0,1994-10-26,0.0,23.6,,17.5
TH000048431,"NAKHON RATCHASIMA, TH",14.967,102.083,188.0,1994-10-27,0.0,24.3,29.4,18.5
TH000048431,"NAKHON RATCHASIMA, TH",14.967,102.083,188.0,1994-10-28,0.0,25.1,30.8,18.8
TH000048431,"NAKHON RATCHASIMA, TH",14.967,102.083,188.0,1994-10-29,0.0,26.7,30.8,20.3
TH000048431,"NAKHON RATCHASIMA, TH",14.967,102.083,188.0,1994-10-30,0.0,25.4,30.0,20.7
TH000048431,"NAKHON RATCHASIMA, TH",14.967,102.083,188.0,1994-10-31,0.0,24.7,29.6,20.0
TH000048431,"NAKHON RATCHASIMA, TH",14.967,102.083,188.0,1994-11-01,0.0,24.6,29.0,19.9
TH000048431,"NAKHON RATCHASIMA, TH",14.967,102.083,188.0,1994-11-02,0.0,24.2,28.8,19.8
TH000048431,"NAKHON RATCHASIMA, TH",14.967,102.083,188.0,1994-11-03,0.0,24.1,28.7,18.8
TH000048431,"NAKHON RATCHASIMA, TH",14.967,102.083,188.0,1994-11-04,0.0,24.2,29.0,19.3
TH000048431,"NAKHON RATCHASIMA, TH",14.967,102.083,188.0,1994-11-05,0.0,25.0,29.8,18.0
TH000048431,"NAKHON RATCHASIMA, TH",14.967,102.083,188.0,1994-11-06,0.0,25.2,29.8,20.2
TH000048431,"NAKHON RATCHASIMA, TH",14.967,102.083,188.0,1994-11-07,0.0,24.9,29.5,20.0
TH000048431,"NAKHON RATCHASIMA, TH",14.967,102.083,188.0,1994-11-08,0.0,24.8,29.8,19.8
TH000048431,"NAKHON RATCHASIMA, TH",14.967,102.083,188.0,1994-11-09,0.0,25.7,29.8,19.5
TH000048431,"NAKHON RATCHASIMA, TH",14.967,102.083,188.0,1994-11-10,0.0,25.2,30.0,19.7
TH000048431,"NAKHON RATCHASIMA, TH",14.967,102.083,188.0,1994-11-11,0.0,25.7,29.6,
TH000048431,"NAKHON RATCHASIMA, TH",14.967,102.083,188.0,1994-11-12,0.0,26.6,30.8,20.7
TH000048431,"NAKHON RATCHASIMA, TH",14.967,102.083,188.0,1994-11-13,0.0,26.7,31.3,20.2
TH000048431,"NAKHON RATCHASIMA, TH",14.967,102.083,188.0,1994-11-14,0.0,26.6,31.8,21.0
TH000048431,"NAKHON RATCHASIMA, TH",14.967,102.083,188.0,1994-11-15,0.0,26.4,31.5,20.3
TH000048431,"NAKHON RATCHASIMA, TH",14.967,102.083,188.0,1994-11-16,0.0,26.8,31.6,21.2
TH000048431,"NAKHON RATCHASIMA, TH",14.967,102.083,188.0,1994-11-17,0.0,26.4,31.1,21.2
TH000048431,"NAKHON RATCHASIMA, TH",14.967,102.083,188.0,1994-11-18,0.3,25.4,29.3,
TH000048431,"NAKHON RATCHASIMA, TH",14.967,102.083,188.0,1994-11-19,0.0,26.5,31.7,21.0
TH000048431,"NAKHON RATCHASIMA, TH",14.967,102.083,188.0,1994-11-20,0.0,26.6,31.6,21.3
TH000048431,"NAKHON RATCHASIMA, TH",14.967,102.083,188.0,1994-11-21,0.0,27.0,30.5,21.2
TH000048431,"NAKHON RATCHASIMA, TH",14.967,102.083,188.0,1994-11-22,0.0,27.8,31.7,23.0
TH000048431,"NAKHON RATCHASIMA, TH",14.967,102.083,188.0,1994-11-23,0.0,26.9,31.3,21.8
TH000048431,"NAKHON RATCHASIMA, TH",14.967,102.083,188.0,1994-11-24,0.0,26.4,30.8,21.3
TH000048431,"NAKHON RATCHASIMA, TH",14.967,102.083,188.0,1994-11-25,0.0,25.3,30.7,20.5
TH000048431,"NAKHON RATCHASIMA, TH",14.967,102.083,188.0,1994-11-26,0.0,25.7,30.9,20.4
TH000048431,"NAKHON RATCHASIMA, TH",14.967,102.083,188.0,1994-11-27,0.0,27.4,32.4,20.5
TH000048431,"NAKHON RATCHASIMA, TH",14.967,102.083,188.0,1994-11-28,0.0,27.7,33.3,23.3
TH000048431,"NAKHON RATCHASIMA, TH",14.967,102.083,188.0,1994-11-29,0.0,27.7,32.7,22.3
TH000048431,"NAKHON RATCHASIMA, TH",14.967,102.083,188.0,1994-11-30,0.0,28.3,33.1,22.4
TH000048431,"NAKHON RATCHASIMA, TH",14.967,102.083,188.0,1994-12-01,0.0,28.3,33.2,24.1
TH000048431,"NAKHON RATCHASIMA, TH",14.967,102.083,188.0,1994-12-02,0.0,28.3,32.8,23.6
TH000048431,"NAKHON RATCHASIMA, TH",14.967,102.083,188.0,1994-12-03,0.0,26.5,32.3,
TH000048431,"NAKHON RATCHASIMA, TH",14.967,102.083,188.0,1994-12-04,0.0,25.9,31.5,21.0
TH000048431,"NAKHON RATCHASIMA, TH",14.967,102.083,188.0,1994-12-05,0.0,26.2,30.3,21.8
TH000048431,"NAKHON RATCHASIMA, TH",14.967,102.083,188.0,1994-12-06,0.0,25.9,29.5,21.6
TH000048431,"NAKHON RATCHASIMA, TH",14.967,102.083,188.0,1994-12-07,0.0,26.7,31.3,20.9
TH000048431,"NAKHON RATCHASIMA, TH",14.967,102.083,188.0,1994-12-08,0.0,24.1,31.8,
TH000048431,"NAKHON RATCHASIMA, TH",14.967,102.083,188.0,1994-12-09,0.0,26.5,33.0,19.5
TH000048431,"NAKHON RATCHASIMA, TH",14.967,102.083,188.0,1994-12-10,0.0,26.5,33.2,20.0
TH000048431,"NAKHON RATCHASIMA, TH",14.967,102.083,188.0,1994-12-11,0.0,26.8,33.7,19.7
TH000048431,"NAKHON RATCHASIMA, TH",14.967,102.083,188.0,1994-12-12,0.0,27.3,33.8,19.8
TH000048431,"NAKHON RATCHASIMA, TH",14.967,102.083,188.0,1994-12-13,0.0,26.4,30.3,22.3
TH000048431,"NAKHON RATCHASIMA, TH",14.967,102.083,188.0,1994-12-14,0.0,26.7,31.7,22.7
TH000048431,"NAKHON RATCHASIMA, TH",14.967,102.083,188.0,1994-12-15,0.0,26.9,32.1,22.4
TH000048431,"NAKHON RATCHASIMA, TH",14.967,102.083,188.0,1994-12-16,0.0,26.2,31.7,21.2
TH000048431,"NAKHON RATCHASIMA, TH",14.967,102.083,188.0,1994-12-17,0.0,26.2,32.2,20.5
TH000048431,"NAKHON RATCHASIMA, TH",14.967,102.083,188.0,1994-12-18,0.0,24.8,28.8,
TH000048431,"NAKHON RATCHASIMA, TH",14.967,102.083,188.0,1994-12-19,0.0,24.8,30.8,20.0
TH000048431,"NAKHON RATCHASIMA, TH",14.967,102.083,188.0,1994-12-20,0.0,25.1,31.1,19.3
TH000048431,"NAKHON RATCHASIMA, TH",14.967,102.083,188.0,1994-12-21,0.0,24.6,29.4,19.3
TH000048431,"NAKHON RATCHASIMA, TH",14.967,102.083,188.0,1994-12-22,0.0,22.7,27.8,17.2
TH000048431,"NAKHON RATCHASIMA, TH",14.967,102.083,188.0,1994-12-23,0.0,23.5,29.2,17.1
TH000048431,"NAKHON RATCHASIMA, TH",14.967,102.083,188.0,1994-12-24,0.0,22.7,30.0,15.7
TH000048431,"NAKHON RATCHASIMA, TH",14.967,102.083,188.0,1994-12-25,0.0,23.0,30.9,15.9
TH000048431,"NAKHON RATCHASIMA, TH",14.967,102.083,188.0,1994-12-26,0.0,23.5,31.5,15.5
TH000048431,"NAKHON RATCHASIMA, TH",14.967,102.083,188.0,1994-12-27,0.0,23.9,31.3,15.5
TH000048431,"NAKHON RATCHASIMA, TH",14.967,102.083,188.0,1994-12-28,0.0,23.7,29.7,16.0
TH000048431,"NAKHON RATCHASIMA, TH",14.967,102.083,188.0,1994-12-29,0.0,22.8,29.4,15.0
TH000048431,"NAKHON RATCHASIMA, TH",14.967,102.083,188.0,1994-12-30,0.0,23.2,30.4,15.2
TH000048431,"NAKHON RATCHASIMA, TH",14.967,102.083,188.0,1994-12-31,0.0,26.6,31.2,
TH000048431,"NAKHON RATCHASIMA, TH",14.967,102.083,188.0,1995-01-01,0.0,24.9,,19.0
TH000048431,"NAKHON RATCHASIMA, TH",14.967,102.083,188.0,1995-01-02,0.0,25.1,31.5,19.0
TH000048431,"NAKHON RATCHASIMA, TH",14.967,102.083,188.0,1995-01-03,0.0,27.9,,
TH000048431,"NAKHON RATCHASIMA, TH",14.967,102.083,188.0,1995-01-04,0.0,25.8,32.2,
TH000048431,"NAKHON RATCHASIMA, TH",14.967,102.083,188.0,1995-01-05,0.0,20.8,31.2,
TH000048431,"NAKHON RATCHASIMA, TH",14.967,102.083,188.0,1995-01-06,0.0,18.8,25.5,13.3
TH000048431,"NAKHON RATCHASIMA, TH",14.967,102.083,188.0,1995-01-07,0.0,19.1,26.8,11.4
TH000048431,"NAKHON RATCHASIMA, TH",14.967,102.083,188.0,1995-01-08,0.0,20.4,28.5,12.0
TH000048431,"NAKHON RATCHASIMA, TH",14.967,102.083,188.0,1995-01-09,0.0,20.7,29.2,12.7
TH000048431,"NAKHON RATCHASIMA, TH",14.967,102.083,188.0,1995-01-10,0.0,22.4,31.8,13.2
TH000048431,"NAKHON RATCHASIMA, TH",14.967,102.083,188.0,1995-01-11,0.0,23.5,32.4,14.0
TH000048431,"NAKHON RATCHASIMA, TH",14.967,102.083,188.0,1995-01-12,0.0,23.5,33.7,16.0
TH000048431,"NAKHON RATCHASIMA, TH",14.967,102.083,188.0,1995-01-13,0.0,24.3,31.4,17.2
TH000048431,"NAKHON RATCHASIMA, TH",14.967,102.083,188.0,1995-01-14,0.0,24.3,30.5,17.7
TH000048431,"NAKHON RATCHASIMA, TH",14.967,102.083,188.0,1995-01-15,0.0,24.2,30.2,18.2
TH000048431,"NAKHON RATCHASIMA, TH",14.967,102.083,188.0,1995-01-16,0.0,24.0,29.5,17.5
TH000048431,"NAKHON RATCHASIMA, TH",14.967,102.083,188.0,1995-01-17,0.0,23.8,30.0,17.2
TH000048431,"NAKHON RATCHASIMA, TH",14.967,102.083,188.0,1995-01-18,0.0,23.5,29.8,17.5
TH000048431,"NAKHON RATCHASIMA, TH",14.967,102.083,188.0,1995-01-19,0.0,24.9,31.3,17.2
TH000048431,"NAKHON RATCHASIMA, TH",14.967,102.083,188.0,1995-01-20,0.0,24.8,31.4,18.2
TH000048431,"NAKHON RATCHASIMA, TH",14.967,102.083,188.0,1995-01-21,0.0,27.4,34.0,18.8
TH000048431,"NAKHON RATCHASIMA, TH",14.967,102.083,188.0,1995-01-22,0.0,28.1,33.4,21.5
TH000048431,"NAKHON RATCHASIMA, TH",14.967,102.083,188.0,1995-01-23,0.0,28.3,33.5,22.5
TH000048431,"NAKHON RATCHASIMA, TH",14.967,102.083,188.0,1995-01-24,0.0,28.4,33.6,24.0
TH000048431,"NAKHON RATCHASIMA, TH",14.967,102.083,188.0,1995-01-25,0.0,27.2,32.0,21.9
TH000048431,"NAKHON RATCHASIMA, TH",14.967,102.083,188.0,1995-01-26,0.0,28.2,32.5,23.4
TH000048431,"NAKHON RATCHASIMA, TH",14.967,102.083,188.0,1995-01-27,0.0,28.8,33.7,24.2
TH000048431,"NAKHON RATCHASIMA, TH",14.967,102.083,188.0,1995-01-28,0.0,25.7,30.3,
TH000048431,"NAKHON RATCHASIMA, TH",14.967,102.083,188.0,1995-01-29,0.0,24.3,29.3,19.4
TH000048431,"NAKHON RATCHASIMA, TH",14.967,102.083,188.0,1995-01-30,0.0,25.2,30.7,19.7
TH000048431,"NAKHON RATCHASIMA, TH",14.967,102.083,188.0,1995-01-31,0.0,23.8,30.5,
TH000048431,"NAKHON RATCHASIMA, TH",14.967,102.083,188.0,1995-02-01,0.0,22.3,28.0,15.4
TH000048431,"NAKHON RATCHASIMA, TH",14.967,102.083,188.0,1995-02-02,0.0,20.9,26.7,14.7
TH000048431,"NAKHON RATCHASIMA, TH",14.967,102.083,188.0,1995-02-03,0.0,21.9,,15.6
TH000048431,"NAKHON RATCHASIMA, TH",14.967,102.083,188.0,1995-02-04,0.0,21.6,28.2,14.2
TH000048431,"NAKHON RATCHASIMA, TH",14.967,102.083,188.0,1995-02-05,0.0,20.2,26.5,
TH000048431,"NAKHON RATCHASIMA, TH",14.967,102.083,188.0,1995-02-06,0.0,20.6,27.0,14.0
TH000048431,"NAKHON RATCHASIMA, TH",14.967,102.083,188.0,1995-02-07,0.0,20.9,27.9,14.9
TH000048431,"NAKHON RATCHASIMA, TH",14.967,102.083,188.0,1995-02-08,0.0,23.3,31.7,14.4
TH000048431,"NAKHON RATCHASIMA, TH",14.967,102.083,188.0,1995-02-09,0.0,24.4,33.0,15.7
TH000048431,"NAKHON RATCHASIMA, TH",14.967,102.083,188.0,1995-02-10,0.0,25.2,,18.0
TH000048431,"NAKHON RATCHASIMA, TH",14.967,102.083,188.0,1995-02-11,0.0,27.9,33.1,20.7
TH000048431,"NAKHON RATCHASIMA, TH",14.967,102.083,188.0,1995-02-12,0.0,27.8,34.6,
TH000048431,"NAKHON RATCHASIMA, TH",14.967,102.083,188.0,1995-02-13,0.0,28.8,36.2,21.0
TH000048431,"NAKHON RATCHASIMA, TH",14.967,102.083,188.0,1995-02-14,0.0,29.2,36.7,21.3
TH000048431,"NAKHON RATCHASIMA, TH",14.967,102.083,188.0,1995-02-15,0.0,29.7,37.2,22.0
TH000048431,"NAKHON RATCHASIMA, TH",14.967,102.083,188.0,1995-02-16,0.0,29.0,36.4,22.6
TH000048431,"NAKHON RATCHASIMA, TH",14.967,102.083,188.0,1995-02-17,0.0,27.7,36.0,21.5
TH000048431,"NAKHON RATCHASIMA, TH",14.967,102.083,188.0,1995-02-18,0.0,27.7,36.9,21.2
TH000048431,"NAKHON RATCHASIMA, TH",14.967,102.083,188.0,1995-02-19,0.0,27.1,38.0,20.0
TH000048431,"NAKHON RATCHASIMA, TH",14.967,102.083,188.0,1995-02-20,0.0,29.2,37.4,17.9
TH000048431,"NAKHON RATCHASIMA, TH",14.967,102.083,188.0,1995-02-21,0.0,29.8,37.3,21.5
TH000048431,"NAKHON RATCHASIMA, TH",14.967,102.083,188.0,1995-02-22,0.0,30.8,37.5,21.8
TH000048431,"NAKHON RATCHASIMA, TH",14.967,102.083,188.0,1995-02-23,0.0,28.9,35.8,23.8
TH000048431,"NAKHON RATCHASIMA, TH",14.967,102.083,188.0,1995-02-24,0.0,28.8,34.3,22.4
TH000048431,"NAKHON RATCHASIMA, TH",14.967,102.083,188.0,1995-02-25,0.0,28.3,34.8,23.7
TH000048431,"NAKHON RATCHASIMA, TH",14.967,102.083,188.0,1995-02-26,0.0,29.1,34.6,23.5
TH000048431,"NAKHON RATCHASIMA, TH",14.967,102.083,188.0,1995-02-27,0.0,29.9,36.0,23.5
TH000048431,"NAKHON RATCHASIMA, TH",14.967,102.083,188.0,1995-02-28,0.0,28.7,35.2,
TH000048431,"NAKHON RATCHASIMA, TH",14.967,102.083,188.0,1995-03-01,4.1,28.9,36.3,23.2
TH000048431,"NAKHON RATCHASIMA, TH",14.967,102.083,188.0,1995-03-02,0.0,28.8,37.2,22.0
TH000048431,"NAKHON RATCHASIMA, TH",14.967,102.083,188.0,1995-03-03,0.0,29.2,37.5,21.3
TH000048431,"NAKHON RATCHASIMA, TH",14.967,102.083,188.0,1995-03-04,0.0,24.6,28.7,
TH000048431,"NAKHON RATCHASIMA, TH",14.967,102.083,188.0,1995-03-05,0.0,25.5,31.7,19.2
TH000048431,"NAKHON RATCHASIMA, TH",14.967,102.083,188.0,1995-03-06,0.0,29.2,34.8,20.6
TH000048431,"NAKHON RATCHASIMA, TH",14.967,102.083,188.0,1995-03-07,0.0,29.7,37.0,23.3
TH000048431,"NAKHON RATCHASIMA, TH",14.967,102.083,188.0,1995-03-08,0.0,31.1,38.1,24.4
TH000048431,"NAKHON RATCHASIMA, TH",14.967,102.083,188.0,1995-03-09,0.0,31.3,37.7,25.0
TH000048431,"NAKHON RATCHASIMA, TH",14.967,102.083,188.0,1995-03-10,0.0,29.3,38.1,24.5
TH000048431,"NAKHON RATCHASIMA, TH",14.967,102.083,188.0,1995-03-11,0.0,31.1,37.8,20.6
TH000048431,"NAKHON RATCHASIMA, TH",14.967,102.083,188.0,1995-03-12,0.0,32.4,39.3,25.0
TH000048431,"NAKHON RATCHASIMA, TH",14.967,102.083,188.0,1995-03-13,0.0,30.8,38.7,
TH000048431,"NAKHON RATCHASIMA, TH",14.967,102.083,188.0,1995-03-14,0.0,31.7,38.5,25.0
TH000048431,"NAKHON RATCHASIMA, TH",14.967,102.083,188.0,1995-03-15,0.0,31.7,38.7,23.4
TH000048431,"NAKHON RATCHASIMA, TH",14.967,102.083,188.0,1995-03-16,0.0,32.1,38.2,24.3
TH000048431,"NAKHON RATCHASIMA, TH",14.967,102.083,188.0,1995-03-17,0.0,32.1,38.7,24.2
TH000048431,"NAKHON RATCHASIMA, TH",14.967,102.083,188.0,1995-03-18,0.0,28.9,,
TH000048431,"NAKHON RATCHASIMA, TH",14.967,102.083,188.0,1995-03-19,15.0,26.4,31.2,
TH000048431,"NAKHON RATCHASIMA, TH",14.967,102.083,188.0,1995-03-20,0.0,27.3,,22.5
TH000048431,"NAKHON RATCHASIMA, TH",14.967,102.083,188.0,1995-03-21,0.0,30.2,36.0,22.5
TH000048431,"NAKHON RATCHASIMA, TH",14.967,102.083,188.0,1995-03-22,0.0,29.1,34.3,
TH000048431,"NAKHON RATCHASIMA, TH",14.967,102.083,188.0,1995-03-23,0.0,29.9,36.0,24.5
TH000048431,"NAKHON RATCHASIMA, TH",14.967,102.083,188.0,1995-03-24,0.0,29.1,36.4,24.8
TH000048431,"NAKHON RATCHASIMA, TH",14.967,102.083,188.0,1995-03-25,15.0,28.3,36.0,
TH000048431,"NAKHON RATCHASIMA, TH",14.967,102.083,188.0,1995-03-26,17.0,24.3,27.9,20.5
TH000048431,"NAKHON RATCHASIMA, TH",14.967,102.083,188.0,1995-03-27,0.0,30.2,34.0,
TH000048431,"NAKHON RATCHASIMA, TH",14.967,102.083,188.0,1995-03-28,0.0,29.8,36.0,25.0
TH000048431,"NAKHON RATCHASIMA, TH",14.967,102.083,188.0,1995-03-29,0.0,28.4,,25.0
TH000048431,"NAKHON RATCHASIMA, TH",14.967,102.083,188.0,1995-03-30,0.5,30.8,35.5,25.2
TH000048431,"NAKHON RATCHASIMA, TH",14.967,102.083,188.0,1995-03-31,0.0,30.8,37.0,25.0
TH000048431,"NAKHON RATCHASIMA, TH",14.967,102.083,188.0,1995-04-01,0.0,30.4,37.4,25.6
TH000048431,"NAKHON RATCHASIMA, TH",14.967,102.083,188.0,1995-04-02,0.0,31.5,37.5,25.3
TH000048431,"NAKHON RATCHASIMA, TH",14.967,102.083,188.0,1995-04-03,0.0,27.7,35.7,
TH000048431,"NAKHON RATCHASIMA, TH",14.967,102.083,188.0,1995-04-04,0.0,28.1,35.2,24.0
TH000048431,"NAKHON RATCHASIMA, TH",14.967,102.083,188.0,1995-04-05,0.0,29.2,34.5,23.5
TH000048431,"NAKHON RATCHASIMA, TH",14.967,102.083,188.0,1995-04-06,0.0,30.9,37.3,24.5
TH000048431,"NAKHON RATCHASIMA, TH",14.967,102.083,188.0,1995-04-07,0.0,28.4,33.5,
TH000048431,"NAKHON RATCHASIMA, TH",14.967,102.083,188.0,1995-04-08,1.0,28.0,35.4,23.6
TH000048431,"NAKHON RATCHASIMA, TH",14.967,102.083,188.0,1995-04-09,2.0,29.3,35.5,22.9
TH000048431,"NAKHON RATCHASIMA, TH",14.967,102.083,188.0,1995-04-10,0.0,31.1,37.5,24.6
TH000048431,"NAKHON RATCHASIMA, TH",14.967,102.083,188.0,1995-04-11,0.0,31.0,,25.5
TH000048431,"NAKHON RATCHASIMA, TH",14.967,102.083,188.0,1995-04-12,0.0,31.6,38.7,25.5
TH000048431,"NAKHON RATCHASIMA, TH",14.967,102.083,188.0,1995-04-13,0.0,31.4,,25.5
TH000048431,"NAKHON RATCHASIMA, TH",14.967,102.083,188.0,1995-04-14,0.0,31.3,38.0,26.5
TH000048431,"NAKHON RATCHASIMA, TH",14.967,102.083,188.0,1995-04-15,0.0,30.7,,25.3
TH000048431,"NAKHON RATCHASIMA, TH",14.967,102.083,188.0,1995-04-16,0.0,32.9,39.5,
TH000048431,"NAKHON RATCHASIMA, TH",14.967,102.083,188.0,1995-04-17,0.0,32.0,39.3,26.5
TH000048431,"NAKHON RATCHASIMA, TH",14.967,102.083,188.0,1995-04-18,0.0,32.0,38.3,26.3
TH000048431,"NAKHON RATCHASIMA, TH",14.967,102.083,188.0,1995-04-19,0.0,32.3,38.6,26.9
TH000048431,"NAKHON RATCHASIMA, TH",14.967,102.083,188.0,1995-04-20,0.0,30.5,36.0,27.0
TH000048431,"NAKHON RATCHASIMA, TH",14.967,102.083,188.0,1995-04-21,0.0,32.2,40.0,26.1
TH000048431,"NAKHON RATCHASIMA, TH",14.967,102.083,188.0,1995-04-22,0.0,33.6,40.0,26.6
TH000048431,"NAKHON RATCHASIMA, TH",14.967,102.083,188.0,1995-04-23,0.0,33.0,41.1,27.5
TH000048431,"NAKHON RATCHASIMA, TH",14.967,102.083,188.0,1995-04-24,0.0,31.6,39.7,27.3
TH000048431,"NAKHON RATCHASIMA, TH",14.967,102.083,188.0,1995-04-25,0.0,31.7,38.8,
TH000048431,"NAKHON RATCHASIMA, TH",14.967,102.083,188.0,1995-04-26,0.0,29.9,34.5,26.0
TH000048431,"NAKHON RATCHASIMA, TH",14.967,102.083,188.0,1995-04-27,,32.7,38.4,25.5
TH000048431,"NAKHON RATCHASIMA, TH",14.967,102.083,188.0,1995-04-28,0.0,29.4,32.7,
TH000048431,"NAKHON RATCHASIMA, TH",14.967,102.083,188.0,1995-04-29,0.0,31.3,37.3,25.1
TH000048431,"NAKHON RATCHASIMA, TH",14.967,102.083,188.0,1995-04-30,0.0,31.0,39.8,
TH000048431,"NAKHON RATCHASIMA, TH",14.967,102.083,188.0,1995-05-01,0.5,29.8,36.8,
TH000048431,"NAKHON RATCHASIMA, TH",14.967,102.083,188.0,1995-05-02,0.0,28.9,36.0,24.4
TH000048431,"NAKHON RATCHASIMA, TH",14.967,102.083,188.0,1995-05-03,0.0,29.8,37.0,25.4
TH000048431,"NAKHON RATCHASIMA, TH",14.967,102.083,188.0,1995-05-04,0.5,28.4,38.5,
TH000048431,"NAKHON RATCHASIMA, TH",14.967,102.083,188.0,1995-05-05,32.0,26.3,28.3,24.0
TH000048431,"NAKHON RATCHASIMA, TH",14.967,102.083,188.0,1995-05-06,1.0,29.9,33.7,25.1
TH000048431,"NAKHON RATCHASIMA, TH",14.967,102.083,188.0,1995-05-07,0.0,30.8,35.3,27.1
TH000048431,"NAKHON RATCHASIMA, TH",14.967,102.083,188.0,1995-05-08,65.0,28.1,32.5,23.0
TH000048431,"NAKHON RATCHASIMA, TH",14.967,102.083,188.0,1995-05-09,3.0,28.4,35.7,25.3
TH000048431,"NAKHON RATCHASIMA, TH",14.967,102.083,188.0,1995-05-10,2.0,28.9,35.7,
TH000048431,"NAKHON RATCHASIMA, TH",14.967,102.083,188.0,1995-05-11,62.0,27.7,32.3,23.8
TH000048431,"NAKHON RATCHASIMA, TH",14.967,102.083,188.0,1995-05-12,1.0,29.1,34.1,25.1
TH000048431,"NAKHON RATCHASIMA, TH",14.967,102.083,188.0,1995-05-13,0.0,29.2,33.8,25.9
TH000048431,"NAKHON RATCHASIMA, TH",14.967,102.083,188.0,1995-05-14,2.0,28.8,33.5,25.3
TH000048431,"NAKHON RATCHASIMA, TH",14.967,102.083,188.0,1995-05-15,0.0,30.7,35.3,25.9
TH000048431,"NAKHON RATCHASIMA, TH",14.967,102.083,188.0,1995-05-16,2.0,30.1,35.0,24.5
TH000048431,"NAKHON RATCHASIMA, TH",14.967,102.083,188.0,1995-05-17,0.0,30.4,35.6,26.0
TH000048431,"NAKHON RATCHASIMA, TH",14.967,102.083,188.0,1995-05-18,0.0,29.6,35.4,25.6
TH000048431,"NAKHON RATCHASIMA, TH",14.967,102.083,188.0,1995-05-19,0.0,29.2,35.9,25.0
TH000048431,"NAKHON RATCHASIMA, TH",14.967,102.083,188.0,1995-05-20,0.0,30.6,36.0,24.6
TH000048431,"NAKHON RATCHASIMA, TH",14.967,102.083,188.0,1995-05-21,0.0,31.4,37.0,25.8
TH000048431,"NAKHON RATCHASIMA, TH",14.967,102.083,188.0,1995-05-22,0.0,31.7,38.0,26.0
TH000048431,"NAKHON RATCHASIMA, TH",14.967,102.083,188.0,1995-05-23,0.0,31.3,37.5,26.3
TH000048431,"NAKHON RATCHASIMA, TH",14.967,102.083,188.0,1995-05-24,0.0,30.5,37.6,26.6
TH000048431,"NAKHON RATCHASIMA, TH",14.967,102.083,188.0,1995-05-25,0.0,31.3,38.1,25.8
TH000048431,"NAKHON RATCHASIMA, TH",14.967,102.083,188.0,1995-05-26,0.0,30.1,38.8,27.0
TH000048431,"NAKHON RATCHASIMA, TH",14.967,102.083,188.0,1995-05-27,5.1,28.2,36.1,
TH000048431,"NAKHON RATCHASIMA, TH",14.967,102.083,188.0,1995-05-28,0.0,26.2,33.0,23.2
TH000048431,"NAKHON RATCHASIMA, TH",14.967,102.083,188.0,1995-05-29,30.0,28.1,34.5,22.9
TH000048431,"NAKHON RATCHASIMA, TH",14.967,102.083,188.0,1995-05-30,3.0,28.6,33.1,
TH000048431,"NAKHON RATCHASIMA, TH",14.967,102.083,188.0,1995-05-31,0.0,29.2,35.0,25.8
TH000048431,"NAKHON RATCHASIMA, TH",14.967,102.083,188.0,1995-06-01,11.9,30.2,35.2,25.4
TH000048431,"NAKHON RATCHASIMA, TH",14.967,102.083,188.0,1995-06-02,0.0,28.2,34.0,26.0
TH000048431,"NAKHON RATCHASIMA, TH",14.967,102.083,188.0,1995-06-03,8.9,29.6,35.7,
TH000048431,"NAKHON RATCHASIMA, TH",14.967,102.083,188.0,1995-06-04,1.0,30.3,35.5,25.6
TH000048431,"NAKHON RATCHASIMA, TH",14.967,102.083,188.0,1995-06-05,0.0,28.8,35.0,24.8
TH000048431,"NAKHON RATCHASIMA, TH",14.967,102.083,188.0,1995-06-06,0.0,30.4,36.3,25.7
TH000048431,"NAKHON RATCHASIMA, TH",14.967,102.083,188.0,1995-06-07,0.0,30.2,35.5,26.1
TH000048431,"NAKHON RATCHASIMA, TH",14.967,102.083,188.0,1995-06-08,,29.0,35.5,26.4
TH000048431,"NAKHON RATCHASIMA, TH",14.967,102.083,188.0,1995-06-09,0.0,28.5,32.6,25.4
TH000048431,"NAKHON RATCHASIMA, TH",14.967,102.083,188.0,1995-06-10,0.0,29.2,33.7,25.7
TH000048431,"NAKHON RATCHASIMA, TH",14.967,102.083,188.0,1995-06-11,0.0,27.3,,
TH000048431,"NAKHON RATCHASIMA, TH",14.967,102.083,188.0,1995-06-12,26.9,28.3,33.1,
TH000048431,"NAKHON RATCHASIMA, TH",14.967,102.083,188.0,1995-06-13,23.9,27.9,33.2,24.0
TH000048431,"NAKHON RATCHASIMA, TH",14.967,102.083,188.0,1995-06-14,0.5,28.0,33.8,
TH000048431,"NAKHON RATCHASIMA, TH",14.967,102.083,188.0,1995-06-15,0.0,29.8,35.5,24.7
TH000048431,"NAKHON RATCHASIMA, TH",14.967,102.083,188.0,1995-06-16,0.0,31.0,36.8,26.2
TH000048431,"NAKHON RATCHASIMA, TH",14.967,102.083,188.0,1995-06-17,0.0,30.4,36.0,25.5
TH000048431,"NAKHON RATCHASIMA, TH",14.967,102.083,188.0,1995-06-18,0.0,30.7,36.5,25.0
TH000048431,"NAKHON RATCHASIMA, TH",14.967,102.083,188.0,1995-06-19,0.0,26.8,35.7,
TH000048431,"NAKHON RATCHASIMA, TH",14.967,102.083,188.0,1995-06-20,45.0,28.7,34.3,23.5
TH000048431,"NAKHON RATCHASIMA, TH",14.967,102.083,188.0,1995-06-21,4.1,29.6,35.5,24.4
TH000048431,"NAKHON RATCHASIMA, TH",14.967,102.083,188.0,1995-06-22,0.0,30.9,35.5,25.3
TH000048431,"NAKHON RATCHASIMA, TH",14.967,102.083,188.0,1995-06-23,0.0,31.3,35.8,26.0
TH000048431,"NAKHON RATCHASIMA, TH",14.967,102.083,188.0,1995-06-24,0.0,30.6,35.5,26.6
TH000048431,"NAKHON RATCHASIMA, TH",14.967,102.083,188.0,1995-06-25,0.0,30.3,35.5,26.3
TH000048431,"NAKHON RATCHASIMA, TH",14.967,102.083,188.0,1995-06-26,0.0,30.6,35.4,25.5
TH000048431,"NAKHON RATCHASIMA, TH",14.967,102.083,188.0,1995-06-27,0.0,30.1,35.7,25.4
TH000048431,"NAKHON RATCHASIMA, TH",14.967,102.083,188.0,1995-06-28,0.0,29.7,34.5,25.5
TH000048431,"NAKHON RATCHASIMA, TH",14.967,102.083,188.0,1995-06-29,,28.9,34.7,25.5
TH000048431,"NAKHON RATCHASIMA, TH",14.967,102.083,188.0,1995-06-30,22.1,29.2,33.5,25.2
TH000048431,"NAKHON RATCHASIMA, TH",14.967,102.083,188.0,1995-07-01,6.1,29.0,33.1,24.8
TH000048431,"NAKHON RATCHASIMA, TH",14.967,102.083,188.0,1995-07-02,0.0,27.8,35.2,
TH000048431,"NAKHON RATCHASIMA, TH",14.967,102.083,188.0,1995-07-03,22.1,28.4,33.2,24.5
TH000048431,"NAKHON RATCHASIMA, TH",14.967,102.083,188.0,1995-07-04,36.1,25.5,30.7,23.1
TH000048431,"NAKHON RATCHASIMA, TH",14.967,102.083,188.0,1995-07-05,9.9,26.3,32.7,24.3
TH000048431,"NAKHON RATCHASIMA, TH",14.967,102.083,188.0,1995-07-06,27.9,27.8,33.1,24.3
TH000048431,"NAKHON RATCHASIMA, TH",14.967,102.083,188.0,1995-07-07,10.9,29.0,33.6,24.1
TH000048431,"NAKHON RATCHASIMA, TH",14.967,102.083,188.0,1995-07-08,0.0,26.7,29.1,
TH000048431,"NAKHON RATCHASIMA, TH",14.967,102.083,188.0,1995-07-09,2.0,26.9,32.5,24.0
TH000048431,"NAKHON RATCHASIMA, TH",14.967,102.083,188.0,1995-07-10,10.9,27.9,,24.5
TH000048431,"NAKHON RATCHASIMA, TH",14.967,102.083,188.0,1995-07-11,0.0,28.6,33.3,23.2
TH000048431,"NAKHON RATCHASIMA, TH",14.967,102.083,188.0,1995-07-12,3.0,29.3,34.5,25.0
TH000048431,"NAKHON RATCHASIMA, TH",14.967,102.083,188.0,1995-07-13,0.0,30.0,35.0,24.6
TH000048431,"NAKHON RATCHASIMA, TH",14.967,102.083,188.0,1995-07-14,0.0,29.3,34.5,25.2
TH000048431,"NAKHON RATCHASIMA, TH",14.967,102.083,188.0,1995-07-15,0.0,28.1,34.5,
TH000048431,"NAKHON RATCHASIMA, TH",14.967,102.083,188.0,1995-07-16,20.1,28.0,32.5,24.2
TH000048431,"NAKHON RATCHASIMA, TH",14.967,102.083,188.0,1995-07-17,5.1,27.2,31.6,
TH000048431,"NAKHON RATCHASIMA, TH",14.967,102.083,188.0,1995-07-18,0.0,27.6,32.2,24.1
TH000048431,"NAKHON RATCHASIMA, TH",14.967,102.083,188.0,1995-07-19,,27.2,32.0,24.5
TH000048431,"NAKHON RATCHASIMA, TH",14.967,102.083,188.0,1995-07-20,1.0,29.1,33.3,24.0
TH000048431,"NAKHON RATCHASIMA, TH",14.967,102.083,188.0,1995-07-21,0.0,28.7,33.9,25.0
TH000048431,"NAKHON RATCHASIMA, TH",14.967,102.083,188.0,1995-07-22,0.0,29.5,35.0,24.9
TH000048431,"NAKHON RATCHASIMA, TH",14.967,102.083,188.0,1995-07-23,,28.1,34.8,
TH000048431,"NAKHON RATCHASIMA, TH",14.967,102.083,188.0,1995-07-24,7.9,27.8,33.0,24.7
TH000048431,"NAKHON RATCHASIMA, TH",14.967,102.083,188.0,1995-07-25,0.0,26.8,33.1,
TH000048431,"NAKHON RATCHASIMA, TH",14.967,102.083,188.0,1995-07-26,27.9,28.6,33.6,23.3
TH000048431,"NAKHON RATCHASIMA, TH",14.967,102.083,188.0,1995-07-27,0.0,28.9,33.1,24.5
TH000048431,"NAKHON RATCHASIMA, TH",14.967,102.083,188.0,1995-07-28,0.0,29.4,34.1,25.0
TH000048431,"NAKHON RATCHASIMA, TH",14.967,102.083,188.0,1995-07-29,2.0,28.6,33.0,24.5
TH000048431,"NAKHON RATCHASIMA, TH",14.967,102.083,188.0,1995-07-30,0.0,27.9,33.7,
TH000048431,"NAKHON RATCHASIMA, TH",14.967,102.083,188.0,1995-07-31,2.0,27.9,31.8,25.0
TH000048431,"NAKHON RATCHASIMA, TH",14.967,102.083,188.0,1995-08-01,0.0,29.2,33.6,24.7
TH000048431,"NAKHON RATCHASIMA, TH",14.967,102.083,188.0,1995-08-02,0.0,29.2,34.6,25.2
TH000048431,"NAKHON RATCHASIMA, TH",14.967,102.083,188.0,1995-08-03,0.3,30.1,35.4,24.8
TH000048431,"NAKHON RATCHASIMA, TH",14.967,102.083,188.0,1995-08-04,0.0,29.6,34.7,
TH000048431,"NAKHON RATCHASIMA, TH",14.967,102.083,188.0,1995-08-05,7.9,27.3,30.9,23.1
TH000048431,"NAKHON RATCHASIMA, TH",14.967,102.083,188.0,1995-08-06,0.0,28.1,33.9,24.2
TH000048431,"NAKHON RATCHASIMA, TH",14.967,102.083,188.0,1995-08-07,1.0,27.7,31.8,24.6
TH000048431,"NAKHON RATCHASIMA, TH",14.967,102.083,188.0,1995-08-08,2.0,28.0,32.5,24.5
TH000048431,"NAKHON RATCHASIMA, TH",14.967,102.083,188.0,1995-08-09,0.0,28.0,31.2,25.0
TH000048431,"NAKHON RATCHASIMA, TH",14.967,102.083,188.0,1995-08-10,0.0,27.5,32.5,24.6
TH000048431,"NAKHON RATCHASIMA, TH",14.967,102.083,188.0,1995-08-11,6.1,27.4,32.6,
TH000048431,"NAKHON RATCHASIMA, TH",14.967,102.083,188.0,1995-08-12,0.0,28.7,32.8,23.6
TH000048431,"NAKHON RATCHASIMA, TH",14.967,102.083,188.0,1995-08-13,0.0,28.4,33.7,
TH000048431,"NAKHON RATCHASIMA, TH",14.967,102.083,188.0,1995-08-14,25.9,27.7,30.8,23.2
TH000048431,"NAKHON RATCHASIMA, TH",14.967,102.083,188.0,1995-08-15,0.5,26.8,30.3,24.8
TH000048431,"NAKHON RATCHASIMA, TH",14.967,102.083,188.0,1995-08-16,0.0,27.9,33.5,24.5
TH000048431,"NAKHON RATCHASIMA, TH",14.967,102.083,188.0,1995-08-17,0.0,27.6,34.0,24.5
TH000048431,"NAKHON RATCHASIMA, TH",14.967,102.083,188.0,1995-08-18,0.0,28.1,34.1,24.6
TH000048431,"NAKHON RATCHASIMA, TH",14.967,102.083,188.0,1995-08-19,22.1,28.6,34.4,24.6
TH000048431,"NAKHON RATCHASIMA, TH",14.967,102.083,188.0,1995-08-20,0.0,28.4,33.7,25.5
TH000048431,"NAKHON RATCHASIMA, TH",14.967,102.083,188.0,1995-08-21,0.0,27.6,33.5,24.4
TH000048431,"NAKHON RATCHASIMA, TH",14.967,102.083,188.0,1995-08-22,59.9,28.6,32.5,24.2
TH000048431,"NAKHON RATCHASIMA, TH",14.967,102.083,188.0,1995-08-23,0.0,27.3,34.0,25.0
TH000048431,"NAKHON RATCHASIMA, TH",14.967,102.083,188.0,1995-08-24,14.0,26.8,33.0,25.0
TH000048431,"NAKHON RATCHASIMA, TH",14.967,102.083,188.0,1995-08-25,34.0,27.8,32.8,
TH000048431,"NAKHON RATCHASIMA, TH",14.967,102.083,188.0,1995-08-26,15.0,27.2,30.2,24.5
TH000048431,"NAKHON RATCHASIMA, TH",14.967,102.083,188.0,1995-08-27,2.0,27.3,32.4,24.0
TH000048431,"NAKHON RATCHASIMA, TH",14.967,102.083,188.0,1995-08-28,34.0,27.7,32.5,24.5
TH000048431,"NAKHON RATCHASIMA, TH",14.967,102.083,188.0,1995-08-29,0.0,27.4,31.2,24.7
TH000048431,"NAKHON RATCHASIMA, TH",14.967,102.083,188.0,1995-08-30,0.0,26.9,29.0,25.4
TH000048431,"NAKHON RATCHASIMA, TH",14.967,102.083,188.0,1995-08-31,0.0,27.9,32.5,24.5
TH000048431,"NAKHON RATCHASIMA, TH",14.967,102.083,188.0,1995-09-01,0.0,28.7,33.8,25.0
TH000048431,"NAKHON RATCHASIMA, TH",14.967,102.083,188.0,1995-09-02,1.0,28.5,32.3,24.5
TH000048431,"NAKHON RATCHASIMA, TH",14.967,102.083,188.0,1995-09-03,0.0,26.9,29.5,
TH000048431,"NAKHON RATCHASIMA, TH",14.967,102.083,188.0,1995-09-04,21.1,26.5,31.5,23.0
TH000048431,"NAKHON RATCHASIMA, TH",14.967,102.083,188.0,1995-09-05,0.0,27.9,31.8,23.7
TH000048431,"NAKHON RATCHASIMA, TH",14.967,102.083,188.0,1995-09-06,0.0,28.8,33.6,24.5
TH000048431,"NAKHON RATCHASIMA, TH",14.967,102.083,188.0,1995-09-07,0.0,27.5,33.8,
TH000048431,"NAKHON RATCHASIMA, TH",14.967,102.083,188.0,1995-09-08,49.0,27.3,32.0,24.0
TH000048431,"NAKHON RATCHASIMA, TH",14.967,102.083,188.0,1995-09-09,14.0,27.3,31.6,24.5
TH000048431,"NAKHON RATCHASIMA, TH",14.967,102.083,188.0,1995-09-10,0.0,26.1,31.4,
TH000048431,"NAKHON RATCHASIMA, TH",14.967,102.083,188.0,1995-09-11,8.9,26.6,32.0,23.0
TH000048431,"NAKHON RATCHASIMA, TH",14.967,102.083,188.0,1995-09-12,21.1,25.3,29.5,23.4
TH000048431,"NAKHON RATCHASIMA, TH",14.967,102.083,188.0,1995-09-13,33.0,26.8,31.1,24.2
TH000048431,"NAKHON RATCHASIMA, TH",14.967,102.083,188.0,1995-09-14,14.0,27.2,31.5,
TH000048431,"NAKHON RATCHASIMA, TH",14.967,102.083,188.0,1995-09-15,22.1,26.7,30.8,23.2
TH000048431,"NAKHON RATCHASIMA, TH",14.967,102.083,188.0,1995-09-16,7.1,26.5,30.2,24.4
TH000048431,"NAKHON RATCHASIMA, TH",14.967,102.083,188.0,1995-09-17,10.9,27.3,31.3,24.6
TH000048431,"NAKHON RATCHASIMA, TH",14.967,102.083,188.0,1995-09-18,3.0,28.4,31.9,24.6
TH000048431,"NAKHON RATCHASIMA, TH",14.967,102.083,188.0,1995-09-19,19.1,28.2,31.6,23.2
TH000048431,"NAKHON RATCHASIMA, TH",14.967,102.083,188.0,1995-09-20,0.0,28.0,31.0,25.0
TH000048431,"NAKHON RATCHASIMA, TH",14.967,102.083,188.0,1995-09-21,0.0,26.4,30.3,
TH000048431,"NAKHON RATCHASIMA, TH",14.967,102.083,188.0,1995-09-22,2.0,25.7,,
TH000048431,"NAKHON RATCHASIMA, TH",14.967,102.083,188.0,1995-09-23,33.0,27.2,31.2,22.5
TH000048431,"NAKHON RATCHASIMA, TH",14.967,102.083,188.0,1995-09-24,0.3,26.9,31.2,24.0
TH000048431,"NAKHON RATCHASIMA, TH",14.967,102.083,188.0,1995-09-25,3.0,25.9,30.6,24.0
TH000048431,"NAKHON RATCHASIMA, TH",14.967,102.083,188.0,1995-09-26,8.9,26.4,30.5,23.3
TH000048431,"NAKHON RATCHASIMA, TH",14.967,102.083,188.0,1995-09-27,2.0,27.9,32.4,23.3
TH000048431,"NAKHON RATCHASIMA, TH",14.967,102.083,188.0,1995-09-28,0.0,28.6,32.5,24.4
TH000048431,"NAKHON RATCHASIMA, TH",14.967,102.083,188.0,1995-09-29,0.0,29.1,32.5,25.0
TH000048431,"NAKHON RATCHASIMA, TH",14.967,102.083,188.0,1995-09-30,,26.1,29.0,
TH000048431,"NAKHON RATCHASIMA, TH",14.967,102.083,188.0,1995-10-01,0.0,28.2,32.7,24.2
TH000048431,"NAKHON RATCHASIMA, TH",14.967,102.083,188.0,1995-10-02,0.0,25.6,28.5,
TH000048431,"NAKHON RATCHASIMA, TH",14.967,102.083,188.0,1995-10-03,0.0,28.0,,23.2
TH000048431,"NAKHON RATCHASIMA, TH",14.967,102.083,188.0,1995-10-04,20.1,26.5,31.0,24.4
TH000048431,"NAKHON RATCHASIMA, TH",14.967,102.083,188.0,1995-10-05,5.1,26.5,31.0,24.0
TH000048431,"NAKHON RATCHASIMA, TH",14.967,102.083,188.0,1995-10-06,22.1,26.2,29.6,23.5
TH000048431,"NAKHON RATCHASIMA, TH",14.967,102.083,188.0,1995-10-07,23.1,27.1,30.5,24.3
TH000048431,"NAKHON RATCHASIMA, TH",14.967,102.083,188.0,1995-10-08,0.0,27.1,30.5,24.0
TH000048431,"NAKHON RATCHASIMA, TH",14.967,102.083,188.0,1995-10-09,0.0,24.9,28.0,
TH000048431,"NAKHON RATCHASIMA, TH",14.967,102.083,188.0,1995-10-10,23.1,26.2,29.2,23.2
TH000048431,"NAKHON RATCHASIMA, TH",14.967,102.083,188.0,1995-10-11,0.0,28.1,31.0,23.0
TH000048431,"NAKHON RATCHASIMA, TH",14.967,102.083,188.0,1995-10-12,0.0,28.1,32.4,23.5
TH000048431,"NAKHON RATCHASIMA, TH",14.967,102.083,188.0,1995-10-13,0.0,27.7,33.3,
TH000048431,"NAKHON RATCHASIMA, TH",14.967,102.083,188.0,1995-10-14,0.5,27.7,,23.7
TH000048431,"NAKHON RATCHASIMA, TH",14.967,102.083,188.0,1995-10-15,0.0,26.1,32.5,
TH000048431,"NAKHON RATCHASIMA, TH",14.967,102.083,188.0,1995-10-16,32.0,26.8,,22.8
TH000048431,"NAKHON RATCHASIMA, TH",14.967,102.083,188.0,1995-10-17,0.0,25.6,31.8,23.0
TH000048431,"NAKHON RATCHASIMA, TH",14.967,102.083,188.0,1995-10-18,0.0,27.4,32.0,22.6
TH000048431,"NAKHON RATCHASIMA, TH",14.967,102.083,188.0,1995-10-19,0.0,27.6,31.6,23.8
TH000048431,"NAKHON RATCHASIMA, TH",14.967,102.083,188.0,1995-10-20,0.0,27.9,33.2,24.0
TH000048431,"NAKHON RATCHASIMA, TH",14.967,102.083,188.0,1995-10-21,0.0,28.2,32.5,23.2
TH000048431,"NAKHON RATCHASIMA, TH",14.967,102.083,188.0,1995-10-22,0.0,27.2,31.7,22.9
TH000048431,"NAKHON RATCHASIMA, TH",14.967,102.083,188.0,1995-10-23,0.0,26.9,31.0,23.2
TH000048431,"NAKHON RATCHASIMA, TH",14.967,102.083,188.0,1995-10-24,0.0,26.1,,23.5
TH000048431,"NAKHON RATCHASIMA, TH",14.967,102.083,188.0,1995-10-25,,27.1,29.5,24.0
TH000048431,"NAKHON RATCHASIMA, TH",14.967,102.083,188.0,1995-10-26,,25.4,30.0,20.2
TH000048431,"NAKHON RATCHASIMA, TH",14.967,102.083,188.0,1995-10-27,6.1,22.8,,20.4
TH000048431,"NAKHON RATCHASIMA, TH",14.967,102.083,188.0,1995-10-28,15.0,25.3,28.5,21.5
TH000048431,"NAKHON RATCHASIMA, TH",14.967,102.083,188.0,1995-10-29,6.1,25.9,28.9,22.9
TH000048431,"NAKHON RATCHASIMA, TH",14.967,102.083,188.0,1995-10-30,0.0,26.6,30.4,23.3
TH000048431,"NAKHON RATCHASIMA, TH",14.967,102.083,188.0,1995-10-31,0.0,25.5,29.8,22.6
TH000048431,"NAKHON RATCHASIMA, TH",14.967,102.083,188.0,1995-11-01,,27.1,30.5,21.5
TH000048431,"NAKHON RATCHASIMA, TH",14.967,102.083,188.0,1995-11-02,2.0,21.8,22.9,21.1
TH000048431,"NAKHON RATCHASIMA, TH",14.967,102.083,188.0,1995-11-03,5.1,23.9,27.8,21.4
TH000048431,"NAKHON RATCHASIMA, TH",14.967,102.083,188.0,1995-11-04,0.0,23.8,27.6,
TH000048431,"NAKHON RATCHASIMA, TH",14.967,102.083,188.0,1995-11-05,0.0,24.8,28.3,19.3
TH000048431,"NAKHON RATCHASIMA, TH",14.967,102.083,188.0,1995-11-06,0.0,25.4,30.1,19.7
TH000048431,"NAKHON RATCHASIMA, TH",14.967,102.083,188.0,1995-11-07,0.0,26.6,30.5,20.7
TH000048431,"NAKHON RATCHASIMA, TH",14.967,102.083,188.0,1995-11-08,0.0,24.3,26.4,
TH000048431,"NAKHON RATCHASIMA, TH",14.967,102.083,188.0,1995-11-09,0.0,25.7,29.5,21.0
TH000048431,"NAKHON RATCHASIMA, TH",14.967,102.083,188.0,1995-11-10,1.0,24.9,28.0,21.5
TH000048431,"NAKHON RATCHASIMA, TH",14.967,102.083,188.0,1995-11-11,0.0,25.7,30.0,22.4
TH000048431,"NAKHON RATCHASIMA, TH",14.967,102.083,188.0,1995-11-12,0.0,27.1,31.2,23.2
TH000048431,"NAKHON RATCHASIMA, TH",14.967,102.083,188.0,1995-11-13,0.0,27.4,32.6,22.4
TH000048431,"NAKHON RATCHASIMA, TH",14.967,102.083,188.0,1995-11-14,0.0,27.3,31.5,
TH000048431,"NAKHON RATCHASIMA, TH",14.967,102.083,188.0,1995-11-15,0.0,23.2,28.0,
TH000048431,"NAKHON RATCHASIMA, TH",14.967,102.083,188.0,1995-11-16,0.0,23.9,28.5,18.1
TH000048431,"NAKHON RATCHASIMA, TH",14.967,102.083,188.0,1995-11-17,0.0,24.8,29.3,20.0
TH000048431,"NAKHON RATCHASIMA, TH",14.967,102.083,188.0,1995-11-18,0.0,25.6,29.7,20.1
TH000048431,"NAKHON RATCHASIMA, TH",14.967,102.083,188.0,1995-11-19,0.0,24.8,28.2,20.2
TH000048431,"NAKHON RATCHASIMA, TH",14.967,102.083,188.0,1995-11-20,0.0,25.6,30.3,20.5
TH000048431,"NAKHON RATCHASIMA, TH",14.967,102.083,188.0,1995-11-21,0.0,26.2,30.5,21.2
TH000048431,"NAKHON RATCHASIMA, TH",14.967,102.083,188.0,1995-11-22,0.0,25.3,30.0,20.6
TH000048431,"NAKHON RATCHASIMA, TH",14.967,102.083,188.0,1995-11-23,0.0,24.8,29.8,
TH000048431,"NAKHON RATCHASIMA, TH",14.967,102.083,188.0,1995-11-24,0.0,22.2,26.3,18.2
TH000048431,"NAKHON RATCHASIMA, TH",14.967,102.083,188.0,1995-11-25,0.0,21.3,27.2,16.0
TH000048431,"NAKHON RATCHASIMA, TH",14.967,102.083,188.0,1995-11-26,0.0,24.2,29.1,16.7
TH000048431,"NAKHON RATCHASIMA, TH",14.967,102.083,188.0,1995-11-27,0.0,25.3,30.0,19.6
TH000048431,"NAKHON RATCHASIMA, TH",14.967,102.083,188.0,1995-11-28,0.0,25.5,30.7,21.0
TH000048431,"NAKHON RATCHASIMA, TH",14.967,102.083,188.0,1995-11-29,0.0,26.2,31.1,19.8
TH000048431,"NAKHON RATCHASIMA, TH",14.967,102.083,188.0,1995-11-30,0.0,26.9,31.9,20.1
TH000048431,"NAKHON RATCHASIMA, TH",14.967,102.083,188.0,1995-12-01,0.0,27.1,31.7,23.7
TH000048431,"NAKHON RATCHASIMA, TH",14.967,102.083,188.0,1995-12-02,0.0,25.7,31.5,21.0
TH000048431,"NAKHON RATCHASIMA, TH",14.967,102.083,188.0,1995-12-03,0.0,23.6,29.3,
TH000048431,"NAKHON RATCHASIMA, TH",14.967,102.083,188.0,1995-12-04,0.0,24.2,29.3,18.4
TH000048431,"NAKHON RATCHASIMA, TH",14.967,102.083,188.0,1995-12-05,0.0,22.8,28.2,17.6
TH000048431,"NAKHON RATCHASIMA, TH",14.967,102.083,188.0,1995-12-06,0.0,21.2,27.1,
TH000048431,"NAKHON RATCHASIMA, TH",14.967,102.083,188.0,1995-12-07,0.0,20.6,25.4,15.5
TH000048431,"NAKHON RATCHASIMA, TH",14.967,102.083,188.0,1995-12-08,0.0,19.9,25.0,15.2
TH000048431,"NAKHON RATCHASIMA, TH",14.967,102.083,188.0,1995-12-09,0.0,19.8,26.0,
TH000048431,"NAKHON RATCHASIMA, TH",14.967,102.083,188.0,1995-12-10,0.0,21.4,27.3,
TH000048431,"NAKHON RATCHASIMA, TH",14.967,102.083,188.0,1995-12-11,0.0,22.1,28.9,15.1
TH000048431,"NAKHON RATCHASIMA, TH",14.967,102.083,188.0,1995-12-12,,25.2,29.4,16.9
TH000048431,"NAKHON RATCHASIMA, TH",14.967,102.083,188.0,1995-12-13,0.0,25.1,30.2,
TH000048431,"NAKHON RATCHASIMA, TH",14.967,102.083,188.0,1995-12-14,0.0,26.1,,19.0
TH000048431,"NAKHON RATCHASIMA, TH",14.967,102.083,188.0,1995-12-15,0.0,25.9,29.1,
TH000048431,"NAKHON RATCHASIMA, TH",14.967,102.083,188.0,1995-12-16,0.0,26.2,29.6,
TH000048431,"NAKHON RATCHASIMA, TH",14.967,102.083,188.0,1995-12-17,0.0,27.3,33.3,21.4
TH000048431,"NAKHON RATCHASIMA, TH",14.967,102.083,188.0,1995-12-18,0.0,27.3,33.0,22.5
TH000048431,"NAKHON RATCHASIMA, TH",14.967,102.083,188.0,1995-12-19,0.0,25.7,31.0,20.8
TH000048431,"NAKHON RATCHASIMA, TH",14.967,102.083,188.0,1995-12-20,0.0,24.4,29.6,18.6
TH000048431,"NAKHON RATCHASIMA, TH",14.967,102.083,188.0,1995-12-21,0.0,25.1,29.5,
TH000048431,"NAKHON RATCHASIMA, TH",14.967,102.083,188.0,1995-12-22,,23.8,28.3,17.0
TH000048431,"NAKHON RATCHASIMA, TH",14.967,102.083,188.0,1995-12-23,0.0,22.6,28.1,17.2
TH000048431,"NAKHON RATCHASIMA, TH",14.967,102.083,188.0,1995-12-24,0.0,22.9,28.0,17.2
TH000048431,"NAKHON RATCHASIMA, TH",14.967,102.083,188.0,1995-12-25,0.0,22.9,27.0,18.5
TH000048431,"NAKHON RATCHASIMA, TH",14.967,102.083,188.0,1995-12-26,0.0,21.7,27.0,16.5
TH000048431,"NAKHON RATCHASIMA, TH",14.967,102.083,188.0,1995-12-27,0.0,21.3,27.0,16.2
TH000048431,"NAKHON RATCHASIMA, TH",14.967,102.083,188.0,1995-12-28,0.0,20.7,25.3,15.4
TH000048431,"NAKHON RATCHASIMA, TH",14.967,102.083,188.0,1995-12-29,,19.5,24.6,13.1
TH000048431,"NAKHON RATCHASIMA, TH",14.967,102.083,188.0,1995-12-30,0.0,18.1,24.5,12.1
TH000048431,"NAKHON RATCHASIMA, TH",14.967,102.083,188.0,1995-12-31,0.0,19.2,24.8,11.3
TH000048431,"NAKHON RATCHASIMA, TH",14.967,102.083,188.0,1996-01-01,0.0,17.8,,11.2
TH000048431,"NAKHON RATCHASIMA, TH",14.967,102.083,188.0,1996-01-02,0.0,19.0,30.5,11.5
TH000048431,"NAKHON RATCHASIMA, TH",14.967,102.083,188.0,1996-01-03,0.0,20.2,27.2,12.2
TH000048431,"NAKHON RATCHASIMA, TH",14.967,102.083,188.0,1996-01-04,0.0,20.6,26.7,
TH000048431,"NAKHON RATCHASIMA, TH",14.967,102.083,188.0,1996-01-05,0.0,21.2,29.0,12.8
TH000048431,"NAKHON RATCHASIMA, TH",14.967,102.083,188.0,1996-01-06,0.0,22.6,30.7,13.8
TH000048431,"NAKHON RATCHASIMA, TH",14.967,102.083,188.0,1996-01-07,0.0,23.1,30.1,14.5
TH000048431,"NAKHON RATCHASIMA, TH",14.967,102.083,188.0,1996-01-08,0.0,23.4,29.8,15.6
TH000048431,"NAKHON RATCHASIMA, TH",14.967,102.083,188.0,1996-01-09,0.0,24.7,29.0,19.4
TH000048431,"NAKHON RATCHASIMA, TH",14.967,102.083,188.0,1996-01-10,0.0,24.1,29.8,19.0
TH000048431,"NAKHON RATCHASIMA, TH",14.967,102.083,188.0,1996-01-11,0.0,25.3,,
TH000048431,"NAKHON RATCHASIMA, TH",14.967,102.083,188.0,1996-01-12,0.0,27.0,32.7,20.2
TH000048431,"NAKHON RATCHASIMA, TH",14.967,102.083,188.0,1996-01-13,0.0,27.4,33.1,20.7
TH000048431,"NAKHON RATCHASIMA, TH",14.967,102.083,188.0,1996-01-14,5.1,27.1,33.0,22.5
TH000048431,"NAKHON RATCHASIMA, TH",14.967,102.083,188.0,1996-01-15,0.0,25.7,33.0,20.0
TH000048431,"NAKHON RATCHASIMA, TH",14.967,102.083,188.0,1996-01-16,0.0,27.5,,
TH000048431,"NAKHON RATCHASIMA, TH",14.967,102.083,188.0,1996-01-17,0.0,26.8,33.5,20.7
TH000048431,"NAKHON RATCHASIMA, TH",14.967,102.083,188.0,1996-01-18,0.0,26.8,33.3,21.3
TH000048431,"NAKHON RATCHASIMA, TH",14.967,102.083,188.0,1996-01-19,0.0,27.5,33.0,21.5
TH000048431,"NAKHON RATCHASIMA, TH",14.967,102.083,188.0,1996-01-20,0.0,27.1,33.6,20.5
TH000048431,"NAKHON RATCHASIMA, TH",14.967,102.083,188.0,1996-01-21,0.0,28.4,33.5,21.2
TH000048431,"NAKHON RATCHASIMA, TH",14.967,102.083,188.0,1996-01-22,0.0,27.4,35.0,21.8
TH000048431,"NAKHON RATCHASIMA, TH",14.967,102.083,188.0,1996-01-23,0.0,28.2,34.0,20.6
TH000048431,"NAKHON RATCHASIMA, TH",14.967,102.083,188.0,1996-01-24,0.0,28.0,34.1,21.8
TH000048431,"NAKHON RATCHASIMA, TH",14.967,102.083,188.0,1996-01-25,0.0,28.5,34.6,22.4
TH000048431,"NAKHON RATCHASIMA, TH",14.967,102.083,188.0,1996-01-26,0.0,27.6,33.0,23.5
TH000048431,"NAKHON RATCHASIMA, TH",14.967,102.083,188.0,1996-01-27,0.0,26.5,31.3,21.5
TH000048431,"NAKHON RATCHASIMA, TH",14.967,102.083,188.0,1996-01-28,0.0,23.7,,18.6
TH000048431,"NAKHON RATCHASIMA, TH",14.967,102.083,188.0,1996-01-29,0.0,23.7,29.8,18.3
TH000048431,"NAKHON RATCHASIMA, TH",14.967,102.083,188.0,1996-01-30,0.0,22.9,29.0,17.0
TH000048431,"NAKHON RATCHASIMA, TH",14.967,102.083,188.0,1996-01-31,0.0,23.7,29.0,17.0
TH000048431,"NAKHON RATCHASIMA, TH",14.967,102.083,188.0,1996-02-01,0.0,22.6,26.6,19.1
TH000048431,"NAKHON RATCHASIMA, TH",14.967,102.083,188.0,1996-02-02,0.0,24.2,28.1,
TH000048431,"NAKHON RATCHASIMA, TH",14.967,102.083,188.0,1996-02-03,0.0,22.4,27.5,16.5
TH000048431,"NAKHON RATCHASIMA, TH",14.967,102.083,188.0,1996-02-04,0.0,23.4,29.0,17.0
TH000048431,"NAKHON RATCHASIMA, TH",14.967,102.083,188.0,1996-02-05,0.0,23.8,29.5,18.3
TH000048431,"NAKHON RATCHASIMA, TH",14.967,102.083,188.0,1996-02-06,0.0,22.8,28.6,17.0
TH000048431,"NAKHON RATCHASIMA, TH",14.967,102.083,188.0,1996-02-07,0.0,23.0,30.2,16.7
TH000048431,"NAKHON RATCHASIMA, TH",14.967,102.083,188.0,1996-02-08,0.0,23.7,31.2,15.0
TH000048431,"NAKHON RATCHASIMA, TH",14.967,102.083,188.0,1996-02-09,0.0,23.2,27.9,17.3
TH000048431,"NAKHON RATCHASIMA, TH",14.967,102.083,188.0,1996-02-10,0.0,23.8,,
TH000048431,"NAKHON RATCHASIMA, TH",14.967,102.083,188.0,1996-02-11,0.0,22.1,29.0,16.5
TH000048431,"NAKHON RATCHASIMA, TH",14.967,102.083,188.0,1996-02-12,0.0,24.9,32.0,16.0
TH000048431,"NAKHON RATCHASIMA, TH",14.967,102.083,188.0,1996-02-13,0.0,26.4,35.5,17.7
TH000048431,"NAKHON RATCHASIMA, TH",14.967,102.083,188.0,1996-02-14,0.0,29.4,,17.6
TH000048431,"NAKHON RATCHASIMA, TH",14.967,102.083,188.0,1996-02-15,0.0,28.1,37.2,19.3
TH000048431,"NAKHON RATCHASIMA, TH",14.967,102.083,188.0,1996-02-16,0.0,29.8,37.6,21.5
TH000048431,"NAKHON RATCHASIMA, TH",14.967,102.083,188.0,1996-02-17,0.0,31.6,,24.2
TH000048431,"NAKHON RATCHASIMA, TH",14.967,102.083,188.0,1996-02-18,0.0,25.6,31.0,
TH000048431,"NAKHON RATCHASIMA, TH",14.967,102.083,188.0,1996-02-19,6.1,21.8,25.5,
TH000048431,"NAKHON RATCHASIMA, TH",14.967,102.083,188.0,1996-02-20,0.0,20.3,25.6,
TH000048431,"NAKHON RATCHASIMA, TH",14.967,102.083,188.0,1996-02-21,0.0,20.1,26.2,14.6
TH000048431,"NAKHON RATCHASIMA, TH",14.967,102.083,188.0,1996-02-22,0.0,21.7,27.1,
TH000048431,"NAKHON RATCHASIMA, TH",14.967,102.083,188.0,1996-02-23,0.0,22.8,29.5,16.8
TH000048431,"NAKHON RATCHASIMA, TH",14.967,102.083,188.0,1996-02-24,0.0,25.5,31.4,18.4
TH000048431,"NAKHON RATCHASIMA, TH",14.967,102.083,188.0,1996-02-25,0.0,26.1,32.3,21.0
TH000048431,"NAKHON RATCHASIMA, TH",14.967,102.083,188.0,1996-02-26,0.0,28.1,34.5,20.9
TH000048431,"NAKHON RATCHASIMA, TH",14.967,102.083,188.0,1996-02-27,0.0,29.4,35.3,22.0
TH000048431,"NAKHON RATCHASIMA, TH",14.967,102.083,188.0,1996-02-28,0.0,27.8,33.4,24.0
TH000048431,"NAKHON RATCHASIMA, TH",14.967,102.083,188.0,1996-02-29,0.0,29.6,35.6,23.6
TH000048431,"NAKHON RATCHASIMA, TH",14.967,102.083,188.0,1996-03-01,0.0,27.9,33.4,
TH000048431,"NAKHON RATCHASIMA, TH",14.967,102.083,188.0,1996-03-02,0.0,25.4,31.1,20.2
TH000048431,"NAKHON RATCHASIMA, TH",14.967,102.083,188.0,1996-03-03,0.0,25.9,32.5,
TH000048431,"NAKHON RATCHASIMA, TH",14.967,102.083,188.0,1996-03-04,0.0,25.4,32.0,19.6
TH000048431,"NAKHON RATCHASIMA, TH",14.967,102.083,188.0,1996-03-05,0.0,25.1,32.4,17.3
TH000048431,"NAKHON RATCHASIMA, TH",14.967,102.083,188.0,1996-03-06,0.0,27.8,34.7,19.2
TH000048431,"NAKHON RATCHASIMA, TH",14.967,102.083,188.0,1996-03-07,0.0,28.8,36.0,21.7
TH000048431,"NAKHON RATCHASIMA, TH",14.967,102.083,188.0,1996-03-08,0.0,29.1,34.5,22.8
TH000048431,"NAKHON RATCHASIMA, TH",14.967,102.083,188.0,1996-03-09,0.0,29.6,36.1,22.9
TH000048431,"NAKHON RATCHASIMA, TH",14.967,102.083,188.0,1996-03-10,0.0,29.9,37.1,22.8
TH000048431,"NAKHON RATCHASIMA, TH",14.967,102.083,188.0,1996-03-11,0.0,27.7,34.2,
TH000048431,"NAKHON RATCHASIMA, TH",14.967,102.083,188.0,1996-03-12,0.0,28.0,34.5,22.0
TH000048431,"NAKHON RATCHASIMA, TH",14.967,102.083,188.0,1996-03-13,0.0,29.4,35.2,23.3
TH000048431,"NAKHON RATCHASIMA, TH",14.967,102.083,188.0,1996-03-14,0.0,29.9,37.3,23.1
TH000048431,"NAKHON RATCHASIMA, TH",14.967,102.083,188.0,1996-03-15,0.0,30.3,38.1,23.0
TH000048431,"NAKHON RATCHASIMA, TH",14.967,102.083,188.0,1996-03-16,0.0,30.7,38.4,22.1
TH000048431,"NAKHON RATCHASIMA, TH",14.967,102.083,188.0,1996-03-17,0.0,31.2,38.8,24.4
TH000048431,"NAKHON RATCHASIMA, TH",14.967,102.083,188.0,1996-03-18,0.0,31.1,40.2,21.6
TH000048431,"NAKHON RATCHASIMA, TH",14.967,102.083,188.0,1996-03-19,0.0,31.7,40.5,23.0
TH000048431,"NAKHON RATCHASIMA, TH",14.967,102.083,188.0,1996-03-20,0.0,32.9,40.8,23.2
TH000048431,"NAKHON RATCHASIMA, TH",14.967,102.083,188.0,1996-03-21,0.0,32.2,40.1,24.5
TH000048431,"NAKHON RATCHASIMA, TH",14.967,102.083,188.0,1996-03-22,0.0,30.4,40.3,
TH000048431,"NAKHON RATCHASIMA, TH",14.967,102.083,188.0,1996-03-23,8.9,29.0,36.5,
TH000048431,"NAKHON RATCHASIMA, TH",14.967,102.083,188.0,1996-03-24,0.0,30.1,37.0,22.6
TH000048431,"NAKHON RATCHASIMA, TH",14.967,102.083,188.0,1996-03-25,0.0,29.2,37.7,24.0
TH000048431,"NAKHON RATCHASIMA, TH",14.967,102.083,188.0,1996-03-26,3.0,29.0,36.1,23.6
TH000048431,"NAKHON RATCHASIMA, TH",14.967,102.083,188.0,1996-03-27,0.0,29.8,36.0,24.0
TH000048431,"NAKHON RATCHASIMA, TH",14.967,102.083,188.0,1996-03-28,0.0,27.7,32.0,25.6
TH000048431,"NAKHON RATCHASIMA, TH",14.967,102.083,188.0,1996-03-29,0.0,30.3,36.5,
TH000048431,"NAKHON RATCHASIMA, TH",14.967,102.083,188.0,1996-03-30,0.0,31.2,37.7,24.3
TH000048431,"NAKHON RATCHASIMA, TH",14.967,102.083,188.0,1996-03-31,0.0,31.8,39.2,25.0
TH000048431,"NAKHON RATCHASIMA, TH",14.967,102.083,188.0,1996-04-01,0.0,32.4,40.4,24.3
TH000048431,"NAKHON RATCHASIMA, TH",14.967,102.083,188.0,1996-04-02,0.0,32.2,,24.3
TH000048431,"NAKHON RATCHASIMA, TH",14.967,102.083,188.0,1996-04-03,,28.1,35.6,
TH000048431,"NAKHON RATCHASIMA, TH",14.967,102.083,188.0,1996-04-04,15.0,27.6,32.7,
TH000048431,"NAKHON RATCHASIMA, TH",14.967,102.083,188.0,1996-04-05,2.0,26.1,31.7,23.1
TH000048431,"NAKHON RATCHASIMA, TH",14.967,102.083,188.0,1996-04-06,0.0,29.3,35.4,23.1
TH000048431,"NAKHON RATCHASIMA, TH",14.967,102.083,188.0,1996-04-07,0.0,30.5,37.2,24.7
TH000048431,"NAKHON RATCHASIMA, TH",14.967,102.083,188.0,1996-04-08,0.0,31.9,38.3,
TH000048431,"NAKHON RATCHASIMA, TH",14.967,102.083,188.0,1996-04-09,0.0,31.6,38.3,25.5
TH000048431,"NAKHON RATCHASIMA, TH",14.967,102.083,188.0,1996-04-10,0.0,30.7,38.6,25.4
TH000048431,"NAKHON RATCHASIMA, TH",14.967,102.083,188.0,1996-04-11,0.0,30.9,38.5,25.6
TH000048431,"NAKHON RATCHASIMA, TH",14.967,102.083,188.0,1996-04-12,0.0,27.7,33.1,25.2
TH000048431,"NAKHON RATCHASIMA, TH",14.967,102.083,188.0,1996-04-13,7.9,30.3,35.9,24.3
TH000048431,"NAKHON RATCHASIMA, TH",14.967,102.083,188.0,1996-04-14,0.0,28.2,30.8,24.5
TH000048431,"NAKHON RATCHASIMA, TH",14.967,102.083,188.0,1996-04-15,0.0,28.3,33.6,24.9
TH000048431,"NAKHON RATCHASIMA, TH",14.967,102.083,188.0,1996-04-16,,28.9,35.1,
TH000048431,"NAKHON RATCHASIMA, TH",14.967,102.083,188.0,1996-04-17,1.0,30.2,38.1,24.0
TH000048431,"NAKHON RATCHASIMA, TH",14.967,102.083,188.0,1996-04-18,2.0,30.3,37.7,24.9
TH000048431,"NAKHON RATCHASIMA, TH",14.967,102.083,188.0,1996-04-19,7.1,31.3,,25.3
TH000048431,"NAKHON RATCHASIMA, TH",14.967,102.083,188.0,1996-04-20,0.0,27.6,33.8,
TH000048431,"NAKHON RATCHASIMA, TH",14.967,102.083,188.0,1996-04-21,0.0,27.1,32.9,21.7
TH000048431,"NAKHON RATCHASIMA, TH",14.967,102.083,188.0,1996-04-22,0.0,26.3,30.7,22.6
TH000048431,"NAKHON RATCHASIMA, TH",14.967,102.083,188.0,1996-04-23,0.0,28.9,33.7,
TH000048431,"NAKHON RATCHASIMA, TH",14.967,102.083,188.0,1996-04-24,0.0,31.3,37.3,23.7
TH000048431,"NAKHON RATCHASIMA, TH",14.967,102.083,188.0,1996-04-25,0.0,29.6,37.4,
TH000048431,"NAKHON RATCHASIMA, TH",14.967,102.083,188.0,1996-04-26,0.0,28.0,33.8,24.5
TH000048431,"NAKHON RATCHASIMA, TH",14.967,102.083,188.0,1996-04-27,17.0,28.8,35.7,24.7
TH000048431,"NAKHON RATCHASIMA, TH",14.967,102.083,188.0,1996-04-28,4.1,29.1,35.0,24.5
TH000048431,"NAKHON RATCHASIMA, TH",14.967,102.083,188.0,1996-04-29,0.0,28.7,35.9,25.2
TH000048431,"NAKHON RATCHASIMA, TH",14.967,102.083,188.0,1996-04-30,1.0,27.3,31.8,24.0
TH000048431,"NAKHON RATCHASIMA, TH",14.967,102.083,188.0,1996-05-01,0.5,28.6,36.1,24.6
TH000048431,"NAKHON RATCHASIMA, TH",14.967,102.083,188.0,1996-05-02,4.1,28.8,33.8,24.4
TH000048431,"NAKHON RATCHASIMA, TH",14.967,102.083,188.0,1996-05-03,0.0,27.4,32.3,
TH000048431,"NAKHON RATCHASIMA, TH",14.967,102.083,188.0,1996-05-04,16.0,28.7,35.3,24.2
TH000048431,"NAKHON RATCHASIMA, TH",14.967,102.083,188.0,1996-05-05,0.0,29.6,36.6,25.5
TH000048431,"NAKHON RATCHASIMA, TH",14.967,102.083,188.0,1996-05-06,8.9,30.1,,25.7
TH000048431,"NAKHON RATCHASIMA, TH",14.967,102.083,188.0,1996-05-07,0.0,30.8,35.8,
TH000048431,"NAKHON RATCHASIMA, TH",14.967,102.083,188.0,1996-05-08,16.0,27.8,32.3,23.3
TH000048431,"NAKHON RATCHASIMA, TH",14.967,102.083,188.0,1996-05-09,4.1,27.6,34.7,23.7
TH000048431,"NAKHON RATCHASIMA, TH",14.967,102.083,188.0,1996-05-10,2.0,29.9,33.5,24.5
TH000048431,"NAKHON RATCHASIMA, TH",14.967,102.083,188.0,1996-05-11,0.0,28.3,35.2,
TH000048431,"NAKHON RATCHASIMA, TH",14.967,102.083,188.0,1996-05-12,27.9,26.7,30.7,23.4
TH000048431,"NAKHON RATCHASIMA, TH",14.967,102.083,188.0,1996-05-13,0.0,25.6,30.3,
TH000048431,"NAKHON RATCHASIMA, TH",14.967,102.083,188.0,1996-05-14,9.9,29.1,33.7,23.2
TH000048431,"NAKHON RATCHASIMA, TH",14.967,102.083,188.0,1996-05-15,0.0,30.5,35.1,24.8
TH000048431,"NAKHON RATCHASIMA, TH",14.967,102.083,188.0,1996-05-16,0.0,27.0,34.4,
TH000048431,"NAKHON RATCHASIMA, TH",14.967,102.083,188.0,1996-05-17,6.1,28.3,34.0,24.0
TH000048431,"NAKHON RATCHASIMA, TH",14.967,102.083,188.0,1996-05-18,7.9,27.3,33.0,23.8
TH000048431,"NAKHON RATCHASIMA, TH",14.967,102.083,188.0,1996-05-19,0.0,27.3,32.7,24.2
TH000048431,"NAKHON RATCHASIMA, TH",14.967,102.083,188.0,1996-05-20,14.0,27.7,31.4,23.7
TH000048431,"NAKHON RATCHASIMA, TH",14.967,102.083,188.0,1996-05-21,17.0,27.3,31.7,23.9
TH000048431,"NAKHON RATCHASIMA, TH",14.967,102.083,188.0,1996-05-22,0.0,27.6,33.1,24.5
TH000048431,"NAKHON RATCHASIMA, TH",14.967,102.083,188.0,1996-05-23,7.9,29.3,33.8,24.4
TH000048431,"NAKHON RATCHASIMA, TH",14.967,102.083,188.0,1996-05-24,0.0,29.4,34.8,24.6
TH000048431,"NAKHON RATCHASIMA, TH",14.967,102.083,188.0,1996-05-25,0.0,29.8,34.6,24.8
TH000048431,"NAKHON RATCHASIMA, TH",14.967,102.083,188.0,1996-05-26,0.0,29.8,34.7,25.0
TH000048431,"NAKHON RATCHASIMA, TH",14.967,102.083,188.0,1996-05-27,0.0,29.4,36.0,
TH000048431,"NAKHON RATCHASIMA, TH",14.967,102.083,188.0,1996-05-28,0.0,30.1,35.6,24.4
TH000048431,"NAKHON RATCHASIMA, TH",14.967,102.083,188.0,1996-05-29,0.0,28.9,35.1,25.2
TH000048431,"NAKHON RATCHASIMA, TH",14.967,102.083,188.0,1996-05-30,0.0,28.6,35.5,25.4
TH000048431,"NAKHON RATCHASIMA, TH",14.967,102.083,188.0,1996-05-31,0.0,29.9,,25.1
TH000048431,"NAKHON RATCHASIMA, TH",14.967,102.083,188.0,1996-06-01,0.0,29.3,35.1,25.6
TH000048431,"NAKHON RATCHASIMA, TH",14.967,102.083,188.0,1996-06-02,19.1,27.9,34.5,25.6
TH000048431,"NAKHON RATCHASIMA, TH",14.967,102.083,188.0,1996-06-03,6.1,26.6,32.5,
TH000048431,"NAKHON RATCHASIMA, TH",14.967,102.083,188.0,1996-06-04,6.1,29.4,35.0,23.5
TH000048431,"NAKHON RATCHASIMA, TH",14.967,102.083,188.0,1996-06-05,0.0,30.0,34.7,25.2
TH000048431,"NAKHON RATCHASIMA, TH",14.967,102.083,188.0,1996-06-06,0.0,30.5,35.6,25.4
TH000048431,"NAKHON RATCHASIMA, TH",14.967,102.083,188.0,1996-06-07,0.0,28.8,33.2,
TH000048431,"NAKHON RATCHASIMA, TH",14.967,102.083,188.0,1996-06-08,7.1,26.2,,23.4
TH000048431,"NAKHON RATCHASIMA, TH",14.967,102.083,188.0,1996-06-09,32.0,28.3,32.2,24.7
TH000048431,"NAKHON RATCHASIMA, TH",14.967,102.083,188.0,1996-06-10,0.0,27.1,31.8,
TH000048431,"NAKHON RATCHASIMA, TH",14.967,102.083,188.0,1996-06-11,23.1,28.3,33.2,23.5
TH000048431,"NAKHON RATCHASIMA, TH",14.967,102.083,188.0,1996-06-12,0.0,28.0,33.7,25.0
TH000048431,"NAKHON RATCHASIMA, TH",14.967,102.083,188.0,1996-06-13,0.0,26.8,32.4,
TH000048431,"NAKHON RATCHASIMA, TH",14.967,102.083,188.0,1996-06-14,36.1,27.2,31.3,24.5
TH000048431,"NAKHON RATCHASIMA, TH",14.967,102.083,188.0,1996-06-15,0.5,27.8,33.6,24.4
TH000048431,"NAKHON RATCHASIMA, TH",14.967,102.083,188.0,1996-06-16,1.0,28.4,33.6,24.1
TH000048431,"NAKHON RATCHASIMA, TH",14.967,102.083,188.0,1996-06-17,4.1,28.0,34.2,24.2
TH000048431,"NAKHON RATCHASIMA, TH",14.967,102.083,188.0,1996-06-18,21.1,28.2,33.7,24.6
TH000048431,"NAKHON RATCHASIMA, TH",14.967,102.083,188.0,1996-06-19,7.1,29.1,34.0,24.8
TH000048431,"NAKHON RATCHASIMA, TH",14.967,102.083,188.0,1996-06-20,0.0,29.7,34.3,
TH000048431,"NAKHON RATCHASIMA, TH",14.967,102.083,188.0,1996-06-21,0.0,29.8,34.4,25.0
TH000048431,"NAKHON RATCHASIMA, TH",14.967,102.083,188.0,1996-06-22,0.0,30.0,35.2,25.6
TH000048431,"NAKHON RATCHASIMA, TH",14.967,102.083,188.0,1996-06-23,0.0,29.9,34.7,25.1
TH000048431,"NAKHON RATCHASIMA, TH",14.967,102.083,188.0,1996-06-24,0.0,28.9,34.3,24.5
TH000048431,"NAKHON RATCHASIMA, TH",14.967,102.083,188.0,1996-06-25,23.9,27.5,31.6,24.9
TH000048431,"NAKHON RATCHASIMA, TH",14.967,102.083,188.0,1996-06-26,6.1,28.1,31.7,25.0
TH000048431,"NAKHON RATCHASIMA, TH",14.967,102.083,188.0,1996-06-27,0.0,29.8,35.0,24.7
TH000048431,"NAKHON RATCHASIMA, TH",14.967,102.083,188.0,1996-06-28,0.0,29.9,35.5,25.0
TH000048431,"NAKHON RATCHASIMA, TH",14.967,102.083,188.0,1996-06-29,0.0,30.2,,24.4
TH000048431,"NAKHON RATCHASIMA, TH",14.967,102.083,188.0,1996-06-30,0.0,29.7,35.6,26.0
TH000048431,"NAKHON RATCHASIMA, TH",14.967,102.083,188.0,1996-07-01,0.0,30.4,36.1,25.7
TH000048431,"NAKHON RATCHASIMA, TH",14.967,102.083,188.0,1996-07-02,0.0,27.6,35.9,
TH000048431,"NAKHON RATCHASIMA, TH",14.967,102.083,188.0,1996-07-03,4.1,27.3,32.8,23.6
TH000048431,"NAKHON RATCHASIMA, TH",14.967,102.083,188.0,1996-07-04,2.0,28.3,33.7,24.6
TH000048431,"NAKHON RATCHASIMA, TH",14.967,102.083,188.0,1996-07-05,0.0,28.0,34.2,
TH000048431,"NAKHON RATCHASIMA, TH",14.967,102.083,188.0,1996-07-06,13.0,28.3,33.4,24.1
TH000048431,"NAKHON RATCHASIMA, TH",14.967,102.083,188.0,1996-07-07,0.5,27.8,33.2,
TH000048431,"NAKHON RATCHASIMA, TH",14.967,102.083,188.0,1996-07-08,2.0,27.4,32.7,24.2
TH000048431,"NAKHON RATCHASIMA, TH",14.967,102.083,188.0,1996-07-09,0.5,28.9,34.4,23.8
TH000048431,"NAKHON RATCHASIMA, TH",14.967,102.083,188.0,1996-07-10,0.0,29.2,35.2,24.2
TH000048431,"NAKHON RATCHASIMA, TH",14.967,102.083,188.0,1996-07-11,5.1,28.5,33.6,24.6
TH000048431,"NAKHON RATCHASIMA, TH",14.967,102.083,188.0,1996-07-12,0.0,28.4,33.8,24.9
TH000048431,"NAKHON RATCHASIMA, TH",14.967,102.083,188.0,1996-07-13,0.0,27.8,33.0,24.5
TH000048431,"NAKHON RATCHASIMA, TH",14.967,102.083,188.0,1996-07-14,2.0,28.2,34.0,24.5
TH000048431,"NAKHON RATCHASIMA, TH",14.967,102.083,188.0,1996-07-15,30.0,29.3,34.3,24.6
TH000048431,"NAKHON RATCHASIMA, TH",14.967,102.083,188.0,1996-07-16,0.0,28.3,34.0,25.0
TH000048431,"NAKHON RATCHASIMA, TH",14.967,102.083,188.0,1996-07-17,0.0,28.2,33.9,
TH000048431,"NAKHON RATCHASIMA, TH",14.967,102.083,188.0,1996-07-18,24.9,28.6,32.4,24.3
TH000048431,"NAKHON RATCHASIMA, TH",14.967,102.083,188.0,1996-07-19,0.0,27.8,33.3,
TH000048431,"NAKHON RATCHASIMA, TH",14.967,102.083,188.0,1996-07-20,9.9,28.4,33.7,23.8
TH000048431,"NAKHON RATCHASIMA, TH",14.967,102.083,188.0,1996-07-21,0.3,28.9,32.5,24.5
TH000048431,"NAKHON RATCHASIMA, TH",14.967,102.083,188.0,1996-07-22,0.0,27.1,29.7,
TH000048431,"NAKHON RATCHASIMA, TH",14.967,102.083,188.0,1996-07-23,1.0,26.9,31.2,24.1
TH000048431,"NAKHON RATCHASIMA, TH",14.967,102.083,188.0,1996-07-24,2.0,28.2,31.7,24.6
TH000048431,"NAKHON RATCHASIMA, TH",14.967,102.083,188.0,1996-07-25,0.0,27.4,30.2,
TH000048431,"NAKHON RATCHASIMA, TH",14.967,102.083,188.0,1996-07-26,0.0,27.4,31.7,24.6
TH000048431,"NAKHON RATCHASIMA, TH",14.967,102.083,188.0,1996-07-27,0.0,27.8,30.7,24.4
TH000048431,"NAKHON RATCHASIMA, TH",14.967,102.083,188.0,1996-07-28,0.0,27.4,33.2,23.0
TH000048431,"NAKHON RATCHASIMA, TH",14.967,102.083,188.0,1996-07-29,0.0,28.1,33.2,24.5
TH000048431,"NAKHON RATCHASIMA, TH",14.967,102.083,188.0,1996-07-30,,28.4,33.5,
TH000048431,"NAKHON RATCHASIMA, TH",14.967,102.083,188.0,1996-07-31,1.0,28.8,33.8,23.4
TH000048431,"NAKHON RATCHASIMA, TH",14.967,102.083,188.0,1996-08-01,0.0,29.3,34.4,24.6
TH000048431,"NAKHON RATCHASIMA, TH",14.967,102.083,188.0,1996-08-02,0.0,29.4,33.7,24.9
TH000048431,"NAKHON RATCHASIMA, TH",14.967,102.083,188.0,1996-08-03,,29.4,35.2,
TH000048431,"NAKHON RATCHASIMA, TH",14.967,102.083,188.0,1996-08-04,17.0,26.6,30.3,23.6
TH000048431,"NAKHON RATCHASIMA, TH",14.967,102.083,188.0,1996-08-05,1.0,26.3,31.3,
TH000048431,"NAKHON RATCHASIMA, TH",14.967,102.083,188.0,1996-08-06,2.0,26.4,31.0,22.7
TH000048431,"NAKHON RATCHASIMA, TH",14.967,102.083,188.0,1996-08-07,0.0,29.3,34.0,
TH000048431,"NAKHON RATCHASIMA, TH",14.967,102.083,188.0,1996-08-08,,28.6,35.2,24.2
TH000048431,"NAKHON RATCHASIMA, TH",14.967,102.083,188.0,1996-08-09,63.0,28.4,34.5,23.0
TH000048431,"NAKHON RATCHASIMA, TH",14.967,102.083,188.0,1996-08-10,0.0,29.4,34.3,
TH000048431,"NAKHON RATCHASIMA, TH",14.967,102.083,188.0,1996-08-11,0.0,28.1,33.6,24.7
TH000048431,"NAKHON RATCHASIMA, TH",14.967,102.083,188.0,1996-08-12,0.0,29.8,33.7,24.6
TH000048431,"NAKHON RATCHASIMA, TH",14.967,102.083,188.0,1996-08-13,0.0,28.6,33.5,24.8
TH000048431,"NAKHON RATCHASIMA, TH",14.967,102.083,188.0,1996-08-14,0.0,25.8,33.0,
TH000048431,"NAKHON RATCHASIMA, TH",14.967,102.083,188.0,1996-08-15,53.1,27.0,33.8,24.4
TH000048431,"NAKHON RATCHASIMA, TH",14.967,102.083,188.0,1996-08-16,1.0,28.6,33.4,24.6
TH000048431,"NAKHON RATCHASIMA, TH",14.967,102.083,188.0,1996-08-17,0.0,28.9,34.7,25.0
TH000048431,"NAKHON RATCHASIMA, TH",14.967,102.083,188.0,1996-08-18,,27.8,34.0,
TH000048431,"NAKHON RATCHASIMA, TH",14.967,102.083,188.0,1996-08-19,58.9,26.4,33.2,23.2
TH000048431,"NAKHON RATCHASIMA, TH",14.967,102.083,188.0,1996-08-20,11.9,27.7,31.6,24.1
TH000048431,"NAKHON RATCHASIMA, TH",14.967,102.083,188.0,1996-08-21,0.0,28.5,33.4,24.0
TH000048431,"NAKHON RATCHASIMA, TH",14.967,102.083,188.0,1996-08-22,0.0,28.3,33.2,24.4
TH000048431,"NAKHON RATCHASIMA, TH",14.967,102.083,188.0,1996-08-23,0.0,27.6,32.1,24.5
TH000048431,"NAKHON RATCHASIMA, TH",14.967,102.083,188.0,1996-08-24,0.0,27.3,31.0,24.5
TH000048431,"NAKHON RATCHASIMA, TH",14.967,102.083,188.0,1996-08-25,0.0,25.4,30.6,24.0
TH000048431,"NAKHON RATCHASIMA, TH",14.967,102.083,188.0,1996-08-26,3.0,27.4,32.9,23.2
TH000048431,"NAKHON RATCHASIMA, TH",14.967,102.083,188.0,1996-08-27,0.0,28.6,33.1,24.5
TH000048431,"NAKHON RATCHASIMA, TH",14.967,102.083,188.0,1996-08-28,0.0,28.8,34.5,24.5
TH000048431,"NAKHON RATCHASIMA, TH",14.967,102.083,188.0,1996-08-29,,27.1,33.9,24.5
TH000048431,"NAKHON RATCHASIMA, TH",14.967,102.083,188.0,1996-08-30,13.0,27.8,32.6,23.8
TH000048431,"NAKHON RATCHASIMA, TH",14.967,102.083,188.0,1996-08-31,0.0,27.8,34.3,
TH000048431,"NAKHON RATCHASIMA, TH",14.967,102.083,188.0,1996-09-01,26.9,27.7,33.2,23.4
TH000048431,"NAKHON RATCHASIMA, TH",14.967,102.083,188.0,1996-09-02,0.0,26.8,31.1,
TH000048431,"NAKHON RATCHASIMA, TH",14.967,102.083,188.0,1996-09-03,0.5,26.6,32.1,
TH000048431,"NAKHON RATCHASIMA, TH",14.967,102.083,188.0,1996-09-04,1.0,27.4,,22.7
TH000048431,"NAKHON RATCHASIMA, TH",14.967,102.083,188.0,1996-09-05,2.0,26.9,31.5,23.2
TH000048431,"NAKHON RATCHASIMA, TH",14.967,102.083,188.0,1996-09-06,0.0,26.9,31.5,24.2
TH000048431,"NAKHON RATCHASIMA, TH",14.967,102.083,188.0,1996-09-07,19.1,27.0,31.8,24.0
TH000048431,"NAKHON RATCHASIMA, TH",14.967,102.083,188.0,1996-09-08,27.9,26.2,31.0,23.5
TH000048431,"NAKHON RATCHASIMA, TH",14.967,102.083,188.0,1996-09-09,0.5,28.9,32.7,23.6
TH000048431,"NAKHON RATCHASIMA, TH",14.967,102.083,188.0,1996-09-10,0.0,27.3,33.2,24.1
TH000048431,"NAKHON RATCHASIMA, TH",14.967,102.083,188.0,1996-09-11,2.0,27.1,31.9,24.0
TH000048431,"NAKHON RATCHASIMA, TH",14.967,102.083,188.0,1996-09-12,4.1,27.0,30.9,23.5
TH000048431,"NAKHON RATCHASIMA, TH",14.967,102.083,188.0,1996-09-13,2.0,25.1,27.1,23.6
TH000048431,"NAKHON RATCHASIMA, TH",14.967,102.083,188.0,1996-09-14,4.1,25.7,27.2,23.7
TH000048431,"NAKHON RATCHASIMA, TH",14.967,102.083,188.0,1996-09-15,7.1,28.0,31.5,23.7
TH000048431,"NAKHON RATCHASIMA, TH",14.967,102.083,188.0,1996-09-16,0.0,29.5,34.1,25.0
TH000048431,"NAKHON RATCHASIMA, TH",14.967,102.083,188.0,1996-09-17,0.0,28.2,31.9,25.2
TH000048431,"NAKHON RATCHASIMA, TH",14.967,102.083,188.0,1996-09-18,0.0,28.2,32.5,25.0
TH000048431,"NAKHON RATCHASIMA, TH",14.967,102.083,188.0,1996-09-19,0.0,28.8,33.2,24.8
TH000048431,"NAKHON RATCHASIMA, TH",14.967,102.083,188.0,1996-09-20,0.0,27.7,34.3,
TH000048431,"NAKHON RATCHASIMA, TH",14.967,102.083,188.0,1996-09-21,38.1,25.9,29.5,23.6
TH000048431,"NAKHON RATCHASIMA, TH",14.967,102.083,188.0,1996-09-22,3.0,26.9,29.7,24.2
TH000048431,"NAKHON RATCHASIMA, TH",14.967,102.083,188.0,1996-09-23,0.5,27.3,31.0,24.4
TH000048431,"NAKHON RATCHASIMA, TH",14.967,102.083,188.0,1996-09-24,0.0,27.0,32.5,24.0
TH000048431,"NAKHON RATCHASIMA, TH",14.967,102.083,188.0,1996-09-25,1.0,26.3,30.3,
TH000048431,"NAKHON RATCHASIMA, TH",14.967,102.083,188.0,1996-09-26,67.1,26.4,29.9,22.6
TH000048431,"NAKHON RATCHASIMA, TH",14.967,102.083,188.0,1996-09-27,2.0,26.8,31.9,
TH000048431,"NAKHON RATCHASIMA, TH",14.967,102.083,188.0,1996-09-28,6.1,26.1,31.6,23.9
TH000048431,"NAKHON RATCHASIMA, TH",14.967,102.083,188.0,1996-09-29,31.0,26.5,30.8,23.3
TH000048431,"NAKHON RATCHASIMA, TH",14.967,102.083,188.0,1996-09-30,2.0,26.1,30.8,24.0
TH000048431,"NAKHON RATCHASIMA, TH",14.967,102.083,188.0,1996-10-01,32.0,24.3,26.2,23.0
TH000048431,"NAKHON RATCHASIMA, TH",14.967,102.083,188.0,1996-10-02,18.0,24.9,28.8,23.4
TH000048431,"NAKHON RATCHASIMA, TH",14.967,102.083,188.0,1996-10-03,8.9,26.3,29.5,23.1
TH000048431,"NAKHON RATCHASIMA, TH",14.967,102.083,188.0,1996-10-04,5.1,27.5,32.0,
TH000048431,"NAKHON RATCHASIMA, TH",14.967,102.083,188.0,1996-10-05,10.9,26.6,30.0,23.6
TH000048431,"NAKHON RATCHASIMA, TH",14.967,102.083,188.0,1996-10-06,1.0,27.0,31.8,23.5
TH000048431,"NAKHON RATCHASIMA, TH",14.967,102.083,188.0,1996-10-07,1.0,27.1,31.9,24.0
TH000048431,"NAKHON RATCHASIMA, TH",14.967,102.083,188.0,1996-10-08,6.1,26.0,32.0,23.5
TH000048431,"NAKHON RATCHASIMA, TH",14.967,102.083,188.0,1996-10-09,0.0,27.2,31.2,
TH000048431,"NAKHON RATCHASIMA, TH",14.967,102.083,188.0,1996-10-10,2.0,27.1,30.8,23.5
TH000048431,"NAKHON RATCHASIMA, TH",14.967,102.083,188.0,1996-10-11,1.0,27.4,30.7,23.5
TH000048431,"NAKHON RATCHASIMA, TH",14.967,102.083,188.0,1996-10-12,0.0,27.4,30.2,24.5
TH000048431,"NAKHON RATCHASIMA, TH",14.967,102.083,188.0,1996-10-13,0.0,27.3,30.6,
TH000048431,"NAKHON RATCHASIMA, TH",14.967,102.083,188.0,1996-10-14,0.0,26.8,30.9,
TH000048431,"NAKHON RATCHASIMA, TH",14.967,102.083,188.0,1996-10-15,0.0,26.6,31.3,21.8
TH000048431,"NAKHON RATCHASIMA, TH",14.967,102.083,188.0,1996-10-16,0.0,27.5,32.0,22.5
TH000048431,"NAKHON RATCHASIMA, TH",14.967,102.083,188.0,1996-10-17,0.0,28.4,32.5,23.7
TH000048431,"NAKHON RATCHASIMA, TH",14.967,102.083,188.0,1996-10-18,0.0,28.2,32.5,24.7
TH000048431,"NAKHON RATCHASIMA, TH",14.967,102.083,188.0,1996-10-19,0.0,26.6,31.2,24.7
TH000048431,"NAKHON RATCHASIMA, TH",14.967,102.083,188.0,1996-10-20,0.0,27.4,31.5,22.9
TH000048431,"NAKHON RATCHASIMA, TH",14.967,102.083,188.0,1996-10-21,0.0,26.6,31.1,
TH000048431,"NAKHON RATCHASIMA, TH",14.967,102.083,188.0,1996-10-22,0.0,27.2,31.5,22.1
TH000048431,"NAKHON RATCHASIMA, TH",14.967,102.083,188.0,1996-10-23,,26.7,28.8,
TH000048431,"NAKHON RATCHASIMA, TH",14.967,102.083,188.0,1996-10-24,1.0,25.2,28.5,23.0
TH000048431,"NAKHON RATCHASIMA, TH",14.967,102.083,188.0,1996-10-25,0.0,24.5,25.2,
TH000048431,"NAKHON RATCHASIMA, TH",14.967,102.083,188.0,1996-10-26,3.0,25.3,29.4,
TH000048431,"NAKHON RATCHASIMA, TH",14.967,102.083,188.0,1996-10-27,0.0,25.5,30.1,20.4
TH000048431,"NAKHON RATCHASIMA, TH",14.967,102.083,188.0,1996-10-28,0.0,27.3,30.8,21.6
TH000048431,"NAKHON RATCHASIMA, TH",14.967,102.083,188.0,1996-10-29,0.0,27.9,32.0,24.0
TH000048431,"NAKHON RATCHASIMA, TH",14.967,102.083,188.0,1996-10-30,,27.3,31.2,
TH000048431,"NAKHON RATCHASIMA, TH",14.967,102.083,188.0,1996-10-31,23.1,25.5,31.2,23.3
TH000048431,"NAKHON RATCHASIMA, TH",14.967,102.083,188.0,1996-11-01,4.1,27.2,31.0,23.0
TH000048431,"NAKHON RATCHASIMA, TH",14.967,102.083,188.0,1996-11-02,3.0,26.8,31.5,
TH000048431,"NAKHON RATCHASIMA, TH",14.967,102.083,188.0,1996-11-03,8.9,24.6,27.5,
TH000048431,"NAKHON RATCHASIMA, TH",14.967,102.083,188.0,1996-11-04,18.0,25.1,28.2,22.6
TH000048431,"NAKHON RATCHASIMA, TH",14.967,102.083,188.0,1996-11-05,3.0,27.0,32.0,23.5
TH000048431,"NAKHON RATCHASIMA, TH",14.967,102.083,188.0,1996-11-06,0.0,25.6,30.1,
TH000048431,"NAKHON RATCHASIMA, TH",14.967,102.083,188.0,1996-11-07,4.1,25.9,29.7,
TH000048431,"NAKHON RATCHASIMA, TH",14.967,102.083,188.0,1996-11-08,0.0,26.2,30.8,20.7
TH000048431,"NAKHON RATCHASIMA, TH",14.967,102.083,188.0,1996-11-09,0.0,26.6,31.7,22.1
TH000048431,"NAKHON RATCHASIMA, TH",14.967,102.083,188.0,1996-11-10,0.0,28.3,32.9,23.0
TH000048431,"NAKHON RATCHASIMA, TH",14.967,102.083,188.0,1996-11-11,0.0,27.9,33.3,24.4
TH000048431,"NAKHON RATCHASIMA, TH",14.967,102.083,188.0,1996-11-12,0.0,27.0,31.5,
TH000048431,"NAKHON RATCHASIMA, TH",14.967,102.083,188.0,1996-11-13,0.0,25.6,29.0,
TH000048431,"NAKHON RATCHASIMA, TH",14.967,102.083,188.0,1996-11-14,0.0,25.8,29.1,23.2
TH000048431,"NAKHON RATCHASIMA, TH",14.967,102.083,188.0,1996-11-15,0.0,26.4,30.5,
TH000048431,"NAKHON RATCHASIMA, TH",14.967,102.083,188.0,1996-11-16,0.0,25.4,29.2,21.2
TH000048431,"NAKHON RATCHASIMA, TH",14.967,102.083,188.0,1996-11-17,0.0,25.6,28.7,23.3
TH000048431,"NAKHON RATCHASIMA, TH",14.967,102.083,188.0,1996-11-18,0.0,23.0,26.5,
TH000048431,"NAKHON RATCHASIMA, TH",14.967,102.083,188.0,1996-11-19,0.0,22.3,25.4,19.6
TH000048431,"NAKHON RATCHASIMA, TH",14.967,102.083,188.0,1996-11-20,0.0,24.2,28.3,19.3
TH000048431,"NAKHON RATCHASIMA, TH",14.967,102.083,188.0,1996-11-21,0.0,24.1,28.3,20.0
TH000048431,"NAKHON RATCHASIMA, TH",14.967,102.083,188.0,1996-11-22,0.0,24.4,28.6,19.6
TH000048431,"NAKHON RATCHASIMA, TH",14.967,102.083,188.0,1996-11-23,0.0,24.9,29.1,20.4
TH000048431,"NAKHON RATCHASIMA, TH",14.967,102.083,188.0,1996-11-24,0.0,23.5,27.2,
TH000048431,"NAKHON RATCHASIMA, TH",14.967,102.083,188.0,1996-11-25,0.0,25.1,29.7,20.3
TH000048431,"NAKHON RATCHASIMA, TH",14.967,102.083,188.0,1996-11-26,0.0,26.2,,
TH000048431,"NAKHON RATCHASIMA, TH",14.967,102.083,188.0,1996-11-27,0.0,25.8,30.4,21.0
TH000048431,"NAKHON RATCHASIMA, TH",14.967,102.083,188.0,1996-11-28,0.0,25.7,30.7,20.1
TH000048431,"NAKHON RATCHASIMA, TH",14.967,102.083,188.0,1996-11-29,0.0,26.7,,21.2
TH000048431,"NAKHON RATCHASIMA, TH",14.967,102.083,188.0,1996-11-30,0.0,26.4,30.5,22.3
TH000048431,"NAKHON RATCHASIMA, TH",14.967,102.083,188.0,1996-12-01,0.0,24.2,27.2,
TH000048431,"NAKHON RATCHASIMA, TH",14.967,102.083,188.0,1996-12-02,0.0,24.0,26.7,20.0
TH000048431,"NAKHON RATCHASIMA, TH",14.967,102.083,188.0,1996-12-03,0.0,25.2,29.7,21.2
TH000048431,"NAKHON RATCHASIMA, TH",14.967,102.083,188.0,1996-12-04,0.0,25.1,30.4,20.7
TH000048431,"NAKHON RATCHASIMA, TH",14.967,102.083,188.0,1996-12-05,0.0,26.4,,20.3
TH000048431,"NAKHON RATCHASIMA, TH",14.967,102.083,188.0,1996-12-06,0.0,24.0,29.4,
TH000048431,"NAKHON RATCHASIMA, TH",14.967,102.083,188.0,1996-12-07,0.0,21.4,25.7,
TH000048431,"NAKHON RATCHASIMA, TH",14.967,102.083,188.0,1996-12-08,0.0,20.5,24.2,17.0
TH000048431,"NAKHON RATCHASIMA, TH",14.967,102.083,188.0,1996-12-09,0.0,23.8,28.6,18.0
TH000048431,"NAKHON RATCHASIMA, TH",14.967,102.083,188.0,1996-12-10,0.0,22.6,27.0,
TH000048431,"NAKHON RATCHASIMA, TH",14.967,102.083,188.0,1996-12-11,0.0,22.3,27.7,17.4
TH000048431,"NAKHON RATCHASIMA, TH",14.967,102.083,188.0,1996-12-12,0.0,22.9,28.0,18.1
TH000048431,"NAKHON RATCHASIMA, TH",14.967,102.083,188.0,1996-12-13,0.0,22.3,27.7,18.8
TH000048431,"NAKHON RATCHASIMA, TH",14.967,102.083,188.0,1996-12-14,0.0,22.3,28.2,17.0
TH000048431,"NAKHON RATCHASIMA, TH",14.967,102.083,188.0,1996-12-15,0.0,22.2,29.0,16.7
TH000048431,"NAKHON RATCHASIMA, TH",14.967,102.083,188.0,1996-12-16,0.0,22.3,28.6,15.9
TH000048431,"NAKHON RATCHASIMA, TH",14.967,102.083,188.0,1996-12-17,0.0,23.3,27.8,17.0
TH000048431,"NAKHON RATCHASIMA, TH",14.967,102.083,188.0,1996-12-18,0.0,24.2,27.6,19.4
TH000048431,"NAKHON RATCHASIMA, TH",14.967,102.083,188.0,1996-12-19,0.0,24.7,29.0,19.5
TH000048431,"NAKHON RATCHASIMA, TH",14.967,102.083,188.0,1996-12-20,0.0,22.8,26.8,19.1
TH000048431,"NAKHON RATCHASIMA, TH",14.967,102.083,188.0,1996-12-21,0.0,22.3,27.4,
TH000048431,"NAKHON RATCHASIMA, TH",14.967,102.083,188.0,1996-12-22,0.0,21.8,27.8,15.8
TH000048431,"NAKHON RATCHASIMA, TH",14.967,102.083,188.0,1996-12-23,0.0,20.6,27.7,14.2
TH000048431,"NAKHON RATCHASIMA, TH",14.967,102.083,188.0,1996-12-24,0.0,19.2,26.5,
TH000048431,"NAKHON RATCHASIMA, TH",14.967,102.083,188.0,1996-12-25,0.0,19.2,26.9,12.1
TH000048431,"NAKHON RATCHASIMA, TH",14.967,102.083,188.0,1996-12-26,0.0,19.7,27.4,12.5
TH000048431,"NAKHON RATCHASIMA, TH",14.967,102.083,188.0,1996-12-27,0.0,18.1,,12.6
TH000048431,"NAKHON RATCHASIMA, TH",14.967,102.083,188.0,1996-12-28,0.0,20.9,27.5,11.9
TH000048431,"NAKHON RATCHASIMA, TH",14.967,102.083,188.0,1996-12-29,0.0,23.4,29.1,14.6
TH000048431,"NAKHON RATCHASIMA, TH",14.967,102.083,188.0,1996-12-30,0.0,24.2,29.5,
TH000048431,"NAKHON RATCHASIMA, TH",14.967,102.083,188.0,1996-12-31,0.0,24.7,30.7,18.2
TH000048431,"NAKHON RATCHASIMA, TH",14.967,102.083,188.0,1997-01-01,0.0,22.8,30.2,
TH000048431,"NAKHON RATCHASIMA, TH",14.967,102.083,188.0,1997-01-02,0.0,22.9,28.5,16.1
TH000048431,"NAKHON RATCHASIMA, TH",14.967,102.083,188.0,1997-01-03,0.0,23.8,30.0,17.0
TH000048431,"NAKHON RATCHASIMA, TH",14.967,102.083,188.0,1997-01-04,0.0,23.2,30.2,17.5
TH000048431,"NAKHON RATCHASIMA, TH",14.967,102.083,188.0,1997-01-05,0.0,22.6,30.1,
TH000048431,"NAKHON RATCHASIMA, TH",14.967,102.083,188.0,1997-01-06,0.0,21.8,28.5,14.8
TH000048431,"NAKHON RATCHASIMA, TH",14.967,102.083,188.0,1997-01-07,0.0,22.7,28.8,15.5
TH000048431,"NAKHON RATCHASIMA, TH",14.967,102.083,188.0,1997-01-08,0.0,23.0,29.2,17.1
TH000048431,"NAKHON RATCHASIMA, TH",14.967,102.083,188.0,1997-01-09,0.0,22.4,27.1,
TH000048431,"NAKHON RATCHASIMA, TH",14.967,102.083,188.0,1997-01-10,0.0,20.7,26.2,15.7
TH000048431,"NAKHON RATCHASIMA, TH",14.967,102.083,188.0,1997-01-11,0.0,20.4,25.7,15.3
TH000048431,"NAKHON RATCHASIMA, TH",14.967,102.083,188.0,1997-01-12,0.0,19.4,,12.7
TH000048431,"NAKHON RATCHASIMA, TH",14.967,102.083,188.0,1997-01-13,0.0,21.2,28.9,13.1
TH000048431,"NAKHON RATCHASIMA, TH",14.967,102.083,188.0,1997-01-14,0.0,22.7,30.4,14.6
TH000048431,"NAKHON RATCHASIMA, TH",14.967,102.083,188.0,1997-01-15,0.0,24.1,30.9,
TH000048431,"NAKHON RATCHASIMA, TH",14.967,102.083,188.0,1997-01-16,0.0,23.8,31.4,16.5
TH000048431,"NAKHON RATCHASIMA, TH",14.967,102.083,188.0,1997-01-17,0.0,25.6,32.3,17.1
TH000048431,"NAKHON RATCHASIMA, TH",14.967,102.083,188.0,1997-01-18,0.0,26.4,33.0,19.5
TH000048431,"NAKHON RATCHASIMA, TH",14.967,102.083,188.0,1997-01-19,0.0,26.7,33.1,20.3
TH000048431,"NAKHON RATCHASIMA, TH",14.967,102.083,188.0,1997-01-20,0.0,26.7,32.6,20.8
TH000048431,"NAKHON RATCHASIMA, TH",14.967,102.083,188.0,1997-01-21,2.0,26.9,,22.0
TH000048431,"NAKHON RATCHASIMA, TH",14.967,102.083,188.0,1997-01-22,0.0,27.1,33.7,22.0
TH000048431,"NAKHON RATCHASIMA, TH",14.967,102.083,188.0,1997-01-23,0.0,25.2,32.5,
TH000048431,"NAKHON RATCHASIMA, TH",14.967,102.083,188.0,1997-01-24,0.0,24.8,32.5,
TH000048431,"NAKHON RATCHASIMA, TH",14.967,102.083,188.0,1997-01-25,0.0,24.1,29.6,17.4
TH000048431,"NAKHON RATCHASIMA, TH",14.967,102.083,188.0,1997-01-26,0.0,22.9,27.9,19.1
TH000048431,"NAKHON RATCHASIMA, TH",14.967,102.083,188.0,1997-01-27,0.0,22.5,27.6,19.0
TH000048431,"NAKHON RATCHASIMA, TH",14.967,102.083,188.0,1997-01-28,0.0,22.9,29.1,
TH000048431,"NAKHON RATCHASIMA, TH",14.967,102.083,188.0,1997-01-29,0.0,24.4,31.3,16.4
TH000048431,"NAKHON RATCHASIMA, TH",14.967,102.083,188.0,1997-01-30,0.0,25.2,32.5,17.9
TH000048431,"NAKHON RATCHASIMA, TH",14.967,102.083,188.0,1997-01-31,0.0,25.4,32.5,19.5
TH000048431,"NAKHON RATCHASIMA, TH",14.967,102.083,188.0,1997-02-01,0.0,27.7,33.8,21.1
TH000048431,"NAKHON RATCHASIMA, TH",14.967,102.083,188.0,1997-02-02,0.0,28.4,34.2,21.7
TH000048431,"NAKHON RATCHASIMA, TH",14.967,102.083,188.0,1997-02-03,0.0,28.2,34.7,21.0
TH000048431,"NAKHON RATCHASIMA, TH",14.967,102.083,188.0,1997-02-04,0.0,28.3,33.0,22.1
TH000048431,"NAKHON RATCHASIMA, TH",14.967,102.083,188.0,1997-02-05,0.0,29.0,34.7,22.8
TH000048431,"NAKHON RATCHASIMA, TH",14.967,102.083,188.0,1997-02-06,0.0,27.4,32.9,
TH000048431,"NAKHON RATCHASIMA, TH",14.967,102.083,188.0,1997-02-07,4.1,28.0,34.5,22.5
TH000048431,"NAKHON RATCHASIMA, TH",14.967,102.083,188.0,1997-02-08,0.0,26.8,35.2,
TH000048431,"NAKHON RATCHASIMA, TH",14.967,102.083,188.0,1997-02-09,0.0,25.9,33.8,18.9
TH000048431,"NAKHON RATCHASIMA, TH",14.967,102.083,188.0,1997-02-10,0.0,25.7,34.5,16.7
TH000048431,"NAKHON RATCHASIMA, TH",14.967,102.083,188.0,1997-02-11,0.0,26.9,33.3,18.7
TH000048431,"NAKHON RATCHASIMA, TH",14.967,102.083,188.0,1997-02-12,0.0,25.2,30.9,22.1
TH000048431,"NAKHON RATCHASIMA, TH",14.967,102.083,188.0,1997-02-13,0.0,26.7,31.6,
TH000048431,"NAKHON RATCHASIMA, TH",14.967,102.083,188.0,1997-02-14,0.0,29.0,34.3,22.8
TH000048431,"NAKHON RATCHASIMA, TH",14.967,102.083,188.0,1997-02-15,0.0,29.8,35.3,24.9
TH000048431,"NAKHON RATCHASIMA, TH",14.967,102.083,188.0,1997-02-16,0.0,28.6,33.9,24.3
TH000048431,"NAKHON RATCHASIMA, TH",14.967,102.083,188.0,1997-02-17,0.0,27.5,33.0,22.6
TH000048431,"NAKHON RATCHASIMA, TH",14.967,102.083,188.0,1997-02-18,0.0,24.8,30.5,
TH000048431,"NAKHON RATCHASIMA, TH",14.967,102.083,188.0,1997-02-19,0.0,23.1,28.2,19.0
TH000048431,"NAKHON RATCHASIMA, TH",14.967,102.083,188.0,1997-02-20,0.0,24.1,30.2,17.9
TH000048431,"NAKHON RATCHASIMA, TH",14.967,102.083,188.0,1997-02-21,0.0,24.8,30.3,18.6
TH000048431,"NAKHON RATCHASIMA, TH",14.967,102.083,188.0,1997-02-22,0.0,24.8,30.9,18.6
TH000048431,"NAKHON RATCHASIMA, TH",14.967,102.083,188.0,1997-02-23,0.0,25.2,31.2,18.2
TH000048431,"NAKHON RATCHASIMA, TH",14.967,102.083,188.0,1997-02-24,0.0,25.7,30.2,21.2
TH000048431,"NAKHON RATCHASIMA, TH",14.967,102.083,188.0,1997-02-25,0.0,26.8,31.4,21.7
TH000048431,"NAKHON RATCHASIMA, TH",14.967,102.083,188.0,1997-02-26,0.0,27.2,32.5,
TH000048431,"NAKHON RATCHASIMA, TH",14.967,102.083,188.0,1997-02-27,0.0,26.1,32.8,20.7
TH000048431,"NAKHON RATCHASIMA, TH",14.967,102.083,188.0,1997-02-28,0.0,27.3,33.2,
TH000048431,"NAKHON RATCHASIMA, TH",14.967,102.083,188.0,1997-03-01,0.0,28.1,33.9,21.2
TH000048431,"NAKHON RATCHASIMA, TH",14.967,102.083,188.0,1997-03-02,0.0,28.5,35.3,21.4
TH000048431,"NAKHON RATCHASIMA, TH",14.967,102.083,188.0,1997-03-03,0.0,25.9,32.1,
TH000048431,"NAKHON RATCHASIMA, TH",14.967,102.083,188.0,1997-03-04,0.0,25.9,32.9,18.9
TH000048431,"NAKHON RATCHASIMA, TH",14.967,102.083,188.0,1997-03-05,0.0,25.2,33.2,
TH000048431,"NAKHON RATCHASIMA, TH",14.967,102.083,188.0,1997-03-06,0.0,26.5,35.4,16.9
TH000048431,"NAKHON RATCHASIMA, TH",14.967,102.083,188.0,1997-03-07,0.0,28.3,36.6,18.8
TH000048431,"NAKHON RATCHASIMA, TH",14.967,102.083,188.0,1997-03-08,0.0,28.1,35.6,21.3
TH000048431,"NAKHON RATCHASIMA, TH",14.967,102.083,188.0,1997-03-09,0.0,28.9,35.2,22.4
TH000048431,"NAKHON RATCHASIMA, TH",14.967,102.083,188.0,1997-03-10,0.0,29.8,35.6,23.9
TH000048431,"NAKHON RATCHASIMA, TH",14.967,102.083,188.0,1997-03-11,0.0,30.1,36.5,24.6
TH000048431,"NAKHON RATCHASIMA, TH",14.967,102.083,188.0,1997-03-12,0.0,29.9,37.1,24.9
TH000048431,"NAKHON RATCHASIMA, TH",14.967,102.083,188.0,1997-03-13,0.0,30.3,36.8,24.2
TH000048431,"NAKHON RATCHASIMA, TH",14.967,102.083,188.0,1997-03-14,0.0,30.3,37.4,24.5
TH000048431,"NAKHON RATCHASIMA, TH",14.967,102.083,188.0,1997-03-15,0.0,28.9,37.2,24.5
TH000048431,"NAKHON RATCHASIMA, TH",14.967,102.083,188.0,1997-03-16,0.0,30.0,37.5,23.8
TH000048431,"NAKHON RATCHASIMA, TH",14.967,102.083,188.0,1997-03-17,0.0,29.1,37.0,23.9
TH000048431,"NAKHON RATCHASIMA, TH",14.967,102.083,188.0,1997-03-18,0.0,29.6,37.1,22.7
TH000048431,"NAKHON RATCHASIMA, TH",14.967,102.083,188.0,1997-03-19,0.0,30.4,37.7,23.8
TH000048431,"NAKHON RATCHASIMA, TH",14.967,102.083,188.0,1997-03-20,0.0,30.0,38.1,24.3
TH000048431,"NAKHON RATCHASIMA, TH",14.967,102.083,188.0,1997-03-21,0.0,30.7,37.8,24.1
TH000048431,"NAKHON RATCHASIMA, TH",14.967,102.083,188.0,1997-03-22,0.0,31.4,38.5,23.6
TH000048431,"NAKHON RATCHASIMA, TH",14.967,102.083,188.0,1997-03-23,0.0,27.9,36.5,
TH000048431,"NAKHON RATCHASIMA, TH",14.967,102.083,188.0,1997-03-24,22.1,29.3,35.4,21.9
TH000048431,"NAKHON RATCHASIMA, TH",14.967,102.083,188.0,1997-03-25,0.0,28.0,33.8,
TH000048431,"NAKHON RATCHASIMA, TH",14.967,102.083,188.0,1997-03-26,0.0,28.1,34.7,
TH000048431,"NAKHON RATCHASIMA, TH",14.967,102.083,188.0,1997-03-27,0.0,24.9,30.4,
TH000048431,"NAKHON RATCHASIMA, TH",14.967,102.083,188.0,1997-03-28,0.3,28.2,33.7,21.0
TH000048431,"NAKHON RATCHASIMA, TH",14.967,102.083,188.0,1997-03-29,0.0,29.8,36.3,23.6
TH000048431,"NAKHON RATCHASIMA, TH",14.967,102.083,188.0,1997-03-30,0.0,26.9,35.4,
TH000048431,"NAKHON RATCHASIMA, TH",14.967,102.083,188.0,1997-03-31,30.0,26.8,31.2,
TH000048431,"NAKHON RATCHASIMA, TH",14.967,102.083,188.0,1997-04-01,50.0,26.9,34.0,21.1
TH000048431,"NAKHON RATCHASIMA, TH",14.967,102.083,188.0,1997-04-02,10.9,28.5,35.6,23.3
TH000048431,"NAKHON RATCHASIMA, TH",14.967,102.083,188.0,1997-04-03,0.0,30.1,36.9,23.7
TH000048431,"NAKHON RATCHASIMA, TH",14.967,102.083,188.0,1997-04-04,0.0,29.2,36.6,24.8
TH000048431,"NAKHON RATCHASIMA, TH",14.967,102.083,188.0,1997-04-05,0.0,29.0,36.2,23.8
TH000048431,"NAKHON RATCHASIMA, TH",14.967,102.083,188.0,1997-04-06,0.0,29.7,36.2,24.5
TH000048431,"NAKHON RATCHASIMA, TH",14.967,102.083,188.0,1997-04-07,0.0,30.3,36.6,24.5
TH000048431,"NAKHON RATCHASIMA, TH",14.967,102.083,188.0,1997-04-08,,25.9,,
TH000048431,"NAKHON RATCHASIMA, TH",14.967,102.083,188.0,1997-04-09,29.0,25.3,32.0,22.5
TH000048431,"NAKHON RATCHASIMA, TH",14.967,102.083,188.0,1997-04-10,7.1,27.1,33.1,22.3
TH000048431,"NAKHON RATCHASIMA, TH",14.967,102.083,188.0,1997-04-11,1.0,27.8,33.9,23.0
TH000048431,"NAKHON RATCHASIMA, TH",14.967,102.083,188.0,1997-04-12,0.0,27.9,33.0,24.0
TH000048431,"NAKHON RATCHASIMA, TH",14.967,102.083,188.0,1997-04-13,3.0,28.3,34.1,23.7
TH000048431,"NAKHON RATCHASIMA, TH",14.967,102.083,188.0,1997-04-14,0.5,28.7,34.3,
TH000048431,"NAKHON RATCHASIMA, TH",14.967,102.083,188.0,1997-04-15,0.0,28.5,34.2,22.8
TH000048431,"NAKHON RATCHASIMA, TH",14.967,102.083,188.0,1997-04-16,0.0,28.9,35.0,23.5
TH000048431,"NAKHON RATCHASIMA, TH",14.967,102.083,188.0,1997-04-17,0.0,28.2,33.9,23.6
TH000048431,"NAKHON RATCHASIMA, TH",14.967,102.083,188.0,1997-04-18,0.0,29.8,35.6,23.0
TH000048431,"NAKHON RATCHASIMA, TH",14.967,102.083,188.0,1997-04-19,0.0,30.6,36.6,24.2
TH000048431,"NAKHON RATCHASIMA, TH",14.967,102.083,188.0,1997-04-20,0.0,30.3,37.1,25.0
TH000048431,"NAKHON RATCHASIMA, TH",14.967,102.083,188.0,1997-04-21,0.0,30.4,36.7,25.1
TH000048431,"NAKHON RATCHASIMA, TH",14.967,102.083,188.0,1997-04-22,0.0,27.3,36.7,
TH000048431,"NAKHON RATCHASIMA, TH",14.967,102.083,188.0,1997-04-23,8.9,25.8,33.5,
TH000048431,"NAKHON RATCHASIMA, TH",14.967,102.083,188.0,1997-04-24,0.0,28.5,33.2,22.2
TH000048431,"NAKHON RATCHASIMA, TH",14.967,102.083,188.0,1997-04-25,0.0,26.1,30.7,
TH000048431,"NAKHON RATCHASIMA, TH",14.967,102.083,188.0,1997-04-26,4.1,27.6,32.2,21.3
TH000048431,"NAKHON RATCHASIMA, TH",14.967,102.083,188.0,1997-04-27,0.0,28.7,34.1,23.6
TH000048431,"NAKHON RATCHASIMA, TH",14.967,102.083,188.0,1997-04-28,0.0,28.9,35.4,24.0
TH000048431,"NAKHON RATCHASIMA, TH",14.967,102.083,188.0,1997-04-29,0.0,29.8,35.8,
TH000048431,"NAKHON RATCHASIMA, TH",14.967,102.083,188.0,1997-04-30,0.3,30.1,35.8,25.2
TH000048431,"NAKHON RATCHASIMA, TH",14.967,102.083,188.0,1997-05-01,0.0,31.0,37.1,25.5
TH000048431,"NAKHON RATCHASIMA, TH",14.967,102.083,188.0,1997-05-02,0.0,29.1,37.0,
TH000048431,"NAKHON RATCHASIMA, TH",14.967,102.083,188.0,1997-05-03,0.5,30.7,36.6,23.8
TH000048431,"NAKHON RATCHASIMA, TH",14.967,102.083,188.0,1997-05-04,0.0,32.0,38.5,25.8
TH000048431,"NAKHON RATCHASIMA, TH",14.967,102.083,188.0,1997-05-05,0.0,32.2,38.7,26.0
TH000048431,"NAKHON RATCHASIMA, TH",14.967,102.083,188.0,1997-05-06,0.0,32.2,38.6,26.6
TH000048431,"NAKHON RATCHASIMA, TH",14.967,102.083,188.0,1997-05-07,0.0,32.5,38.5,25.6
TH000048431,"NAKHON RATCHASIMA, TH",14.967,102.083,188.0,1997-05-08,0.0,32.1,38.0,26.5
TH000048431,"NAKHON RATCHASIMA, TH",14.967,102.083,188.0,1997-05-09,,30.8,38.7,
TH000048431,"NAKHON RATCHASIMA, TH",14.967,102.083,188.0,1997-05-10,59.9,27.7,33.3,22.1
TH000048431,"NAKHON RATCHASIMA, TH",14.967,102.083,188.0,1997-05-11,0.0,30.9,36.4,25.2
TH000048431,"NAKHON RATCHASIMA, TH",14.967,102.083,188.0,1997-05-12,0.0,29.6,36.5,25.6
TH000048431,"NAKHON RATCHASIMA, TH",14.967,102.083,188.0,1997-05-13,1.0,30.7,36.8,25.7
TH000048431,"NAKHON RATCHASIMA, TH",14.967,102.083,188.0,1997-05-14,0.0,30.7,37.6,26.1
TH000048431,"NAKHON RATCHASIMA, TH",14.967,102.083,188.0,1997-05-15,0.0,30.4,36.7,26.0
TH000048431,"NAKHON RATCHASIMA, TH",14.967,102.083,188.0,1997-05-16,0.0,28.9,36.3,25.5
TH000048431,"NAKHON RATCHASIMA, TH",14.967,102.083,188.0,1997-05-17,1.0,29.5,37.0,25.5
TH000048431,"NAKHON RATCHASIMA, TH",14.967,102.083,188.0,1997-05-18,0.0,28.7,35.0,
TH000048431,"NAKHON RATCHASIMA, TH",14.967,102.083,188.0,1997-05-19,0.0,28.2,33.3,24.5
TH000048431,"NAKHON RATCHASIMA, TH",14.967,102.083,188.0,1997-05-20,13.0,28.1,32.1,24.4
TH000048431,"NAKHON RATCHASIMA, TH",14.967,102.083,188.0,1997-05-21,0.0,29.3,34.7,24.8
TH000048431,"NAKHON RATCHASIMA, TH",14.967,102.083,188.0,1997-05-22,0.0,30.8,35.9,24.8
TH000048431,"NAKHON RATCHASIMA, TH",14.967,102.083,188.0,1997-05-23,0.0,28.3,35.4,
TH000048431,"NAKHON RATCHASIMA, TH",14.967,102.083,188.0,1997-05-24,0.0,26.8,29.3,23.6
TH000048431,"NAKHON RATCHASIMA, TH",14.967,102.083,188.0,1997-05-25,0.0,27.2,30.8,24.7
TH000048431,"NAKHON RATCHASIMA, TH",14.967,102.083,188.0,1997-05-26,0.0,28.4,34.4,24.7
TH000048431,"NAKHON RATCHASIMA, TH",14.967,102.083,188.0,1997-05-27,0.0,30.2,34.7,25.2
TH000048431,"NAKHON RATCHASIMA, TH",14.967,102.083,188.0,1997-05-28,0.0,30.7,36.2,25.6
TH000048431,"NAKHON RATCHASIMA, TH",14.967,102.083,188.0,1997-05-29,0.0,31.1,36.2,25.7
TH000048431,"NAKHON RATCHASIMA, TH",14.967,102.083,188.0,1997-05-30,,28.4,34.9,
TH000048431,"NAKHON RATCHASIMA, TH",14.967,102.083,188.0,1997-05-31,42.9,28.9,34.2,23.5
TH000048431,"NAKHON RATCHASIMA, TH",14.967,102.083,188.0,1997-06-01,0.0,30.6,35.2,25.0
TH000048431,"NAKHON RATCHASIMA, TH",14.967,102.083,188.0,1997-06-02,0.0,30.6,36.0,24.9
TH000048431,"NAKHON RATCHASIMA, TH",14.967,102.083,188.0,1997-06-03,0.0,30.9,36.4,25.6
TH000048431,"NAKHON RATCHASIMA, TH",14.967,102.083,188.0,1997-06-04,0.0,30.8,35.6,26.1
TH000048431,"NAKHON RATCHASIMA, TH",14.967,102.083,188.0,1997-06-05,0.0,30.5,36.0,26.0
TH000048431,"NAKHON RATCHASIMA, TH",14.967,102.083,188.0,1997-06-06,0.0,29.9,35.9,
TH000048431,"NAKHON RATCHASIMA, TH",14.967,102.083,188.0,1997-06-07,0.0,30.5,36.2,24.2
TH000048431,"NAKHON RATCHASIMA, TH",14.967,102.083,188.0,1997-06-08,0.0,29.9,36.7,
TH000048431,"NAKHON RATCHASIMA, TH",14.967,102.083,188.0,1997-06-09,3.0,30.6,36.6,24.2
TH000048431,"NAKHON RATCHASIMA, TH",14.967,102.083,188.0,1997-06-10,0.0,30.6,36.7,25.3
TH000048431,"NAKHON RATCHASIMA, TH",14.967,102.083,188.0,1997-06-11,0.0,30.6,37.9,
TH000048431,"NAKHON RATCHASIMA, TH",14.967,102.083,188.0,1997-06-12,0.0,31.8,38.0,23.3
TH000048431,"NAKHON RATCHASIMA, TH",14.967,102.083,188.0,1997-06-13,0.0,31.5,38.3,23.4
TH000048431,"NAKHON RATCHASIMA, TH",14.967,102.083,188.0,1997-06-14,0.0,31.8,38.0,25.7
TH000048431,"NAKHON RATCHASIMA, TH",14.967,102.083,188.0,1997-06-15,0.0,28.8,36.7,
TH000048431,"NAKHON RATCHASIMA, TH",14.967,102.083,188.0,1997-06-16,0.0,28.9,32.8,
TH000048431,"NAKHON RATCHASIMA, TH",14.967,102.083,188.0,1997-06-17,1.0,29.9,35.8,25.4
TH000048431,"NAKHON RATCHASIMA, TH",14.967,102.083,188.0,1997-06-18,0.0,31.0,37.6,26.0
TH000048431,"NAKHON RATCHASIMA, TH",14.967,102.083,188.0,1997-06-19,0.0,31.3,35.7,26.1
TH000048431,"NAKHON RATCHASIMA, TH",14.967,102.083,188.0,1997-06-20,0.0,31.4,38.6,
TH000048431,"NAKHON RATCHASIMA, TH",14.967,102.083,188.0,1997-06-21,1.0,31.6,37.8,25.1
TH000048431,"NAKHON RATCHASIMA, TH",14.967,102.083,188.0,1997-06-22,0.0,31.2,36.9,26.0
TH000048431,"NAKHON RATCHASIMA, TH",14.967,102.083,188.0,1997-06-23,0.0,31.4,37.7,25.2
TH000048431,"NAKHON RATCHASIMA, TH",14.967,102.083,188.0,1997-06-24,0.0,32.1,37.6,26.6
TH000048431,"NAKHON RATCHASIMA, TH",14.967,102.083,188.0,1997-06-25,0.0,30.7,34.7,26.6
TH000048431,"NAKHON RATCHASIMA, TH",14.967,102.083,188.0,1997-06-26,0.0,30.6,35.4,
TH000048431,"NAKHON RATCHASIMA, TH",14.967,102.083,188.0,1997-06-27,0.0,28.7,32.5,25.8
TH000048431,"NAKHON RATCHASIMA, TH",14.967,102.083,188.0,1997-06-28,0.0,29.0,34.6,
TH000048431,"NAKHON RATCHASIMA, TH",14.967,102.083,188.0,1997-06-29,20.1,29.6,35.0,24.8
TH000048431,"NAKHON RATCHASIMA, TH",14.967,102.083,188.0,1997-06-30,0.0,29.0,33.4,25.2
TH000048431,"NAKHON RATCHASIMA, TH",14.967,102.083,188.0,1997-07-01,0.0,30.2,34.2,25.5
TH000048431,"NAKHON RATCHASIMA, TH",14.967,102.083,188.0,1997-07-02,,29.6,34.5,
TH000048431,"NAKHON RATCHASIMA, TH",14.967,102.083,188.0,1997-07-03,4.1,29.8,35.1,24.5
TH000048431,"NAKHON RATCHASIMA, TH",14.967,102.083,188.0,1997-07-04,0.0,30.5,35.7,26.0
TH000048431,"NAKHON RATCHASIMA, TH",14.967,102.083,188.0,1997-07-05,0.0,30.6,35.8,25.7
TH000048431,"NAKHON RATCHASIMA, TH",14.967,102.083,188.0,1997-07-06,0.0,31.1,37.1,25.6
TH000048431,"NAKHON RATCHASIMA, TH",14.967,102.083,188.0,1997-07-07,0.0,31.1,36.4,22.6
TH000048431,"NAKHON RATCHASIMA, TH",14.967,102.083,188.0,1997-07-08,0.0,30.4,34.9,27.0
TH000048431,"NAKHON RATCHASIMA, TH",14.967,102.083,188.0,1997-07-09,0.0,29.9,33.8,
TH000048431,"NAKHON RATCHASIMA, TH",14.967,102.083,188.0,1997-07-10,0.0,29.6,34.0,25.5
TH000048431,"NAKHON RATCHASIMA, TH",14.967,102.083,188.0,1997-07-11,1.0,26.0,27.9,25.1
TH000048431,"NAKHON RATCHASIMA, TH",14.967,102.083,188.0,1997-07-12,3.0,29.3,34.6,24.8
TH000048431,"NAKHON RATCHASIMA, TH",14.967,102.083,188.0,1997-07-13,0.0,29.1,35.2,24.1
TH000048431,"NAKHON RATCHASIMA, TH",14.967,102.083,188.0,1997-07-14,10.9,29.6,33.6,25.5
TH000048431,"NAKHON RATCHASIMA, TH",14.967,102.083,188.0,1997-07-15,0.0,28.9,34.5,25.0
TH000048431,"NAKHON RATCHASIMA, TH",14.967,102.083,188.0,1997-07-16,1.0,28.4,34.6,25.2
TH000048431,"NAKHON RATCHASIMA, TH",14.967,102.083,188.0,1997-07-17,0.0,28.4,32.5,24.7
TH000048431,"NAKHON RATCHASIMA, TH",14.967,102.083,188.0,1997-07-18,2.0,26.4,32.9,
TH000048431,"NAKHON RATCHASIMA, TH",14.967,102.083,188.0,1997-07-19,20.1,28.0,35.0,25.1
TH000048431,"NAKHON RATCHASIMA, TH",14.967,102.083,188.0,1997-07-20,1.0,28.6,32.7,24.6
TH000048431,"NAKHON RATCHASIMA, TH",14.967,102.083,188.0,1997-07-21,0.0,27.4,,
TH000048431,"NAKHON RATCHASIMA, TH",14.967,102.083,188.0,1997-07-22,11.9,26.7,28.7,24.1
TH000048431,"NAKHON RATCHASIMA, TH",14.967,102.083,188.0,1997-07-23,0.0,26.6,29.7,
TH000048431,"NAKHON RATCHASIMA, TH",14.967,102.083,188.0,1997-07-24,3.0,28.3,33.3,24.1
TH000048431,"NAKHON RATCHASIMA, TH",14.967,102.083,188.0,1997-07-25,0.0,28.9,32.2,24.3
TH000048431,"NAKHON RATCHASIMA, TH",14.967,102.083,188.0,1997-07-26,0.5,29.4,33.9,24.5
TH000048431,"NAKHON RATCHASIMA, TH",14.967,102.083,188.0,1997-07-27,0.0,29.3,34.0,25.2
TH000048431,"NAKHON RATCHASIMA, TH",14.967,102.083,188.0,1997-07-28,0.0,28.1,34.3,
TH000048431,"NAKHON RATCHASIMA, TH",14.967,102.083,188.0,1997-07-29,1.0,28.8,34.0,24.7
TH000048431,"NAKHON RATCHASIMA, TH",14.967,102.083,188.0,1997-07-30,0.0,26.8,30.2,
TH000048431,"NAKHON RATCHASIMA, TH",14.967,102.083,188.0,1997-07-31,6.1,27.6,33.2,24.5
TH000048431,"NAKHON RATCHASIMA, TH",14.967,102.083,188.0,1997-08-01,2.0,27.5,33.0,
TH000048431,"NAKHON RATCHASIMA, TH",14.967,102.083,188.0,1997-08-02,10.9,28.3,31.7,22.5
TH000048431,"NAKHON RATCHASIMA, TH",14.967,102.083,188.0,1997-08-03,0.3,28.8,33.5,24.9
TH000048431,"NAKHON RATCHASIMA, TH",14.967,102.083,188.0,1997-08-04,0.0,28.6,32.6,25.1
TH000048431,"NAKHON RATCHASIMA, TH",14.967,102.083,188.0,1997-08-05,0.0,28.2,34.5,
TH000048431,"NAKHON RATCHASIMA, TH",14.967,102.083,188.0,1997-08-06,1.0,28.7,35.1,
TH000048431,"NAKHON RATCHASIMA, TH",14.967,102.083,188.0,1997-08-07,64.0,29.1,34.5,24.0
TH000048431,"NAKHON RATCHASIMA, TH",14.967,102.083,188.0,1997-08-08,0.0,29.1,33.9,24.4
TH000048431,"NAKHON RATCHASIMA, TH",14.967,102.083,188.0,1997-08-09,2.0,29.1,33.7,24.4
TH000048431,"NAKHON RATCHASIMA, TH",14.967,102.083,188.0,1997-08-10,0.0,28.9,33.5,24.8
TH000048431,"NAKHON RATCHASIMA, TH",14.967,102.083,188.0,1997-08-11,0.0,29.5,34.5,25.1
TH000048431,"NAKHON RATCHASIMA, TH",14.967,102.083,188.0,1997-08-12,0.0,30.3,35.7,25.3
TH000048431,"NAKHON RATCHASIMA, TH",14.967,102.083,188.0,1997-08-13,0.0,28.4,33.7,
TH000048431,"NAKHON RATCHASIMA, TH",14.967,102.083,188.0,1997-08-14,4.1,29.0,33.0,25.3
TH000048431,"NAKHON RATCHASIMA, TH",14.967,102.083,188.0,1997-08-15,0.0,29.1,34.8,
TH000048431,"NAKHON RATCHASIMA, TH",14.967,102.083,188.0,1997-08-16,1.0,27.2,33.5,
TH000048431,"NAKHON RATCHASIMA, TH",14.967,102.083,188.0,1997-08-17,0.3,28.3,33.2,25.1
TH000048431,"NAKHON RATCHASIMA, TH",14.967,102.083,188.0,1997-08-18,0.0,29.1,33.2,25.5
TH000048431,"NAKHON RATCHASIMA, TH",14.967,102.083,188.0,1997-08-19,0.0,30.1,34.7,26.3
TH000048431,"NAKHON RATCHASIMA, TH",14.967,102.083,188.0,1997-08-20,0.0,28.7,34.6,
TH000048431,"NAKHON RATCHASIMA, TH",14.967,102.083,188.0,1997-08-21,0.5,27.1,35.1,24.2
TH000048431,"NAKHON RATCHASIMA, TH",14.967,102.083,188.0,1997-08-22,1.0,27.6,34.7,24.1
TH000048431,"NAKHON RATCHASIMA, TH",14.967,102.083,188.0,1997-08-23,0.5,28.3,35.0,24.5
TH000048431,"NAKHON RATCHASIMA, TH",14.967,102.083,188.0,1997-08-24,7.1,27.3,32.1,24.6
TH000048431,"NAKHON RATCHASIMA, TH",14.967,102.083,188.0,1997-08-25,4.1,27.3,33.0,24.5
TH000048431,"NAKHON RATCHASIMA, TH",14.967,102.083,188.0,1997-08-26,2.0,28.3,33.8,24.3
TH000048431,"NAKHON RATCHASIMA, TH",14.967,102.083,188.0,1997-08-27,2.0,29.1,34.5,24.4
TH000048431,"NAKHON RATCHASIMA, TH",14.967,102.083,188.0,1997-08-28,0.0,30.1,34.9,24.8
TH000048431,"NAKHON RATCHASIMA, TH",14.967,102.083,188.0,1997-08-29,0.5,26.8,30.1,
TH000048431,"NAKHON RATCHASIMA, TH",14.967,102.083,188.0,1997-08-30,13.0,28.2,33.4,
TH000048431,"NAKHON RATCHASIMA, TH",14.967,102.083,188.0,1997-08-31,3.0,27.3,33.5,23.5
TH000048431,"NAKHON RATCHASIMA, TH",14.967,102.083,188.0,1997-09-01,4.1,28.0,33.2,23.8
TH000048431,"NAKHON RATCHASIMA, TH",14.967,102.083,188.0,1997-09-02,0.0,27.0,30.9,
TH000048431,"NAKHON RATCHASIMA, TH",14.967,102.083,188.0,1997-09-03,0.5,29.5,34.9,23.5
TH000048431,"NAKHON RATCHASIMA, TH",14.967,102.083,188.0,1997-09-04,2.0,27.5,35.0,22.9
TH000048431,"NAKHON RATCHASIMA, TH",14.967,102.083,188.0,1997-09-05,0.0,28.4,33.3,24.1
TH000048431,"NAKHON RATCHASIMA, TH",14.967,102.083,188.0,1997-09-06,0.0,29.3,,24.5
TH000048431,"NAKHON RATCHASIMA, TH",14.967,102.083,188.0,1997-09-07,,28.1,34.4,
TH000048431,"NAKHON RATCHASIMA, TH",14.967,102.083,188.0,1997-09-08,0.5,27.6,33.0,23.5
TH000048431,"NAKHON RATCHASIMA, TH",14.967,102.083,188.0,1997-09-09,0.0,28.3,35.5,24.3
TH000048431,"NAKHON RATCHASIMA, TH",14.967,102.083,188.0,1997-09-10,0.0,29.7,33.9,
TH000048431,"NAKHON RATCHASIMA, TH",14.967,102.083,188.0,1997-09-11,0.0,28.0,35.2,
TH000048431,"NAKHON RATCHASIMA, TH",14.967,102.083,188.0,1997-09-12,0.5,27.6,33.1,23.6
TH000048431,"NAKHON RATCHASIMA, TH",14.967,102.083,188.0,1997-09-13,0.0,28.8,34.1,23.6
TH000048431,"NAKHON RATCHASIMA, TH",14.967,102.083,188.0,1997-09-14,0.0,29.2,35.0,24.7
TH000048431,"NAKHON RATCHASIMA, TH",14.967,102.083,188.0,1997-09-15,0.0,29.2,35.3,24.6
TH000048431,"NAKHON RATCHASIMA, TH",14.967,102.083,188.0,1997-09-16,0.0,28.7,32.9,24.9
TH000048431,"NAKHON RATCHASIMA, TH",14.967,102.083,188.0,1997-09-17,0.0,28.3,33.7,25.1
TH000048431,"NAKHON RATCHASIMA, TH",14.967,102.083,188.0,1997-09-18,0.0,27.3,32.0,24.6
TH000048431,"NAKHON RATCHASIMA, TH",14.967,102.083,188.0,1997-09-19,5.1,27.9,33.8,
TH000048431,"NAKHON RATCHASIMA, TH",14.967,102.083,188.0,1997-09-20,0.0,28.3,33.5,23.5
TH000048431,"NAKHON RATCHASIMA, TH",14.967,102.083,188.0,1997-09-21,0.0,27.7,31.8,
TH000048431,"NAKHON RATCHASIMA, TH",14.967,102.083,188.0,1997-09-22,0.3,25.6,28.7,22.7
TH000048431,"NAKHON RATCHASIMA, TH",14.967,102.083,188.0,1997-09-23,1.0,26.3,29.7,23.8
TH000048431,"NAKHON RATCHASIMA, TH",14.967,102.083,188.0,1997-09-24,1.0,28.4,34.1,23.9
TH000048431,"NAKHON RATCHASIMA, TH",14.967,102.083,188.0,1997-09-25,1.0,28.5,,24.6
TH000048431,"NAKHON RATCHASIMA, TH",14.967,102.083,188.0,1997-09-26,7.9,25.4,29.2,
TH000048431,"NAKHON RATCHASIMA, TH",14.967,102.083,188.0,1997-09-27,36.1,23.7,25.8,21.8
TH000048431,"NAKHON RATCHASIMA, TH",14.967,102.083,188.0,1997-09-28,0.3,25.1,27.9,22.0
TH000048431,"NAKHON RATCHASIMA, TH",14.967,102.083,188.0,1997-09-29,0.0,27.5,32.5,23.7
TH000048431,"NAKHON RATCHASIMA, TH",14.967,102.083,188.0,1997-09-30,0.0,28.7,33.6,24.3
TH000048431,"NAKHON RATCHASIMA, TH",14.967,102.083,188.0,1997-10-01,0.0,28.9,34.6,24.1
TH000048431,"NAKHON RATCHASIMA, TH",14.967,102.083,188.0,1997-10-02,,27.2,31.0,
TH000048431,"NAKHON RATCHASIMA, TH",14.967,102.083,188.0,1997-10-03,7.1,27.5,32.5,23.8
TH000048431,"NAKHON RATCHASIMA, TH",14.967,102.083,188.0,1997-10-04,0.0,24.5,26.8,
TH000048431,"NAKHON RATCHASIMA, TH",14.967,102.083,188.0,1997-10-05,17.0,26.4,30.0,22.8
TH000048431,"NAKHON RATCHASIMA, TH",14.967,102.083,188.0,1997-10-06,16.0,26.6,31.3,23.1
TH000048431,"NAKHON RATCHASIMA, TH",14.967,102.083,188.0,1997-10-07,0.0,28.0,32.3,23.5
TH000048431,"NAKHON RATCHASIMA, TH",14.967,102.083,188.0,1997-10-08,0.0,28.7,33.1,24.0
TH000048431,"NAKHON RATCHASIMA, TH",14.967,102.083,188.0,1997-10-09,0.0,28.8,32.8,24.9
TH000048431,"NAKHON RATCHASIMA, TH",14.967,102.083,188.0,1997-10-10,0.0,26.4,32.4,
TH000048431,"NAKHON RATCHASIMA, TH",14.967,102.083,188.0,1997-10-11,0.0,26.6,32.8,23.0
TH000048431,"NAKHON RATCHASIMA, TH",14.967,102.083,188.0,1997-10-12,3.0,27.3,32.6,23.3
TH000048431,"NAKHON RATCHASIMA, TH",14.967,102.083,188.0,1997-10-13,0.0,25.8,,
TH000048431,"NAKHON RATCHASIMA, TH",14.967,102.083,188.0,1997-10-14,0.0,27.9,32.0,22.8
TH000048431,"NAKHON RATCHASIMA, TH",14.967,102.083,188.0,1997-10-15,0.0,27.5,32.0,23.2
TH000048431,"NAKHON RATCHASIMA, TH",14.967,102.083,188.0,1997-10-16,0.0,27.5,33.2,24.1
TH000048431,"NAKHON RATCHASIMA, TH",14.967,102.083,188.0,1997-10-17,0.0,26.4,31.3,24.2
TH000048431,"NAKHON RATCHASIMA, TH",14.967,102.083,188.0,1997-10-18,14.0,27.8,31.7,24.4
TH000048431,"NAKHON RATCHASIMA, TH",14.967,102.083,188.0,1997-10-19,0.0,28.8,33.2,24.1
TH000048431,"NAKHON RATCHASIMA, TH",14.967,102.083,188.0,1997-10-20,0.0,27.9,33.1,24.0
TH000048431,"NAKHON RATCHASIMA, TH",14.967,102.083,188.0,1997-10-21,0.0,28.9,33.9,23.8
TH000048431,"NAKHON RATCHASIMA, TH",14.967,102.083,188.0,1997-10-22,0.0,29.4,34.5,24.1
TH000048431,"NAKHON RATCHASIMA, TH",14.967,102.083,188.0,1997-10-23,0.0,29.4,34.2,24.6
TH000048431,"NAKHON RATCHASIMA, TH",14.967,102.083,188.0,1997-10-24,0.0,29.7,35.1,24.8
TH000048431,"NAKHON RATCHASIMA, TH",14.967,102.083,188.0,1997-10-25,0.0,29.3,34.1,
TH000048431,"NAKHON RATCHASIMA, TH",14.967,102.083,188.0,1997-10-26,0.0,27.4,32.4,
TH000048431,"NAKHON RATCHASIMA, TH",14.967,102.083,188.0,1997-10-27,0.0,27.5,32.2,
TH000048431,"NAKHON RATCHASIMA, TH",14.967,102.083,188.0,1997-10-28,0.0,26.4,30.5,22.1
TH000048431,"NAKHON RATCHASIMA, TH",14.967,102.083,188.0,1997-10-29,0.0,27.0,31.1,22.7
TH000048431,"NAKHON RATCHASIMA, TH",14.967,102.083,188.0,1997-10-30,0.0,26.2,30.8,
TH000048431,"NAKHON RATCHASIMA, TH",14.967,102.083,188.0,1997-10-31,0.0,25.9,,
TH000048431,"NAKHON RATCHASIMA, TH",14.967,102.083,188.0,1997-11-01,0.0,23.8,28.3,19.6
TH000048431,"NAKHON RATCHASIMA, TH",14.967,102.083,188.0,1997-11-02,0.0,24.2,28.5,19.5
TH000048431,"NAKHON RATCHASIMA, TH",14.967,102.083,188.0,1997-11-03,,23.4,26.4,
TH000048431,"NAKHON RATCHASIMA, TH",14.967,102.083,188.0,1997-11-04,2.0,22.1,24.2,19.8
TH000048431,"NAKHON RATCHASIMA, TH",14.967,102.083,188.0,1997-11-05,0.0,24.0,29.0,
TH000048431,"NAKHON RATCHASIMA, TH",14.967,102.083,188.0,1997-11-06,0.0,24.2,29.3,19.3
TH000048431,"NAKHON RATCHASIMA, TH",14.967,102.083,188.0,1997-11-07,0.0,24.5,29.2,19.6
TH000048431,"NAKHON RATCHASIMA, TH",14.967,102.083,188.0,1997-11-08,0.0,24.7,29.5,19.8
TH000048431,"NAKHON RATCHASIMA, TH",14.967,102.083,188.0,1997-11-09,0.0,25.4,30.4,19.7
TH000048431,"NAKHON RATCHASIMA, TH",14.967,102.083,188.0,1997-11-10,0.0,26.3,,21.1
TH000048431,"NAKHON RATCHASIMA, TH",14.967,102.083,188.0,1997-11-11,0.0,27.2,32.5,22.2
TH000048431,"NAKHON RATCHASIMA, TH",14.967,102.083,188.0,1997-11-12,0.0,27.9,,21.7
TH000048431,"NAKHON RATCHASIMA, TH",14.967,102.083,188.0,1997-11-13,0.0,27.8,33.7,22.2
TH000048431,"NAKHON RATCHASIMA, TH",14.967,102.083,188.0,1997-11-14,0.0,29.1,34.5,23.7
TH000048431,"NAKHON RATCHASIMA, TH",14.967,102.083,188.0,1997-11-15,0.0,29.3,35.5,24.0
TH000048431,"NAKHON RATCHASIMA, TH",14.967,102.083,188.0,1997-11-16,0.0,28.9,33.9,25.1
TH000048431,"NAKHON RATCHASIMA, TH",14.967,102.083,188.0,1997-11-17,0.0,27.3,33.6,20.2
TH000048431,"NAKHON RATCHASIMA, TH",14.967,102.083,188.0,1997-11-18,0.0,25.8,,
TH000048431,"NAKHON RATCHASIMA, TH",14.967,102.083,188.0,1997-11-19,0.0,26.1,31.2,21.4
TH000048431,"NAKHON RATCHASIMA, TH",14.967,102.083,188.0,1997-11-20,0.0,26.7,32.3,21.4
TH000048431,"NAKHON RATCHASIMA, TH",14.967,102.083,188.0,1997-11-21,0.0,27.1,33.2,21.6
TH000048431,"NAKHON RATCHASIMA, TH",14.967,102.083,188.0,1997-11-22,0.0,27.6,,21.3
TH000048431,"NAKHON RATCHASIMA, TH",14.967,102.083,188.0,1997-11-23,0.0,27.2,33.9,21.0
TH000048431,"NAKHON RATCHASIMA, TH",14.967,102.083,188.0,1997-11-24,0.0,29.0,35.3,21.7
TH000048431,"NAKHON RATCHASIMA, TH",14.967,102.083,188.0,1997-11-25,0.0,29.2,35.6,23.5
TH000048431,"NAKHON RATCHASIMA, TH",14.967,102.083,188.0,1997-11-26,0.0,29.3,36.1,22.9
TH000048431,"NAKHON RATCHASIMA, TH",14.967,102.083,188.0,1997-11-27,0.0,29.4,35.9,23.8
TH000048431,"NAKHON RATCHASIMA, TH",14.967,102.083,188.0,1997-11-28,0.0,29.4,35.9,23.7
TH000048431,"NAKHON RATCHASIMA, TH",14.967,102.083,188.0,1997-11-29,0.0,29.3,,22.9
TH000048431,"NAKHON RATCHASIMA, TH",14.967,102.083,188.0,1997-11-30,0.0,29.2,35.1,23.4
TH000048431,"NAKHON RATCHASIMA, TH",14.967,102.083,188.0,1997-12-01,0.0,29.4,34.4,23.1
TH000048431,"NAKHON RATCHASIMA, TH",14.967,102.083,188.0,1997-12-02,0.0,26.3,32.5,
TH000048431,"NAKHON RATCHASIMA, TH",14.967,102.083,188.0,1997-12-03,0.0,25.7,30.9,20.6
TH000048431,"NAKHON RATCHASIMA, TH",14.967,102.083,188.0,1997-12-04,0.0,25.3,30.5,20.7
TH000048431,"NAKHON RATCHASIMA, TH",14.967,102.083,188.0,1997-12-05,0.0,26.1,32.7,20.1
TH000048431,"NAKHON RATCHASIMA, TH",14.967,102.083,188.0,1997-12-06,0.0,27.0,33.2,
TH000048431,"NAKHON RATCHASIMA, TH",14.967,102.083,188.0,1997-12-07,0.0,28.5,35.0,21.6
TH000048431,"NAKHON RATCHASIMA, TH",14.967,102.083,188.0,1997-12-08,0.0,26.2,32.0,
TH000048431,"NAKHON RATCHASIMA, TH",14.967,102.083,188.0,1997-12-09,0.0,22.6,28.0,17.0
TH000048431,"NAKHON RATCHASIMA, TH",14.967,102.083,188.0,1997-12-10,0.0,22.7,28.1,17.4
TH000048431,"NAKHON RATCHASIMA, TH",14.967,102.083,188.0,1997-12-11,0.0,23.2,28.7,17.3
TH000048431,"NAKHON RATCHASIMA, TH",14.967,102.083,188.0,1997-12-12,0.0,24.4,29.4,19.2
TH000048431,"NAKHON RATCHASIMA, TH",14.967,102.083,188.0,1997-12-13,0.0,24.6,30.4,19.1
TH000048431,"NAKHON RATCHASIMA, TH",14.967,102.083,188.0,1997-12-14,0.0,24.6,30.6,19.0
TH000048431,"NAKHON RATCHASIMA, TH",14.967,102.083,188.0,1997-12-15,0.0,25.9,31.9,20.1
TH000048431,"NAKHON RATCHASIMA, TH",14.967,102.083,188.0,1997-12-16,0.0,25.8,,20.6
TH000048431,"NAKHON RATCHASIMA, TH",14.967,102.083,188.0,1997-12-17,0.0,26.9,33.8,19.7
TH000048431,"NAKHON RATCHASIMA, TH",14.967,102.083,188.0,1997-12-18,0.0,27.6,34.7,20.2
TH000048431,"NAKHON RATCHASIMA, TH",14.967,102.083,188.0,1997-12-19,0.0,28.2,35.0,21.1
TH000048431,"NAKHON RATCHASIMA, TH",14.967,102.083,188.0,1997-12-20,0.0,28.2,,21.5
TH000048431,"NAKHON RATCHASIMA, TH",14.967,102.083,188.0,1997-12-21,0.0,29.4,34.8,22.0
TH000048431,"NAKHON RATCHASIMA, TH",14.967,102.083,188.0,1997-12-22,0.0,28.7,34.8,22.6
TH000048431,"NAKHON RATCHASIMA, TH",14.967,102.083,188.0,1997-12-23,0.0,28.4,33.9,23.2
TH000048431,"NAKHON RATCHASIMA, TH",14.967,102.083,188.0,1997-12-24,0.0,27.2,33.4,22.0
TH000048431,"NAKHON RATCHASIMA, TH",14.967,102.083,188.0,1997-12-25,0.0,27.3,34.2,21.9
TH000048431,"NAKHON RATCHASIMA, TH",14.967,102.083,188.0,1997-12-26,0.0,26.8,33.3,
TH000048431,"NAKHON RATCHASIMA, TH",14.967,102.083,188.0,1997-12-27,0.0,26.8,32.5,21.0
TH000048431,"NAKHON RATCHASIMA, TH",14.967,102.083,188.0,1997-12-28,0.0,26.4,32.7,20.5
TH000048431,"NAKHON RATCHASIMA, TH",14.967,102.083,188.0,1997-12-29,0.0,26.1,33.9,19.7
TH000048431,"NAKHON RATCHASIMA, TH",14.967,102.083,188.0,1997-12-30,0.0,26.0,34.0,18.5
TH000048431,"NAKHON RATCHASIMA, TH",14.967,102.083,188.0,1997-12-31,0.0,26.8,,18.5
TH000048431,"NAKHON RATCHASIMA, TH",14.967,102.083,188.0,1998-01-01,0.0,26.6,34.2,18.8
TH000048431,"NAKHON RATCHASIMA, TH",14.967,102.083,188.0,1998-01-02,0.0,27.5,,20.1
TH000048431,"NAKHON RATCHASIMA, TH",14.967,102.083,188.0,1998-01-03,0.0,27.6,34.9,19.3
TH000048431,"NAKHON RATCHASIMA, TH",14.967,102.083,188.0,1998-01-04,0.0,26.9,34.4,20.4
TH000048431,"NAKHON RATCHASIMA, TH",14.967,102.083,188.0,1998-01-05,0.0,26.3,32.1,20.6
TH000048431,"NAKHON RATCHASIMA, TH",14.967,102.083,188.0,1998-01-06,0.0,25.8,32.0,
TH000048431,"NAKHON RATCHASIMA, TH",14.967,102.083,188.0,1998-01-07,0.0,25.6,33.1,19.0
TH000048431,"NAKHON RATCHASIMA, TH",14.967,102.083,188.0,1998-01-08,0.0,24.9,,19.5
TH000048431,"NAKHON RATCHASIMA, TH",14.967,102.083,188.0,1998-01-09,0.0,27.9,35.8,19.8
TH000048431,"NAKHON RATCHASIMA, TH",14.967,102.083,188.0,1998-01-10,0.0,28.4,35.6,22.3
TH000048431,"NAKHON RATCHASIMA, TH",14.967,102.083,188.0,1998-01-11,0.0,29.2,35.0,23.2
TH000048431,"NAKHON RATCHASIMA, TH",14.967,102.083,188.0,1998-01-12,0.0,29.1,34.1,
TH000048431,"NAKHON RATCHASIMA, TH",14.967,102.083,188.0,1998-01-13,0.0,28.6,35.1,24.2
TH000048431,"NAKHON RATCHASIMA, TH",14.967,102.083,188.0,1998-01-14,0.0,27.8,35.5,23.0
TH000048431,"NAKHON RATCHASIMA, TH",14.967,102.083,188.0,1998-01-15,0.0,28.4,35.3,
TH000048431,"NAKHON RATCHASIMA, TH",14.967,102.083,188.0,1998-01-16,0.0,27.7,36.4,
TH000048431,"NAKHON RATCHASIMA, TH",14.967,102.083,188.0,1998-01-17,0.0,27.8,35.3,17.9
TH000048431,"NAKHON RATCHASIMA, TH",14.967,102.083,188.0,1998-01-18,0.0,27.0,36.4,19.4
TH000048431,"NAKHON RATCHASIMA, TH",14.967,102.083,188.0,1998-01-19,0.0,26.7,,18.4
TH000048431,"NAKHON RATCHASIMA, TH",14.967,102.083,188.0,1998-01-20,0.0,28.3,33.4,22.2
TH000048431,"NAKHON RATCHASIMA, TH",14.967,102.083,188.0,1998-01-21,0.0,29.3,33.8,23.7
TH000048431,"NAKHON RATCHASIMA, TH",14.967,102.083,188.0,1998-01-22,0.0,29.1,35.4,23.8
TH000048431,"NAKHON RATCHASIMA, TH",14.967,102.083,188.0,1998-01-23,0.0,29.9,35.1,
TH000048431,"NAKHON RATCHASIMA, TH",14.967,102.083,188.0,1998-01-24,0.0,28.5,34.3,
TH000048431,"NAKHON RATCHASIMA, TH",14.967,102.083,188.0,1998-01-25,0.0,24.9,29.8,19.8
TH000048431,"NAKHON RATCHASIMA, TH",14.967,102.083,188.0,1998-01-26,0.0,26.6,32.8,21.2
TH000048431,"NAKHON RATCHASIMA, TH",14.967,102.083,188.0,1998-01-27,0.0,27.5,,21.1
TH000048431,"NAKHON RATCHASIMA, TH",14.967,102.083,188.0,1998-01-28,0.0,26.9,33.9,20.2
TH000048431,"NAKHON RATCHASIMA, TH",14.967,102.083,188.0,1998-01-29,0.0,24.0,31.9,18.2
TH000048431,"NAKHON RATCHASIMA, TH",14.967,102.083,188.0,1998-01-30,0.0,24.6,,19.0
TH000048431,"NAKHON RATCHASIMA, TH",14.967,102.083,188.0,1998-01-31,0.0,28.3,34.2,
TH000048431,"NAKHON RATCHASIMA, TH",14.967,102.083,188.0,1998-02-01,0.0,29.0,36.2,20.6
TH000048431,"NAKHON RATCHASIMA, TH",14.967,102.083,188.0,1998-02-02,0.0,29.2,36.1,21.8
TH000048431,"NAKHON RATCHASIMA, TH",14.967,102.083,188.0,1998-02-03,0.0,29.7,36.2,23.4
TH000048431,"NAKHON RATCHASIMA, TH",14.967,102.083,188.0,1998-02-04,0.0,29.6,36.1,24.0
TH000048431,"NAKHON RATCHASIMA, TH",14.967,102.083,188.0,1998-02-05,0.0,26.5,32.6,
TH000048431,"NAKHON RATCHASIMA, TH",14.967,102.083,188.0,1998-02-06,0.0,23.9,29.2,19.4
TH000048431,"NAKHON RATCHASIMA, TH",14.967,102.083,188.0,1998-02-07,0.0,25.5,31.2,18.9
TH000048431,"NAKHON RATCHASIMA, TH",14.967,102.083,188.0,1998-02-08,0.0,24.9,30.9,
TH000048431,"NAKHON RATCHASIMA, TH",14.967,102.083,188.0,1998-02-09,10.9,25.4,33.7,22.4
TH000048431,"NAKHON RATCHASIMA, TH",14.967,102.083,188.0,1998-02-10,46.0,26.1,33.8,21.8
TH000048431,"NAKHON RATCHASIMA, TH",14.967,102.083,188.0,1998-02-11,29.0,26.5,32.5,21.7
TH000048431,"NAKHON RATCHASIMA, TH",14.967,102.083,188.0,1998-02-12,0.0,27.1,34.0,22.3
TH000048431,"NAKHON RATCHASIMA, TH",14.967,102.083,188.0,1998-02-13,0.0,28.3,34.5,23.3
TH000048431,"NAKHON RATCHASIMA, TH",14.967,102.083,188.0,1998-02-14,0.0,28.9,36.4,23.5
TH000048431,"NAKHON RATCHASIMA, TH",14.967,102.083,188.0,1998-02-15,0.0,29.7,37.4,21.9
TH000048431,"NAKHON RATCHASIMA, TH",14.967,102.083,188.0,1998-02-16,0.0,28.8,35.4,22.5
TH000048431,"NAKHON RATCHASIMA, TH",14.967,102.083,188.0,1998-02-17,0.0,29.3,36.8,23.5
TH000048431,"NAKHON RATCHASIMA, TH",14.967,102.083,188.0,1998-02-18,0.0,29.6,37.2,22.1
TH000048431,"NAKHON RATCHASIMA, TH",14.967,102.083,188.0,1998-02-19,0.0,30.3,37.9,23.4
TH000048431,"NAKHON RATCHASIMA, TH",14.967,102.083,188.0,1998-02-20,0.0,31.3,38.3,22.3
TH000048431,"NAKHON RATCHASIMA, TH",14.967,102.083,188.0,1998-02-21,0.0,30.0,37.8,23.2
TH000048431,"NAKHON RATCHASIMA, TH",14.967,102.083,188.0,1998-02-22,0.0,30.9,37.6,23.7
TH000048431,"NAKHON RATCHASIMA, TH",14.967,102.083,188.0,1998-02-23,0.0,31.0,37.4,24.6
TH000048431,"NAKHON RATCHASIMA, TH",14.967,102.083,188.0,1998-02-24,0.0,31.3,38.3,25.0
TH000048431,"NAKHON RATCHASIMA, TH",14.967,102.083,188.0,1998-02-25,0.0,31.0,38.2,25.5
TH000048431,"NAKHON RATCHASIMA, TH",14.967,102.083,188.0,1998-02-26,0.0,30.9,38.0,24.5
TH000048431,"NAKHON RATCHASIMA, TH",14.967,102.083,188.0,1998-02-27,0.0,31.2,37.8,24.2
TH000048431,"NAKHON RATCHASIMA, TH",14.967,102.083,188.0,1998-02-28,0.0,31.5,37.7,25.6
TH000048431,"NAKHON RATCHASIMA, TH",14.967,102.083,188.0,1998-03-01,1.0,27.7,31.1,
TH000048431,"NAKHON RATCHASIMA, TH",14.967,102.083,188.0,1998-03-02,0.0,28.6,33.6,24.2
TH000048431,"NAKHON RATCHASIMA, TH",14.967,102.083,188.0,1998-03-03,0.0,30.1,35.2,25.6
TH000048431,"NAKHON RATCHASIMA, TH",14.967,102.083,188.0,1998-03-04,2.0,29.7,35.1,25.4
TH000048431,"NAKHON RATCHASIMA, TH",14.967,102.083,188.0,1998-03-05,0.0,30.4,37.3,25.1
TH000048431,"NAKHON RATCHASIMA, TH",14.967,102.083,188.0,1998-03-06,0.0,30.6,37.0,24.8
TH000048431,"NAKHON RATCHASIMA, TH",14.967,102.083,188.0,1998-03-07,0.0,31.0,38.3,23.8
TH000048431,"NAKHON RATCHASIMA, TH",14.967,102.083,188.0,1998-03-08,0.0,30.8,37.7,24.4
TH000048431,"NAKHON RATCHASIMA, TH",14.967,102.083,188.0,1998-03-09,0.0,30.1,37.7,
TH000048431,"NAKHON RATCHASIMA, TH",14.967,102.083,188.0,1998-03-10,,32.1,37.6,23.2
TH000048431,"NAKHON RATCHASIMA, TH",14.967,102.083,188.0,1998-03-11,0.0,30.3,38.7,
TH000048431,"NAKHON RATCHASIMA, TH",14.967,102.083,188.0,1998-03-12,0.0,31.1,39.1,21.6
TH000048431,"NAKHON RATCHASIMA, TH",14.967,102.083,188.0,1998-03-13,0.0,31.1,38.6,24.7
TH000048431,"NAKHON RATCHASIMA, TH",14.967,102.083,188.0,1998-03-14,0.0,32.1,40.0,23.5
TH000048431,"NAKHON RATCHASIMA, TH",14.967,102.083,188.0,1998-03-15,0.0,32.2,38.9,26.2
TH000048431,"NAKHON RATCHASIMA, TH",14.967,102.083,188.0,1998-03-16,0.0,32.8,40.7,24.5
TH000048431,"NAKHON RATCHASIMA, TH",14.967,102.083,188.0,1998-03-17,0.0,32.9,40.4,25.2
TH000048431,"NAKHON RATCHASIMA, TH",14.967,102.083,188.0,1998-03-18,0.0,33.2,40.3,25.2
TH000048431,"NAKHON RATCHASIMA, TH",14.967,102.083,188.0,1998-03-19,0.0,32.6,40.5,26.6
TH000048431,"NAKHON RATCHASIMA, TH",14.967,102.083,188.0,1998-03-20,0.0,32.7,40.7,26.0
TH000048431,"NAKHON RATCHASIMA, TH",14.967,102.083,188.0,1998-03-21,0.0,32.4,40.7,24.4
TH000048431,"NAKHON RATCHASIMA, TH",14.967,102.083,188.0,1998-03-22,0.0,33.3,40.1,24.5
TH000048431,"NAKHON RATCHASIMA, TH",14.967,102.083,188.0,1998-03-23,0.0,32.8,39.0,25.6
TH000048431,"NAKHON RATCHASIMA, TH",14.967,102.083,188.0,1998-03-24,1.0,30.7,39.1,27.0
TH000048431,"NAKHON RATCHASIMA, TH",14.967,102.083,188.0,1998-03-25,2.0,31.3,37.5,26.6
TH000048431,"NAKHON RATCHASIMA, TH",14.967,102.083,188.0,1998-03-26,0.0,29.6,35.2,25.4
TH000048431,"NAKHON RATCHASIMA, TH",14.967,102.083,188.0,1998-03-27,0.0,32.0,37.0,25.0
TH000048431,"NAKHON RATCHASIMA, TH",14.967,102.083,188.0,1998-03-28,33.0,29.2,36.2,
TH000048431,"NAKHON RATCHASIMA, TH",14.967,102.083,188.0,1998-03-29,0.0,30.9,35.2,
TH000048431,"NAKHON RATCHASIMA, TH",14.967,102.083,188.0,1998-03-30,0.0,31.3,36.6,
TH000048431,"NAKHON RATCHASIMA, TH",14.967,102.083,188.0,1998-03-31,0.0,31.1,37.7,26.0
TH000048431,"NAKHON RATCHASIMA, TH",14.967,102.083,188.0,1998-04-01,2.0,28.3,37.3,
TH000048431,"NAKHON RATCHASIMA, TH",14.967,102.083,188.0,1998-04-02,0.0,29.4,36.2,24.6
TH000048431,"NAKHON RATCHASIMA, TH",14.967,102.083,188.0,1998-04-03,0.0,30.1,36.2,
TH000048431,"NAKHON RATCHASIMA, TH",14.967,102.083,188.0,1998-04-04,0.0,28.7,35.2,24.0
TH000048431,"NAKHON RATCHASIMA, TH",14.967,102.083,188.0,1998-04-05,0.0,30.9,36.9,24.0
TH000048431,"NAKHON RATCHASIMA, TH",14.967,102.083,188.0,1998-04-06,0.0,29.8,36.0,
TH000048431,"NAKHON RATCHASIMA, TH",14.967,102.083,188.0,1998-04-07,0.0,29.7,36.2,25.5
TH000048431,"NAKHON RATCHASIMA, TH",14.967,102.083,188.0,1998-04-08,0.0,29.2,37.8,
TH000048431,"NAKHON RATCHASIMA, TH",14.967,102.083,188.0,1998-04-09,0.0,33.8,39.1,25.4
TH000048431,"NAKHON RATCHASIMA, TH",14.967,102.083,188.0,1998-04-10,0.0,32.7,38.5,27.2
TH000048431,"NAKHON RATCHASIMA, TH",14.967,102.083,188.0,1998-04-11,0.0,32.8,39.9,26.0
TH000048431,"NAKHON RATCHASIMA, TH",14.967,102.083,188.0,1998-04-12,0.0,32.8,41.2,24.6
TH000048431,"NAKHON RATCHASIMA, TH",14.967,102.083,188.0,1998-04-13,0.0,32.9,41.5,24.6
TH000048431,"NAKHON RATCHASIMA, TH",14.967,102.083,188.0,1998-04-14,0.0,34.9,41.7,
TH000048431,"NAKHON RATCHASIMA, TH",14.967,102.083,188.0,1998-04-15,0.0,34.2,42.2,26.0
TH000048431,"NAKHON RATCHASIMA, TH",14.967,102.083,188.0,1998-04-16,0.0,34.2,40.7,26.6
TH000048431,"NAKHON RATCHASIMA, TH",14.967,102.083,188.0,1998-04-17,0.0,29.4,,19.2
TH000048431,"NAKHON RATCHASIMA, TH",14.967,102.083,188.0,1998-04-18,0.0,30.4,34.5,
TH000048431,"NAKHON RATCHASIMA, TH",14.967,102.083,188.0,1998-04-19,21.1,30.1,36.9,20.1
TH000048431,"NAKHON RATCHASIMA, TH",14.967,102.083,188.0,1998-04-20,33.0,27.1,35.5,17.5
TH000048431,"NAKHON RATCHASIMA, TH",14.967,102.083,188.0,1998-04-21,37.1,26.7,34.1,19.4
TH000048431,"NAKHON RATCHASIMA, TH",14.967,102.083,188.0,1998-04-22,14.0,28.9,34.3,24.2
TH000048431,"NAKHON RATCHASIMA, TH",14.967,102.083,188.0,1998-04-23,0.0,32.0,37.7,24.2
TH000048431,"NAKHON RATCHASIMA, TH",14.967,102.083,188.0,1998-04-24,0.0,32.5,38.7,25.3
TH000048431,"NAKHON RATCHASIMA, TH",14.967,102.083,188.0,1998-04-25,0.0,32.8,,26.9
TH000048431,"NAKHON RATCHASIMA, TH",14.967,102.083,188.0,1998-04-26,0.0,32.9,39.6,26.5
TH000048431,"NAKHON RATCHASIMA, TH",14.967,102.083,188.0,1998-04-27,0.0,33.0,39.1,26.2
TH000048431,"NAKHON RATCHASIMA, TH",14.967,102.083,188.0,1998-04-28,0.0,30.9,38.3,26.6
TH000048431,"NAKHON RATCHASIMA, TH",14.967,102.083,188.0,1998-04-29,8.9,33.8,38.6,25.3
TH000048431,"NAKHON RATCHASIMA, TH",14.967,102.083,188.0,1998-04-30,0.0,32.4,39.6,25.3
TH000048431,"NAKHON RATCHASIMA, TH",14.967,102.083,188.0,1998-05-01,,33.7,,25.7
TH000048431,"NAKHON RATCHASIMA, TH",14.967,102.083,188.0,1998-05-02,0.0,32.9,39.5,25.7
TH000048431,"NAKHON RATCHASIMA, TH",14.967,102.083,188.0,1998-05-03,0.0,33.4,39.6,27.0
TH000048431,"NAKHON RATCHASIMA, TH",14.967,102.083,188.0,1998-05-04,0.0,31.4,39.2,
TH000048431,"NAKHON RATCHASIMA, TH",14.967,102.083,188.0,1998-05-05,0.0,30.8,35.3,24.8
TH000048431,"NAKHON RATCHASIMA, TH",14.967,102.083,188.0,1998-05-06,0.0,31.2,38.2,26.5
TH000048431,"NAKHON RATCHASIMA, TH",14.967,102.083,188.0,1998-05-07,0.0,30.4,38.3,26.0
TH000048431,"NAKHON RATCHASIMA, TH",14.967,102.083,188.0,1998-05-08,0.0,32.6,38.6,26.1
TH000048431,"NAKHON RATCHASIMA, TH",14.967,102.083,188.0,1998-05-09,0.0,30.3,37.8,
TH000048431,"NAKHON RATCHASIMA, TH",14.967,102.083,188.0,1998-05-10,0.0,31.8,38.3,25.6
TH000048431,"NAKHON RATCHASIMA, TH",14.967,102.083,188.0,1998-05-11,0.3,31.8,39.7,
TH000048431,"NAKHON RATCHASIMA, TH",14.967,102.083,188.0,1998-05-12,3.0,30.8,37.9,25.0
TH000048431,"NAKHON RATCHASIMA, TH",14.967,102.083,188.0,1998-05-13,22.1,26.1,29.7,
TH000048431,"NAKHON RATCHASIMA, TH",14.967,102.083,188.0,1998-05-14,2.0,29.8,36.1,24.1
TH000048431,"NAKHON RATCHASIMA, TH",14.967,102.083,188.0,1998-05-15,0.0,29.6,37.2,25.6
TH000048431,"NAKHON RATCHASIMA, TH",14.967,102.083,188.0,1998-05-16,0.0,31.3,36.1,26.3
TH000048431,"NAKHON RATCHASIMA, TH",14.967,102.083,188.0,1998-05-17,0.0,29.2,35.3,26.8
TH000048431,"NAKHON RATCHASIMA, TH",14.967,102.083,188.0,1998-05-18,0.0,30.3,34.2,25.7
TH000048431,"NAKHON RATCHASIMA, TH",14.967,102.083,188.0,1998-05-19,0.0,30.4,37.3,26.4
TH000048431,"NAKHON RATCHASIMA, TH",14.967,102.083,188.0,1998-05-20,0.0,30.8,36.6,26.6
TH000048431,"NAKHON RATCHASIMA, TH",14.967,102.083,188.0,1998-05-21,0.0,32.1,37.2,26.0
TH000048431,"NAKHON RATCHASIMA, TH",14.967,102.083,188.0,1998-05-22,0.0,32.3,37.5,26.8
TH000048431,"NAKHON RATCHASIMA, TH",14.967,102.083,188.0,1998-05-23,0.0,32.3,38.7,27.0
TH000048431,"NAKHON RATCHASIMA, TH",14.967,102.083,188.0,1998-05-24,0.0,32.5,39.9,26.4
TH000048431,"NAKHON RATCHASIMA, TH",14.967,102.083,188.0,1998-05-25,30.0,27.1,36.4,
TH000048431,"NAKHON RATCHASIMA, TH",14.967,102.083,188.0,1998-05-26,2.0,28.8,34.6,25.0
TH000048431,"NAKHON RATCHASIMA, TH",14.967,102.083,188.0,1998-05-27,1.0,30.1,35.4,25.2
TH000048431,"NAKHON RATCHASIMA, TH",14.967,102.083,188.0,1998-05-28,0.0,30.8,36.3,25.5
TH000048431,"NAKHON RATCHASIMA, TH",14.967,102.083,188.0,1998-05-29,,31.7,35.8,25.5
TH000048431,"NAKHON RATCHASIMA, TH",14.967,102.083,188.0,1998-05-30,0.0,31.1,35.8,25.7
TH000048431,"NAKHON RATCHASIMA, TH",14.967,102.083,188.0,1998-05-31,2.0,28.2,34.7,
TH000048431,"NAKHON RATCHASIMA, TH",14.967,102.083,188.0,1998-06-01,0.0,30.4,35.3,24.6
TH000048431,"NAKHON RATCHASIMA, TH",14.967,102.083,188.0,1998-06-02,0.0,30.1,35.6,25.8
TH000048431,"NAKHON RATCHASIMA, TH",14.967,102.083,188.0,1998-06-03,6.1,29.7,35.1,25.6
TH000048431,"NAKHON RATCHASIMA, TH",14.967,102.083,188.0,1998-06-04,0.0,31.4,36.2,26.2
TH000048431,"NAKHON RATCHASIMA, TH",14.967,102.083,188.0,1998-06-05,2.0,30.8,36.7,26.3
TH000048431,"NAKHON RATCHASIMA, TH",14.967,102.083,188.0,1998-06-06,0.0,30.2,36.2,
TH000048431,"NAKHON RATCHASIMA, TH",14.967,102.083,188.0,1998-06-07,0.0,30.6,35.6,24.8
TH000048431,"NAKHON RATCHASIMA, TH",14.967,102.083,188.0,1998-06-08,0.3,30.2,36.6,25.1
TH000048431,"NAKHON RATCHASIMA, TH",14.967,102.083,188.0,1998-06-09,0.0,31.0,36.1,25.3
TH000048431,"NAKHON RATCHASIMA, TH",14.967,102.083,188.0,1998-06-10,0.0,30.9,36.2,25.7
TH000048431,"NAKHON RATCHASIMA, TH",14.967,102.083,188.0,1998-06-11,0.0,31.3,37.1,26.0
TH000048431,"NAKHON RATCHASIMA, TH",14.967,102.083,188.0,1998-06-12,0.0,31.9,38.6,25.6
TH000048431,"NAKHON RATCHASIMA, TH",14.967,102.083,188.0,1998-06-13,0.0,29.8,36.7,25.9
TH000048431,"NAKHON RATCHASIMA, TH",14.967,102.083,188.0,1998-06-14,0.0,29.4,37.3,25.4
TH000048431,"NAKHON RATCHASIMA, TH",14.967,102.083,188.0,1998-06-15,0.0,31.3,36.5,24.6
TH000048431,"NAKHON RATCHASIMA, TH",14.967,102.083,188.0,1998-06-16,0.0,31.6,37.4,25.9
TH000048431,"NAKHON RATCHASIMA, TH",14.967,102.083,188.0,1998-06-17,0.0,32.4,38.2,26.5
TH000048431,"NAKHON RATCHASIMA, TH",14.967,102.083,188.0,1998-06-18,0.0,32.3,37.6,26.8
TH000048431,"NAKHON RATCHASIMA, TH",14.967,102.083,188.0,1998-06-19,0.0,32.3,37.7,26.2
TH000048431,"NAKHON RATCHASIMA, TH",14.967,102.083,188.0,1998-06-20,0.0,32.2,38.7,26.5
TH000048431,"NAKHON RATCHASIMA, TH",14.967,102.083,188.0,1998-06-21,17.0,29.6,37.5,26.4
TH000048431,"NAKHON RATCHASIMA, TH",14.967,102.083,188.0,1998-06-22,0.0,31.9,37.7,25.8
TH000048431,"NAKHON RATCHASIMA, TH",14.967,102.083,188.0,1998-06-23,0.0,32.5,38.2,26.5
TH000048431,"NAKHON RATCHASIMA, TH",14.967,102.083,188.0,1998-06-24,0.0,32.2,37.2,26.7
TH000048431,"NAKHON RATCHASIMA, TH",14.967,102.083,188.0,1998-06-25,0.0,31.8,36.7,27.2
TH000048431,"NAKHON RATCHASIMA, TH",14.967,102.083,188.0,1998-06-26,4.1,31.8,38.0,
TH000048431,"NAKHON RATCHASIMA, TH",14.967,102.083,188.0,1998-06-27,8.9,28.7,34.2,25.7
TH000048431,"NAKHON RATCHASIMA, TH",14.967,102.083,188.0,1998-06-28,11.9,28.7,35.2,25.1
TH000048431,"NAKHON RATCHASIMA, TH",14.967,102.083,188.0,1998-06-29,5.1,28.5,32.2,25.0
TH000048431,"NAKHON RATCHASIMA, TH",14.967,102.083,188.0,1998-06-30,1.0,28.6,32.6,25.7
TH000048431,"NAKHON RATCHASIMA, TH",14.967,102.083,188.0,1998-07-01,0.3,28.8,33.0,25.0
TH000048431,"NAKHON RATCHASIMA, TH",14.967,102.083,188.0,1998-07-02,0.0,28.1,32.0,24.3
TH000048431,"NAKHON RATCHASIMA, TH",14.967,102.083,188.0,1998-07-03,0.0,28.6,33.0,25.5
TH000048431,"NAKHON RATCHASIMA, TH",14.967,102.083,188.0,1998-07-04,5.1,26.4,34.0,
TH000048431,"NAKHON RATCHASIMA, TH",14.967,102.083,188.0,1998-07-05,0.5,27.3,32.6,22.6
TH000048431,"NAKHON RATCHASIMA, TH",14.967,102.083,188.0,1998-07-06,6.1,27.4,34.3,23.8
TH000048431,"NAKHON RATCHASIMA, TH",14.967,102.083,188.0,1998-07-07,0.0,29.3,34.4,23.8
TH000048431,"NAKHON RATCHASIMA, TH",14.967,102.083,188.0,1998-07-08,0.0,28.9,,24.5
TH000048431,"NAKHON RATCHASIMA, TH",14.967,102.083,188.0,1998-07-09,5.1,28.4,33.1,24.1
TH000048431,"NAKHON RATCHASIMA, TH",14.967,102.083,188.0,1998-07-10,0.5,29.5,34.2,23.1
TH000048431,"NAKHON RATCHASIMA, TH",14.967,102.083,188.0,1998-07-11,0.0,29.8,35.5,
TH000048431,"NAKHON RATCHASIMA, TH",14.967,102.083,188.0,1998-07-12,0.0,31.4,37.2,24.6
TH000048431,"NAKHON RATCHASIMA, TH",14.967,102.083,188.0,1998-07-13,31.0,28.0,37.6,
TH000048431,"NAKHON RATCHASIMA, TH",14.967,102.083,188.0,1998-07-14,3.0,28.0,32.1,22.7
TH000048431,"NAKHON RATCHASIMA, TH",14.967,102.083,188.0,1998-07-15,1.0,28.8,33.8,24.6
TH000048431,"NAKHON RATCHASIMA, TH",14.967,102.083,188.0,1998-07-16,0.0,30.3,35.3,24.5
TH000048431,"NAKHON RATCHASIMA, TH",14.967,102.083,188.0,1998-07-17,0.0,30.7,36.5,25.0
TH000048431,"NAKHON RATCHASIMA, TH",14.967,102.083,188.0,1998-07-18,0.0,30.7,37.2,25.5
TH000048431,"NAKHON RATCHASIMA, TH",14.967,102.083,188.0,1998-07-19,0.0,29.9,37.1,25.0
TH000048431,"NAKHON RATCHASIMA, TH",14.967,102.083,188.0,1998-07-20,0.0,31.5,37.7,25.3
TH000048431,"NAKHON RATCHASIMA, TH",14.967,102.083,188.0,1998-07-21,0.0,31.4,38.0,25.5
TH000048431,"NAKHON RATCHASIMA, TH",14.967,102.083,188.0,1998-07-22,0.0,31.1,38.2,25.6
TH000048431,"NAKHON RATCHASIMA, TH",14.967,102.083,188.0,1998-07-23,14.0,29.8,36.9,24.8
TH000048431,"NAKHON RATCHASIMA, TH",14.967,102.083,188.0,1998-07-24,0.5,30.2,35.2,25.0
TH000048431,"NAKHON RATCHASIMA, TH",14.967,102.083,188.0,1998-07-25,0.0,29.4,34.0,25.0
TH000048431,"NAKHON RATCHASIMA, TH",14.967,102.083,188.0,1998-07-26,0.0,30.3,36.6,24.5
TH000048431,"NAKHON RATCHASIMA, TH",14.967,102.083,188.0,1998-07-27,0.0,30.3,37.1,25.2
TH000048431,"NAKHON RATCHASIMA, TH",14.967,102.083,188.0,1998-07-28,0.5,29.7,36.2,25.1
TH000048431,"NAKHON RATCHASIMA, TH",14.967,102.083,188.0,1998-07-29,7.9,27.9,35.5,24.4
TH000048431,"NAKHON RATCHASIMA, TH",14.967,102.083,188.0,1998-07-30,4.1,28.7,34.2,24.4
TH000048431,"NAKHON RATCHASIMA, TH",14.967,102.083,188.0,1998-07-31,0.0,28.7,33.9,24.7
TH000048431,"NAKHON RATCHASIMA, TH",14.967,102.083,188.0,1998-08-01,0.5,28.0,34.6,24.5
TH000048431,"NAKHON RATCHASIMA, TH",14.967,102.083,188.0,1998-08-02,0.0,29.9,35.5,24.8
TH000048431,"NAKHON RATCHASIMA, TH",14.967,102.083,188.0,1998-08-03,1.0,29.7,35.6,24.2
TH000048431,"NAKHON RATCHASIMA, TH",14.967,102.083,188.0,1998-08-04,0.0,30.9,35.7,
TH000048431,"NAKHON RATCHASIMA, TH",14.967,102.083,188.0,1998-08-05,0.3,29.0,36.6,
TH000048431,"NAKHON RATCHASIMA, TH",14.967,102.083,188.0,1998-08-06,0.0,28.9,34.6,24.2
TH000048431,"NAKHON RATCHASIMA, TH",14.967,102.083,188.0,1998-08-07,0.0,28.8,34.5,24.2
TH000048431,"NAKHON RATCHASIMA, TH",14.967,102.083,188.0,1998-08-08,2.0,27.7,31.5,24.5
TH000048431,"NAKHON RATCHASIMA, TH",14.967,102.083,188.0,1998-08-09,0.0,27.7,32.6,24.2
TH000048431,"NAKHON RATCHASIMA, TH",14.967,102.083,188.0,1998-08-10,11.9,27.2,32.4,
TH000048431,"NAKHON RATCHASIMA, TH",14.967,102.083,188.0,1998-08-11,0.3,28.4,32.7,23.5
TH000048431,"NAKHON RATCHASIMA, TH",14.967,102.083,188.0,1998-08-12,4.1,28.0,31.7,25.3
TH000048431,"NAKHON RATCHASIMA, TH",14.967,102.083,188.0,1998-08-13,35.1,27.9,33.2,24.2
TH000048431,"NAKHON RATCHASIMA, TH",14.967,102.083,188.0,1998-08-14,85.1,28.4,34.5,23.3
TH000048431,"NAKHON RATCHASIMA, TH",14.967,102.083,188.0,1998-08-15,0.0,29.6,33.6,
TH000048431,"NAKHON RATCHASIMA, TH",14.967,102.083,188.0,1998-08-17,3.0,29.0,33.6,24.2
TH000048431,"NAKHON RATCHASIMA, TH",14.967,102.083,188.0,1998-08-18,13.0,27.3,30.7,23.0
TH000048431,"NAKHON RATCHASIMA, TH",14.967,102.083,188.0,1998-08-19,0.0,27.5,32.8,22.8
TH000048431,"NAKHON RATCHASIMA, TH",14.967,102.083,188.0,1998-08-20,3.0,28.0,33.4,24.6
TH000048431,"NAKHON RATCHASIMA, TH",14.967,102.083,188.0,1998-08-21,31.0,26.2,33.1,23.6
TH000048431,"NAKHON RATCHASIMA, TH",14.967,102.083,188.0,1998-08-22,8.9,26.3,31.0,23.6
TH000048431,"NAKHON RATCHASIMA, TH",14.967,102.083,188.0,1998-08-23,16.0,26.5,31.4,24.2
TH000048431,"NAKHON RATCHASIMA, TH",14.967,102.083,188.0,1998-08-24,1.0,29.3,32.8,24.5
TH000048431,"NAKHON RATCHASIMA, TH",14.967,102.083,188.0,1998-08-25,0.0,29.6,34.4,24.0
TH000048431,"NAKHON RATCHASIMA, TH",14.967,102.083,188.0,1998-08-26,0.0,29.3,34.5,24.6
TH000048431,"NAKHON RATCHASIMA, TH",14.967,102.083,188.0,1998-08-27,0.0,29.8,35.1,24.2
TH000048431,"NAKHON RATCHASIMA, TH",14.967,102.083,188.0,1998-08-28,0.0,30.9,35.2,24.6
TH000048431,"NAKHON RATCHASIMA, TH",14.967,102.083,188.0,1998-08-29,6.1,30.2,36.2,25.2
TH000048431,"NAKHON RATCHASIMA, TH",14.967,102.083,188.0,1998-08-30,4.1,28.6,35.0,25.2
TH000048431,"NAKHON RATCHASIMA, TH",14.967,102.083,188.0,1998-08-31,0.0,29.6,34.3,25.1
TH000048431,"NAKHON RATCHASIMA, TH",14.967,102.083,188.0,1998-09-01,8.9,26.9,33.7,24.2
TH000048431,"NAKHON RATCHASIMA, TH",14.967,102.083,188.0,1998-09-02,5.1,27.0,32.6,24.0
TH000048431,"NAKHON RATCHASIMA, TH",14.967,102.083,188.0,1998-09-03,2.0,27.9,33.5,23.6
TH000048431,"NAKHON RATCHASIMA, TH",14.967,102.083,188.0,1998-09-04,0.0,28.6,33.8,23.3
TH000048431,"NAKHON RATCHASIMA, TH",14.967,102.083,188.0,1998-09-05,0.0,29.7,33.6,24.5
TH000048431,"NAKHON RATCHASIMA, TH",14.967,102.083,188.0,1998-09-06,0.0,28.5,32.1,24.6
TH000048431,"NAKHON RATCHASIMA, TH",14.967,102.083,188.0,1998-09-07,0.0,28.4,33.7,24.5
TH000048431,"NAKHON RATCHASIMA, TH",14.967,102.083,188.0,1998-09-08,0.0,29.2,34.2,23.8
TH000048431,"NAKHON RATCHASIMA, TH",14.967,102.083,188.0,1998-09-09,3.0,28.9,33.6,24.4
TH000048431,"NAKHON RATCHASIMA, TH",14.967,102.083,188.0,1998-09-10,21.1,27.4,32.2,
TH000048431,"NAKHON RATCHASIMA, TH",14.967,102.083,188.0,1998-09-11,0.3,26.3,29.4,23.3
TH000048431,"NAKHON RATCHASIMA, TH",14.967,102.083,188.0,1998-09-12,0.0,28.9,33.4,22.6
TH000048431,"NAKHON RATCHASIMA, TH",14.967,102.083,188.0,1998-09-13,0.0,28.8,34.1,23.7
TH000048431,"NAKHON RATCHASIMA, TH",14.967,102.083,188.0,1998-09-14,0.0,29.2,33.2,24.2
TH000048431,"NAKHON RATCHASIMA, TH",14.967,102.083,188.0,1998-09-15,3.0,28.8,34.5,24.0
TH000048431,"NAKHON RATCHASIMA, TH",14.967,102.083,188.0,1998-09-16,0.0,28.3,33.9,24.9
TH000048431,"NAKHON RATCHASIMA, TH",14.967,102.083,188.0,1998-09-17,2.0,26.9,32.2,24.7
TH000048431,"NAKHON RATCHASIMA, TH",14.967,102.083,188.0,1998-09-18,33.0,26.1,29.0,24.2
TH000048431,"NAKHON RATCHASIMA, TH",14.967,102.083,188.0,1998-09-19,0.5,25.2,30.0,24.0
TH000048431,"NAKHON RATCHASIMA, TH",14.967,102.083,188.0,1998-09-20,6.1,24.3,26.2,23.2
TH000048431,"NAKHON RATCHASIMA, TH",14.967,102.083,188.0,1998-09-21,2.0,25.2,29.0,21.7
TH000048431,"NAKHON RATCHASIMA, TH",14.967,102.083,188.0,1998-09-22,1.0,27.3,32.3,21.7
TH000048431,"NAKHON RATCHASIMA, TH",14.967,102.083,188.0,1998-09-23,2.0,27.8,33.1,23.8
TH000048431,"NAKHON RATCHASIMA, TH",14.967,102.083,188.0,1998-09-24,35.1,26.4,29.8,24.1
TH000048431,"NAKHON RATCHASIMA, TH",14.967,102.083,188.0,1998-09-25,27.9,26.9,,23.5
TH000048431,"NAKHON RATCHASIMA, TH",14.967,102.083,188.0,1998-09-26,5.1,28.1,32.7,
TH000048431,"NAKHON RATCHASIMA, TH",14.967,102.083,188.0,1998-09-27,0.0,28.4,32.2,23.4
TH000048431,"NAKHON RATCHASIMA, TH",14.967,102.083,188.0,1998-09-28,0.0,27.4,30.3,24.5
TH000048431,"NAKHON RATCHASIMA, TH",14.967,102.083,188.0,1998-09-29,0.0,28.2,31.4,24.0
TH000048431,"NAKHON RATCHASIMA, TH",14.967,102.083,188.0,1998-09-30,0.0,28.1,,25.0
TH000048431,"NAKHON RATCHASIMA, TH",14.967,102.083,188.0,1998-10-01,0.0,27.6,31.4,
TH000048431,"NAKHON RATCHASIMA, TH",14.967,102.083,188.0,1998-10-02,0.0,27.2,31.4,
TH000048431,"NAKHON RATCHASIMA, TH",14.967,102.083,188.0,1998-10-03,0.0,27.6,,21.7
TH000048431,"NAKHON RATCHASIMA, TH",14.967,102.083,188.0,1998-10-04,0.0,27.7,32.4,22.8
TH000048431,"NAKHON RATCHASIMA, TH",14.967,102.083,188.0,1998-10-05,0.0,28.7,,22.7
TH000048431,"NAKHON RATCHASIMA, TH",14.967,102.083,188.0,1998-10-06,0.0,28.7,32.4,24.1
TH000048431,"NAKHON RATCHASIMA, TH",14.967,102.083,188.0,1998-10-07,4.1,28.0,33.0,24.5
TH000048431,"NAKHON RATCHASIMA, TH",14.967,102.083,188.0,1998-10-08,39.9,27.8,32.2,
TH000048431,"NAKHON RATCHASIMA, TH",14.967,102.083,188.0,1998-10-09,14.0,25.8,28.8,22.0
TH000048431,"NAKHON RATCHASIMA, TH",14.967,102.083,188.0,1998-10-10,4.1,27.0,31.2,23.7
TH000048431,"NAKHON RATCHASIMA, TH",14.967,102.083,188.0,1998-10-11,25.9,27.4,32.6,23.7
TH000048431,"NAKHON RATCHASIMA, TH",14.967,102.083,188.0,1998-10-12,6.1,26.2,31.7,23.8
TH000048431,"NAKHON RATCHASIMA, TH",14.967,102.083,188.0,1998-10-13,1.0,26.9,31.6,24.0
TH000048431,"NAKHON RATCHASIMA, TH",14.967,102.083,188.0,1998-10-14,0.0,28.9,33.1,24.1
TH000048431,"NAKHON RATCHASIMA, TH",14.967,102.083,188.0,1998-10-15,0.0,29.0,33.5,24.5
TH000048431,"NAKHON RATCHASIMA, TH",14.967,102.083,188.0,1998-10-16,1.0,29.1,34.2,23.7
TH000048431,"NAKHON RATCHASIMA, TH",14.967,102.083,188.0,1998-10-17,7.1,29.2,34.6,23.5
TH000048431,"NAKHON RATCHASIMA, TH",14.967,102.083,188.0,1998-10-18,30.0,26.4,31.8,23.5
TH000048431,"NAKHON RATCHASIMA, TH",14.967,102.083,188.0,1998-10-19,23.1,27.1,30.4,23.7
TH000048431,"NAKHON RATCHASIMA, TH",14.967,102.083,188.0,1998-10-20,0.0,27.6,30.8,22.8
TH000048431,"NAKHON RATCHASIMA, TH",14.967,102.083,188.0,1998-10-21,0.0,26.3,29.7,23.2
TH000048431,"NAKHON RATCHASIMA, TH",14.967,102.083,188.0,1998-10-22,0.0,26.4,30.6,22.5
TH000048431,"NAKHON RATCHASIMA, TH",14.967,102.083,188.0,1998-10-23,0.0,25.6,30.0,22.6
TH000048431,"NAKHON RATCHASIMA, TH",14.967,102.083,188.0,1998-10-24,0.0,25.6,31.2,
TH000048431,"NAKHON RATCHASIMA, TH",14.967,102.083,188.0,1998-10-25,0.0,26.6,32.6,19.4
TH000048431,"NAKHON RATCHASIMA, TH",14.967,102.083,188.0,1998-10-26,0.0,27.6,33.4,20.4
TH000048431,"NAKHON RATCHASIMA, TH",14.967,102.083,188.0,1998-10-27,0.0,26.8,32.1,22.0
TH000048431,"NAKHON RATCHASIMA, TH",14.967,102.083,188.0,1998-10-28,0.0,26.6,32.2,21.1
TH000048431,"NAKHON RATCHASIMA, TH",14.967,102.083,188.0,1998-10-29,0.0,27.6,32.9,20.2
TH000048431,"NAKHON RATCHASIMA, TH",14.967,102.083,188.0,1998-10-30,0.0,27.5,33.4,23.2
TH000048431,"NAKHON RATCHASIMA, TH",14.967,102.083,188.0,1998-10-31,0.0,28.4,33.1,23.4
TH000048431,"NAKHON RATCHASIMA, TH",14.967,102.083,188.0,1998-11-01,,29.4,33.0,23.0
TH000048431,"NAKHON RATCHASIMA, TH",14.967,102.083,188.0,1998-11-02,3.0,28.3,32.5,24.3
TH000048431,"NAKHON RATCHASIMA, TH",14.967,102.083,188.0,1998-11-03,0.0,26.6,31.0,
TH000048431,"NAKHON RATCHASIMA, TH",14.967,102.083,188.0,1998-11-04,0.0,26.5,30.7,21.7
TH000048431,"NAKHON RATCHASIMA, TH",14.967,102.083,188.0,1998-11-05,0.0,26.4,31.2,21.2
TH000048431,"NAKHON RATCHASIMA, TH",14.967,102.083,188.0,1998-11-06,0.0,25.9,29.9,21.4
TH000048431,"NAKHON RATCHASIMA, TH",14.967,102.083,188.0,1998-11-07,0.0,26.4,30.5,20.2
TH000048431,"NAKHON RATCHASIMA, TH",14.967,102.083,188.0,1998-11-08,0.0,26.3,31.5,22.4
TH000048431,"NAKHON RATCHASIMA, TH",14.967,102.083,188.0,1998-11-09,0.0,26.7,32.0,21.2
TH000048431,"NAKHON RATCHASIMA, TH",14.967,102.083,188.0,1998-11-10,0.0,26.1,31.6,
TH000048431,"NAKHON RATCHASIMA, TH",14.967,102.083,188.0,1998-11-11,0.0,25.1,30.4,19.7
TH000048431,"NAKHON RATCHASIMA, TH",14.967,102.083,188.0,1998-11-12,0.0,24.6,29.7,18.6
TH000048431,"NAKHON RATCHASIMA, TH",14.967,102.083,188.0,1998-11-13,0.0,23.9,29.5,18.5
TH000048431,"NAKHON RATCHASIMA, TH",14.967,102.083,188.0,1998-11-14,0.0,25.8,31.5,18.4
TH000048431,"NAKHON RATCHASIMA, TH",14.967,102.083,188.0,1998-11-15,,27.8,31.5,22.2
TH000048431,"NAKHON RATCHASIMA, TH",14.967,102.083,188.0,1998-11-16,0.0,27.7,33.4,
TH000048431,"NAKHON RATCHASIMA, TH",14.967,102.083,188.0,1998-11-17,0.0,28.4,33.6,22.3
TH000048431,"NAKHON RATCHASIMA, TH",14.967,102.083,188.0,1998-11-18,0.5,28.3,33.4,23.7
TH000048431,"NAKHON RATCHASIMA, TH",14.967,102.083,188.0,1998-11-19,0.0,28.8,33.7,23.5
TH000048431,"NAKHON RATCHASIMA, TH",14.967,102.083,188.0,1998-11-20,0.0,25.1,32.6,
TH000048431,"NAKHON RATCHASIMA, TH",14.967,102.083,188.0,1998-11-21,27.9,21.0,21.7,
TH000048431,"NAKHON RATCHASIMA, TH",14.967,102.083,188.0,1998-11-22,1.0,22.1,23.2,19.2
TH000048431,"NAKHON RATCHASIMA, TH",14.967,102.083,188.0,1998-11-23,0.3,22.8,26.7,19.3
TH000048431,"NAKHON RATCHASIMA, TH",14.967,102.083,188.0,1998-11-24,0.0,23.7,28.6,18.8
TH000048431,"NAKHON RATCHASIMA, TH",14.967,102.083,188.0,1998-11-25,0.0,24.0,29.5,18.0
TH000048431,"NAKHON RATCHASIMA, TH",14.967,102.083,188.0,1998-11-26,4.1,25.0,30.6,19.0
TH000048431,"NAKHON RATCHASIMA, TH",14.967,102.083,188.0,1998-11-27,6.1,22.7,23.6,20.8
TH000048431,"NAKHON RATCHASIMA, TH",14.967,102.083,188.0,1998-11-28,0.0,24.7,28.0,21.9
TH000048431,"NAKHON RATCHASIMA, TH",14.967,102.083,188.0,1998-11-29,0.0,26.8,31.8,21.7
TH000048431,"NAKHON RATCHASIMA, TH",14.967,102.083,188.0,1998-11-30,0.0,27.6,32.6,23.0
TH000048431,"NAKHON RATCHASIMA, TH",14.967,102.083,188.0,1998-12-01,0.0,28.1,33.5,22.6
TH000048431,"NAKHON RATCHASIMA, TH",14.967,102.083,188.0,1998-12-02,0.0,28.2,35.0,23.0
TH000048431,"NAKHON RATCHASIMA, TH",14.967,102.083,188.0,1998-12-03,0.0,28.2,32.1,23.2
TH000048431,"NAKHON RATCHASIMA, TH",14.967,102.083,188.0,1998-12-04,0.0,27.1,31.8,22.3
TH000048431,"NAKHON RATCHASIMA, TH",14.967,102.083,188.0,1998-12-05,0.0,26.6,31.4,21.3
TH000048431,"NAKHON RATCHASIMA, TH",14.967,102.083,188.0,1998-12-06,0.0,26.9,30.9,20.8
TH000048431,"NAKHON RATCHASIMA, TH",14.967,102.083,188.0,1998-12-07,0.0,26.1,30.8,
TH000048431,"NAKHON RATCHASIMA, TH",14.967,102.083,188.0,1998-12-08,0.0,23.2,28.2,
TH000048431,"NAKHON RATCHASIMA, TH",14.967,102.083,188.0,1998-12-09,0.0,22.6,28.1,17.2
TH000048431,"NAKHON RATCHASIMA, TH",14.967,102.083,188.0,1998-12-10,0.0,22.2,27.1,16.6
TH000048431,"NAKHON RATCHASIMA, TH",14.967,102.083,188.0,1998-12-11,0.0,21.7,26.8,17.1
TH000048431,"NAKHON RATCHASIMA, TH",14.967,102.083,188.0,1998-12-12,0.0,21.1,26.5,15.8
TH000048431,"NAKHON RATCHASIMA, TH",14.967,102.083,188.0,1998-12-13,0.0,20.7,26.1,14.7
TH000048431,"NAKHON RATCHASIMA, TH",14.967,102.083,188.0,1998-12-14,0.0,21.8,26.5,16.0
TH000048431,"NAKHON RATCHASIMA, TH",14.967,102.083,188.0,1998-12-15,0.0,19.5,22.8,16.2
TH000048431,"NAKHON RATCHASIMA, TH",14.967,102.083,188.0,1998-12-16,0.0,19.0,22.6,15.2
TH000048431,"NAKHON RATCHASIMA, TH",14.967,102.083,188.0,1998-12-17,0.0,20.2,22.6,17.5
TH000048431,"NAKHON RATCHASIMA, TH",14.967,102.083,188.0,1998-12-18,0.0,23.8,29.2,19.0
TH000048431,"NAKHON RATCHASIMA, TH",14.967,102.083,188.0,1998-12-19,0.0,25.4,30.4,18.5
TH000048431,"NAKHON RATCHASIMA, TH",14.967,102.083,188.0,1998-12-20,0.0,25.3,31.1,19.3
TH000048431,"NAKHON RATCHASIMA, TH",14.967,102.083,188.0,1998-12-21,0.0,24.8,30.6,18.7
TH000048431,"NAKHON RATCHASIMA, TH",14.967,102.083,188.0,1998-12-22,0.0,25.9,31.7,19.1
TH000048431,"NAKHON RATCHASIMA, TH",14.967,102.083,188.0,1998-12-23,0.0,26.1,32.5,19.5
TH000048431,"NAKHON RATCHASIMA, TH",14.967,102.083,188.0,1998-12-24,,25.1,30.7,19.6
TH000048431,"NAKHON RATCHASIMA, TH",14.967,102.083,188.0,1998-12-25,,25.6,,18.8
TH000048431,"NAKHON RATCHASIMA, TH",14.967,102.083,188.0,1998-12-26,0.0,24.2,29.8,19.8
TH000048431,"NAKHON RATCHASIMA, TH",14.967,102.083,188.0,1998-12-27,0.0,24.7,30.2,19.2
TH000048431,"NAKHON RATCHASIMA, TH",14.967,102.083,188.0,1998-12-28,0.0,24.9,30.3,18.8
TH000048431,"NAKHON RATCHASIMA, TH",14.967,102.083,188.0,1998-12-29,0.0,24.5,30.2,18.4
TH000048431,"NAKHON RATCHASIMA, TH",14.967,102.083,188.0,1998-12-30,,24.6,30.6,18.1
TH000048431,"NAKHON RATCHASIMA, TH",14.967,102.083,188.0,1998-12-31,,25.6,31.0,18.5
TH000048431,"NAKHON RATCHASIMA, TH",14.967,102.083,188.0,1999-01-01,,25.2,30.6,19.8
TH000048431,"NAKHON RATCHASIMA, TH",14.967,102.083,188.0,1999-01-02,,25.2,30.8,
TH000048431,"NAKHON RATCHASIMA, TH",14.967,102.083,188.0,1999-01-03,,24.1,29.2,18.0
TH000048431,"NAKHON RATCHASIMA, TH",14.967,102.083,188.0,1999-01-04,,22.3,28.8,16.6
TH000048431,"NAKHON RATCHASIMA, TH",14.967,102.083,188.0,1999-01-05,,21.1,28.2,15.2
TH000048431,"NAKHON RATCHASIMA, TH",14.967,102.083,188.0,1999-01-06,,21.1,26.9,14.1
TH000048431,"NAKHON RATCHASIMA, TH",14.967,102.083,188.0,1999-01-07,,22.4,28.2,16.8
TH000048431,"NAKHON RATCHASIMA, TH",14.967,102.083,188.0,1999-01-08,,21.7,27.5,
TH000048431,"NAKHON RATCHASIMA, TH",14.967,102.083,188.0,1999-01-09,,23.4,30.0,15.8
TH000048431,"NAKHON RATCHASIMA, TH",14.967,102.083,188.0,1999-01-11,,24.3,29.2,18.8
TH000048431,"NAKHON RATCHASIMA, TH",14.967,102.083,188.0,1999-01-12,,19.2,20.7,
TH000048431,"NAKHON RATCHASIMA, TH",14.967,102.083,188.0,1999-01-13,,22.2,26.3,17.5
TH000048431,"NAKHON RATCHASIMA, TH",14.967,102.083,188.0,1999-01-14,,23.9,29.2,18.9
TH000048431,"NAKHON RATCHASIMA, TH",14.967,102.083,188.0,1999-01-15,,23.8,28.9,
TH000048431,"NAKHON RATCHASIMA, TH",14.967,102.083,188.0,1999-01-16,,22.6,26.5,16.8
TH000048431,"NAKHON RATCHASIMA, TH",14.967,102.083,188.0,1999-01-17,,23.8,28.9,
TH000048431,"NAKHON RATCHASIMA, TH",14.967,102.083,188.0,1999-01-18,,23.8,,17.1
TH000048431,"NAKHON RATCHASIMA, TH",14.967,102.083,188.0,1999-01-19,,26.4,32.7,18.1
TH000048431,"NAKHON RATCHASIMA, TH",14.967,102.083,188.0,1999-01-20,,26.1,32.7,19.5
TH000048431,"NAKHON RATCHASIMA, TH",14.967,102.083,188.0,1999-01-21,,25.9,31.0,19.6
TH000048431,"NAKHON RATCHASIMA, TH",14.967,102.083,188.0,1999-01-22,,25.4,32.0,20.5
TH000048431,"NAKHON RATCHASIMA, TH",14.967,102.083,188.0,1999-01-23,,27.3,34.4,20.8
TH000048431,"NAKHON RATCHASIMA, TH",14.967,102.083,188.0,1999-01-24,,28.1,35.6,18.9
TH000048431,"NAKHON RATCHASIMA, TH",14.967,102.083,188.0,1999-01-25,,27.6,34.6,19.4
TH000048431,"NAKHON RATCHASIMA, TH",14.967,102.083,188.0,1999-01-26,,28.6,34.6,21.2
TH000048431,"NAKHON RATCHASIMA, TH",14.967,102.083,188.0,1999-01-27,,29.0,34.7,23.4
TH000048431,"NAKHON RATCHASIMA, TH",14.967,102.083,188.0,1999-01-28,,28.6,34.6,22.5
TH000048431,"NAKHON RATCHASIMA, TH",14.967,102.083,188.0,1999-01-29,,27.4,32.7,
TH000048431,"NAKHON RATCHASIMA, TH",14.967,102.083,188.0,1999-01-30,,27.1,34.3,22.7
TH000048431,"NAKHON RATCHASIMA, TH",14.967,102.083,188.0,1999-01-31,,28.4,35.7,22.0
TH000048431,"NAKHON RATCHASIMA, TH",14.967,102.083,188.0,1999-02-01,,28.9,35.5,22.3
TH000048431,"NAKHON RATCHASIMA, TH",14.967,102.083,188.0,1999-02-02,,29.6,36.8,23.0
TH000048431,"NAKHON RATCHASIMA, TH",14.967,102.083,188.0,1999-02-03,,24.2,28.1,
TH000048431,"NAKHON RATCHASIMA, TH",14.967,102.083,188.0,1999-02-04,,23.0,28.4,17.3
TH000048431,"NAKHON RATCHASIMA, TH",14.967,102.083,188.0,1999-02-05,,22.1,28.2,15.2
TH000048431,"NAKHON RATCHASIMA, TH",14.967,102.083,188.0,1999-02-06,,23.3,29.8,15.7
TH000048431,"NAKHON RATCHASIMA, TH",14.967,102.083,188.0,1999-02-07,,24.2,30.7,18.4
TH000048431,"NAKHON RATCHASIMA, TH",14.967,102.083,188.0,1999-02-08,,24.7,30.6,18.6
TH000048431,"NAKHON RATCHASIMA, TH",14.967,102.083,188.0,1999-02-09,,24.4,31.2,18.7
TH000048431,"NAKHON RATCHASIMA, TH",14.967,102.083,188.0,1999-02-10,,25.3,32.7,17.4
TH000048431,"NAKHON RATCHASIMA, TH",14.967,102.083,188.0,1999-02-11,,28.0,33.8,19.5
TH000048431,"NAKHON RATCHASIMA, TH",14.967,102.083,188.0,1999-02-12,,27.2,30.5,22.8
TH000048431,"NAKHON RATCHASIMA, TH",14.967,102.083,188.0,1999-02-13,,27.1,32.5,21.6
TH000048431,"NAKHON RATCHASIMA, TH",14.967,102.083,188.0,1999-02-14,,26.1,32.1,21.3
TH000048431,"NAKHON RATCHASIMA, TH",14.967,102.083,188.0,1999-02-15,,27.4,33.3,21.2
TH000048431,"NAKHON RATCHASIMA, TH",14.967,102.083,188.0,1999-02-16,,26.3,32.4,21.2
TH000048431,"NAKHON RATCHASIMA, TH",14.967,102.083,188.0,1999-02-17,,27.2,34.7,19.6
TH000048431,"NAKHON RATCHASIMA, TH",14.967,102.083,188.0,1999-02-18,,29.1,36.9,20.7
TH000048431,"NAKHON RATCHASIMA, TH",14.967,102.083,188.0,1999-02-19,,27.8,33.1,
TH000048431,"NAKHON RATCHASIMA, TH",14.967,102.083,188.0,1999-02-20,,26.3,32.0,21.7
TH000048431,"NAKHON RATCHASIMA, TH",14.967,102.083,188.0,1999-02-21,,25.3,31.2,19.8
TH000048431,"NAKHON RATCHASIMA, TH",14.967,102.083,188.0,1999-02-22,,26.0,32.6,19.5
TH000048431,"NAKHON RATCHASIMA, TH",14.967,102.083,188.0,1999-02-23,,26.8,34.3,19.0
TH000048431,"NAKHON RATCHASIMA, TH",14.967,102.083,188.0,1999-02-24,,28.6,36.4,20.5
TH000048431,"NAKHON RATCHASIMA, TH",14.967,102.083,188.0,1999-02-25,,29.7,37.2,22.5
TH000048431,"NAKHON RATCHASIMA, TH",14.967,102.083,188.0,1999-02-26,,31.0,37.6,25.0
TH000048431,"NAKHON RATCHASIMA, TH",14.967,102.083,188.0,1999-02-27,,31.2,38.2,25.0
TH000048431,"NAKHON RATCHASIMA, TH",14.967,102.083,188.0,1999-02-28,,28.4,33.8,23.7
TH000048431,"NAKHON RATCHASIMA, TH",14.967,102.083,188.0,1999-03-01,,27.9,33.5,22.6
TH000048431,"NAKHON RATCHASIMA, TH",14.967,102.083,188.0,1999-03-02,,29.6,,22.7
TH000048431,"NAKHON RATCHASIMA, TH",14.967,102.083,188.0,1999-03-03,,27.9,35.2,
TH000048431,"NAKHON RATCHASIMA, TH",14.967,102.083,188.0,1999-03-04,,27.7,34.5,23.5
TH000048431,"NAKHON RATCHASIMA, TH",14.967,102.083,188.0,1999-03-05,,28.9,34.8,24.2
TH000048431,"NAKHON RATCHASIMA, TH",14.967,102.083,188.0,1999-03-06,,30.6,37.5,23.5
TH000048431,"NAKHON RATCHASIMA, TH",14.967,102.083,188.0,1999-03-07,,29.8,37.9,23.8
TH000048431,"NAKHON RATCHASIMA, TH",14.967,102.083,188.0,1999-03-08,,29.6,38.7,
TH000048431,"NAKHON RATCHASIMA, TH",14.967,102.083,188.0,1999-03-09,,28.2,39.1,20.5
TH000048431,"NAKHON RATCHASIMA, TH",14.967,102.083,188.0,1999-03-10,,30.8,39.2,21.2
TH000048431,"NAKHON RATCHASIMA, TH",14.967,102.083,188.0,1999-03-11,,32.9,39.7,22.9
TH000048431,"NAKHON RATCHASIMA, TH",14.967,102.083,188.0,1999-03-12,,30.1,37.5,
TH000048431,"NAKHON RATCHASIMA, TH",14.967,102.083,188.0,1999-03-13,,31.4,39.0,24.1
TH000048431,"NAKHON RATCHASIMA, TH",14.967,102.083,188.0,1999-03-14,,31.0,39.1,25.1
TH000048431,"NAKHON RATCHASIMA, TH",14.967,102.083,188.0,1999-03-15,,30.8,38.9,26.1
TH000048431,"NAKHON RATCHASIMA, TH",14.967,102.083,188.0,1999-03-16,,30.2,36.5,25.8
TH000048431,"NAKHON RATCHASIMA, TH",14.967,102.083,188.0,1999-03-17,,31.8,39.4,25.6
TH000048431,"NAKHON RATCHASIMA, TH",14.967,102.083,188.0,1999-03-18,,32.2,38.7,
TH000048431,"NAKHON RATCHASIMA, TH",14.967,102.083,188.0,1999-03-19,,30.8,40.0,22.9
TH000048431,"NAKHON RATCHASIMA, TH",14.967,102.083,188.0,1999-03-20,,31.9,39.5,21.8
TH000048431,"NAKHON RATCHASIMA, TH",14.967,102.083,188.0,1999-03-21,,33.2,39.3,23.7
TH000048431,"NAKHON RATCHASIMA, TH",14.967,102.083,188.0,1999-03-22,,28.6,33.2,
TH000048431,"NAKHON RATCHASIMA, TH",14.967,102.083,188.0,1999-03-23,,27.4,34.5,24.2
TH000048431,"NAKHON RATCHASIMA, TH",14.967,102.083,188.0,1999-03-24,,26.8,34.1,24.2
TH000048431,"NAKHON RATCHASIMA, TH",14.967,102.083,188.0,1999-03-25,,27.6,34.1,23.7
TH000048431,"NAKHON RATCHASIMA, TH",14.967,102.083,188.0,1999-03-26,,31.1,36.5,23.7
TH000048431,"NAKHON RATCHASIMA, TH",14.967,102.083,188.0,1999-03-27,,29.6,36.9,25.5
TH000048431,"NAKHON RATCHASIMA, TH",14.967,102.083,188.0,1999-03-28,,28.3,35.5,
TH000048431,"NAKHON RATCHASIMA, TH",14.967,102.083,188.0,1999-03-29,,28.8,34.2,23.7
TH000048431,"NAKHON RATCHASIMA, TH",14.967,102.083,188.0,1999-03-30,,29.3,33.9,25.1
TH000048431,"NAKHON RATCHASIMA, TH",14.967,102.083,188.0,1999-03-31,,29.8,36.2,25.4
TH000048431,"NAKHON RATCHASIMA, TH",14.967,102.083,188.0,1999-04-01,,30.1,37.1,24.5
TH000048431,"NAKHON RATCHASIMA, TH",14.967,102.083,188.0,1999-04-02,,31.7,38.3,24.7
TH000048431,"NAKHON RATCHASIMA, TH",14.967,102.083,188.0,1999-04-03,,30.7,37.0,
TH000048431,"NAKHON RATCHASIMA, TH",14.967,102.083,188.0,1999-04-04,,31.7,37.8,25.0
TH000048431,"NAKHON RATCHASIMA, TH",14.967,102.083,188.0,1999-04-05,,29.5,33.6,
TH000048431,"NAKHON RATCHASIMA, TH",14.967,102.083,188.0,1999-04-06,,27.3,32.1,
TH000048431,"NAKHON RATCHASIMA, TH",14.967,102.083,188.0,1999-04-07,,26.5,34.2,
TH000048431,"NAKHON RATCHASIMA, TH",14.967,102.083,188.0,1999-04-08,,27.4,,23.7
TH000048431,"NAKHON RATCHASIMA, TH",14.967,102.083,188.0,1999-04-09,,29.0,36.3,23.6
TH000048431,"NAKHON RATCHASIMA, TH",14.967,102.083,188.0,1999-04-10,,27.8,35.1,24.5
TH000048431,"NAKHON RATCHASIMA, TH",14.967,102.083,188.0,1999-04-11,,26.9,33.9,24.4
TH000048431,"NAKHON RATCHASIMA, TH",14.967,102.083,188.0,1999-04-12,,27.3,35.1,24.2
TH000048431,"NAKHON RATCHASIMA, TH",14.967,102.083,188.0,1999-04-13,,27.6,33.9,24.9
TH000048431,"NAKHON RATCHASIMA, TH",14.967,102.083,188.0,1999-04-14,,28.2,33.7,24.8
TH000048431,"NAKHON RATCHASIMA, TH",14.967,102.083,188.0,1999-04-15,,27.9,34.1,25.2
TH000048431,"NAKHON RATCHASIMA, TH",14.967,102.083,188.0,1999-04-16,,29.0,34.1,24.9
TH000048431,"NAKHON RATCHASIMA, TH",14.967,102.083,188.0,1999-04-17,,28.9,36.5,
TH000048431,"NAKHON RATCHASIMA, TH",14.967,102.083,188.0,1999-04-18,,28.3,34.9,
TH000048431,"NAKHON RATCHASIMA, TH",14.967,102.083,188.0,1999-04-19,,29.7,36.6,24.5
TH000048431,"NAKHON RATCHASIMA, TH",14.967,102.083,188.0,1999-04-20,,29.1,36.4,
TH000048431,"NAKHON RATCHASIMA, TH",14.967,102.083,188.0,1999-04-21,,28.2,34.6,24.7
TH000048431,"NAKHON RATCHASIMA, TH",14.967,102.083,188.0,1999-04-22,,27.7,,25.1
TH000048431,"NAKHON RATCHASIMA, TH",14.967,102.083,188.0,1999-04-23,,28.6,34.4,24.9
TH000048431,"NAKHON RATCHASIMA, TH",14.967,102.083,188.0,1999-04-24,,29.3,33.7,24.8
TH000048431,"NAKHON RATCHASIMA, TH",14.967,102.083,188.0,1999-04-25,,30.2,36.0,24.2
TH000048431,"NAKHON RATCHASIMA, TH",14.967,102.083,188.0,1999-04-26,,29.7,36.7,25.2
TH000048431,"NAKHON RATCHASIMA, TH",14.967,102.083,188.0,1999-04-27,,27.7,32.7,
TH000048431,"NAKHON RATCHASIMA, TH",14.967,102.083,188.0,1999-04-28,,27.9,31.6,23.3
TH000048431,"NAKHON RATCHASIMA, TH",14.967,102.083,188.0,1999-04-29,,27.9,31.4,23.8
TH000048431,"NAKHON RATCHASIMA, TH",14.967,102.083,188.0,1999-04-30,,28.6,32.6,
TH000048431,"NAKHON RATCHASIMA, TH",14.967,102.083,188.0,1999-05-01,,27.8,33.5,24.3
TH000048431,"NAKHON RATCHASIMA, TH",14.967,102.083,188.0,1999-05-02,,28.4,33.4,24.4
TH000048431,"NAKHON RATCHASIMA, TH",14.967,102.083,188.0,1999-05-03,,27.1,33.8,24.2
TH000048431,"NAKHON RATCHASIMA, TH",14.967,102.083,188.0,1999-05-04,,26.6,32.7,
TH000048431,"NAKHON RATCHASIMA, TH",14.967,102.083,188.0,1999-05-05,,28.3,33.0,23.3
TH000048431,"NAKHON RATCHASIMA, TH",14.967,102.083,188.0,1999-05-06,,28.9,33.8,23.7
TH000048431,"NAKHON RATCHASIMA, TH",14.967,102.083,188.0,1999-05-07,,29.3,33.7,24.5
TH000048431,"NAKHON RATCHASIMA, TH",14.967,102.083,188.0,1999-05-08,,28.4,33.7,24.8
TH000048431,"NAKHON RATCHASIMA, TH",14.967,102.083,188.0,1999-05-09,,27.3,32.5,25.1
TH000048431,"NAKHON RATCHASIMA, TH",14.967,102.083,188.0,1999-05-10,,25.2,28.9,22.2
TH000048431,"NAKHON RATCHASIMA, TH",14.967,102.083,188.0,1999-05-11,,24.7,,22.5
TH000048431,"NAKHON RATCHASIMA, TH",14.967,102.083,188.0,1999-05-12,,25.6,30.0,23.2
TH000048431,"NAKHON RATCHASIMA, TH",14.967,102.083,188.0,1999-05-13,,25.8,30.6,23.8
TH000048431,"NAKHON RATCHASIMA, TH",14.967,102.083,188.0,1999-05-14,,27.6,33.1,
TH000048431,"NAKHON RATCHASIMA, TH",14.967,102.083,188.0,1999-05-15,,27.9,32.5,24.1
TH000048431,"NAKHON RATCHASIMA, TH",14.967,102.083,188.0,1999-05-16,,26.8,31.4,24.8
TH000048431,"NAKHON RATCHASIMA, TH",14.967,102.083,188.0,1999-05-17,,27.0,34.0,
TH000048431,"NAKHON RATCHASIMA, TH",14.967,102.083,188.0,1999-05-18,,29.2,34.1,23.7
TH000048431,"NAKHON RATCHASIMA, TH",14.967,102.083,188.0,1999-05-19,,28.6,34.0,24.8
TH000048431,"NAKHON RATCHASIMA, TH",14.967,102.083,188.0,1999-05-20,,27.9,32.0,24.7
TH000048431,"NAKHON RATCHASIMA, TH",14.967,102.083,188.0,1999-05-21,,27.8,32.5,24.4
TH000048431,"NAKHON RATCHASIMA, TH",14.967,102.083,188.0,1999-05-22,,29.3,34.2,
TH000048431,"NAKHON RATCHASIMA, TH",14.967,102.083,188.0,1999-05-23,,28.7,33.5,24.5
TH000048431,"NAKHON RATCHASIMA, TH",14.967,102.083,188.0,1999-05-24,,28.9,33.3,24.7
TH000048431,"NAKHON RATCHASIMA, TH",14.967,102.083,188.0,1999-05-25,,29.5,34.0,25.2
TH000048431,"NAKHON RATCHASIMA, TH",14.967,102.083,188.0,1999-05-26,,29.6,34.2,25.2
TH000048431,"NAKHON RATCHASIMA, TH",14.967,102.083,188.0,1999-05-27,,29.1,33.1,24.6
TH000048431,"NAKHON RATCHASIMA, TH",14.967,102.083,188.0,1999-05-28,,29.6,34.0,25.2
TH000048431,"NAKHON RATCHASIMA, TH",14.967,102.083,188.0,1999-05-29,,29.5,33.8,26.1
TH000048431,"NAKHON RATCHASIMA, TH",14.967,102.083,188.0,1999-05-30,,29.0,34.9,25.8
TH000048431,"NAKHON RATCHASIMA, TH",14.967,102.083,188.0,1999-05-31,,29.5,34.5,25.2
TH000048431,"NAKHON RATCHASIMA, TH",14.967,102.083,188.0,1999-06-01,,28.3,34.5,24.6
TH000048431,"NAKHON RATCHASIMA, TH",14.967,102.083,188.0,1999-06-02,,29.0,34.2,24.8
TH000048431,"NAKHON RATCHASIMA, TH",14.967,102.083,188.0,1999-06-03,,27.8,33.5,
TH000048431,"NAKHON RATCHASIMA, TH",14.967,102.083,188.0,1999-06-04,,28.7,33.5,24.5
TH000048431,"NAKHON RATCHASIMA, TH",14.967,102.083,188.0,1999-06-05,,27.8,34.1,
TH000048431,"NAKHON RATCHASIMA, TH",14.967,102.083,188.0,1999-06-06,,29.0,34.4,24.3
TH000048431,"NAKHON RATCHASIMA, TH",14.967,102.083,188.0,1999-06-07,,29.1,33.4,24.7
TH000048431,"NAKHON RATCHASIMA, TH",14.967,102.083,188.0,1999-06-08,,29.1,33.6,25.2
TH000048431,"NAKHON RATCHASIMA, TH",14.967,102.083,188.0,1999-06-09,,27.3,33.2,24.9
TH000048431,"NAKHON RATCHASIMA, TH",14.967,102.083,188.0,1999-06-10,,26.3,31.6,24.5
TH000048431,"NAKHON RATCHASIMA, TH",14.967,102.083,188.0,1999-06-11,,27.7,31.9,23.9
TH000048431,"NAKHON RATCHASIMA, TH",14.967,102.083,188.0,1999-06-12,,28.8,34.5,24.7
TH000048431,"NAKHON RATCHASIMA, TH",14.967,102.083,188.0,1999-06-13,,29.6,34.0,24.3
TH000048431,"NAKHON RATCHASIMA, TH",14.967,102.083,188.0,1999-06-14,,29.1,34.3,
TH000048431,"NAKHON RATCHASIMA, TH",14.967,102.083,188.0,1999-06-15,,27.8,32.6,
TH000048431,"NAKHON RATCHASIMA, TH",14.967,102.083,188.0,1999-06-16,,28.2,34.3,
TH000048431,"NAKHON RATCHASIMA, TH",14.967,102.083,188.0,1999-06-17,,25.1,36.9,22.0
TH000048431,"NAKHON RATCHASIMA, TH",14.967,102.083,188.0,1999-06-18,,28.7,32.9,24.1
TH000048431,"NAKHON RATCHASIMA, TH",14.967,102.083,188.0,1999-06-19,,28.3,32.0,24.5
TH000048431,"NAKHON RATCHASIMA, TH",14.967,102.083,188.0,1999-06-20,,27.8,31.1,
TH000048431,"NAKHON RATCHASIMA, TH",14.967,102.083,188.0,1999-06-21,,27.7,31.5,24.6
TH000048431,"NAKHON RATCHASIMA, TH",14.967,102.083,188.0,1999-06-22,,28.9,33.5,24.8
TH000048431,"NAKHON RATCHASIMA, TH",14.967,102.083,188.0,1999-06-23,,28.7,33.6,
TH000048431,"NAKHON RATCHASIMA, TH",14.967,102.083,188.0,1999-06-24,,27.6,32.5,
TH000048431,"NAKHON RATCHASIMA, TH",14.967,102.083,188.0,1999-06-25,,28.6,34.6,23.8
TH000048431,"NAKHON RATCHASIMA, TH",14.967,102.083,188.0,1999-06-26,,28.4,,24.0
TH000048431,"NAKHON RATCHASIMA, TH",14.967,102.083,188.0,1999-06-27,,26.9,34.3,
TH000048431,"NAKHON RATCHASIMA, TH",14.967,102.083,188.0,1999-06-28,,28.5,34.2,23.6
TH000048431,"NAKHON RATCHASIMA, TH",14.967,102.083,188.0,1999-06-29,,30.1,35.1,24.5
TH000048431,"NAKHON RATCHASIMA, TH",14.967,102.083,188.0,1999-06-30,,28.9,35.0,24.5
TH000048431,"NAKHON RATCHASIMA, TH",14.967,102.083,188.0,1999-07-01,,29.3,35.6,
TH000048431,"NAKHON RATCHASIMA, TH",14.967,102.083,188.0,1999-07-02,,28.1,35.3,24.6
TH000048431,"NAKHON RATCHASIMA, TH",14.967,102.083,188.0,1999-07-03,,28.9,34.7,24.4
TH000048431,"NAKHON RATCHASIMA, TH",14.967,102.083,188.0,1999-07-04,,28.1,33.8,24.8
TH000048431,"NAKHON RATCHASIMA, TH",14.967,102.083,188.0,1999-07-05,,28.4,33.8,
TH000048431,"NAKHON RATCHASIMA, TH",14.967,102.083,188.0,1999-07-06,,27.5,31.7,
TH000048431,"NAKHON RATCHASIMA, TH",14.967,102.083,188.0,1999-07-07,,29.5,35.3,23.2
TH000048431,"NAKHON RATCHASIMA, TH",14.967,102.083,188.0,1999-07-08,,30.7,36.0,24.7
TH000048431,"NAKHON RATCHASIMA, TH",14.967,102.083,188.0,1999-07-09,,29.9,35.5,
TH000048431,"NAKHON RATCHASIMA, TH",14.967,102.083,188.0,1999-07-10,,30.1,35.0,24.3
TH000048431,"NAKHON RATCHASIMA, TH",14.967,102.083,188.0,1999-07-11,,29.2,34.4,25.3
TH000048431,"NAKHON RATCHASIMA, TH",14.967,102.083,188.0,1999-07-12,,29.4,34.4,24.7
TH000048431,"NAKHON RATCHASIMA, TH",14.967,102.083,188.0,1999-07-13,,27.8,33.6,
TH000048431,"NAKHON RATCHASIMA, TH",14.967,102.083,188.0,1999-07-14,,29.7,35.3,23.5
TH000048431,"NAKHON RATCHASIMA, TH",14.967,102.083,188.0,1999-07-15,,29.9,,25.0
TH000048431,"NAKHON RATCHASIMA, TH",14.967,102.083,188.0,1999-07-16,,29.2,34.8,25.5
TH000048431,"NAKHON RATCHASIMA, TH",14.967,102.083,188.0,1999-07-17,,28.9,34.9,25.0
TH000048431,"NAKHON RATCHASIMA, TH",14.967,102.083,188.0,1999-07-18,,28.2,35.3,
TH000048431,"NAKHON RATCHASIMA, TH",14.967,102.083,188.0,1999-07-19,,27.6,34.9,23.8
TH000048431,"NAKHON RATCHASIMA, TH",14.967,102.083,188.0,1999-07-20,,29.1,34.6,24.7
TH000048431,"NAKHON RATCHASIMA, TH",14.967,102.083,188.0,1999-07-21,,29.3,34.4,24.6
TH000048431,"NAKHON RATCHASIMA, TH",14.967,102.083,188.0,1999-07-22,,30.3,35.7,
TH000048431,"NAKHON RATCHASIMA, TH",14.967,102.083,188.0,1999-07-23,,30.1,34.7,24.5
TH000048431,"NAKHON RATCHASIMA, TH",14.967,102.083,188.0,1999-07-24,,28.2,31.9,
TH000048431,"NAKHON RATCHASIMA, TH",14.967,102.083,188.0,1999-07-25,,25.7,29.3,
TH000048431,"NAKHON RATCHASIMA, TH",14.967,102.083,188.0,1999-07-26,,27.4,31.2,24.0
TH000048431,"NAKHON RATCHASIMA, TH",14.967,102.083,188.0,1999-07-27,,28.2,32.5,25.1
TH000048431,"NAKHON RATCHASIMA, TH",14.967,102.083,188.0,1999-07-28,,28.6,32.6,
TH000048431,"NAKHON RATCHASIMA, TH",14.967,102.083,188.0,1999-07-29,,28.2,30.6,23.5
TH000048431,"NAKHON RATCHASIMA, TH",14.967,102.083,188.0,1999-07-30,,26.9,29.0,
TH000048431,"NAKHON RATCHASIMA, TH",14.967,102.083,188.0,1999-07-31,,26.4,29.8,23.8
TH000048431,"NAKHON RATCHASIMA, TH",14.967,102.083,188.0,1999-08-01,,27.4,32.3,23.8
TH000048431,"NAKHON RATCHASIMA, TH",14.967,102.083,188.0,1999-08-02,,27.9,31.8,24.2
TH000048431,"NAKHON RATCHASIMA, TH",14.967,102.083,188.0,1999-08-03,,27.7,,
TH000048431,"NAKHON RATCHASIMA, TH",14.967,102.083,188.0,1999-08-04,,27.4,,24.5
TH000048431,"NAKHON RATCHASIMA, TH",14.967,102.083,188.0,1999-08-05,,28.3,33.1,25.0
TH000048431,"NAKHON RATCHASIMA, TH",14.967,102.083,188.0,1999-08-06,,29.0,32.9,25.2
TH000048431,"NAKHON RATCHASIMA, TH",14.967,102.083,188.0,1999-08-07,,28.2,32.5,25.0
TH000048431,"NAKHON RATCHASIMA, TH",14.967,102.083,188.0,1999-08-08,,29.5,34.4,25.3
TH000048431,"NAKHON RATCHASIMA, TH",14.967,102.083,188.0,1999-08-09,,29.6,34.1,24.7
TH000048431,"NAKHON RATCHASIMA, TH",14.967,102.083,188.0,1999-08-10,,30.1,35.0,
TH000048431,"NAKHON RATCHASIMA, TH",14.967,102.083,188.0,1999-08-11,,28.4,32.8,24.5
TH000048431,"NAKHON RATCHASIMA, TH",14.967,102.083,188.0,1999-08-12,,28.8,32.5,
TH000048431,"NAKHON RATCHASIMA, TH",14.967,102.083,188.0,1999-08-13,,29.1,35.0,24.7
TH000048431,"NAKHON RATCHASIMA, TH",14.967,102.083,188.0,1999-08-14,,29.3,33.4,24.6
TH000048431,"NAKHON RATCHASIMA, TH",14.967,102.083,188.0,1999-08-15,,29.9,35.0,25.3
TH000048431,"NAKHON RATCHASIMA, TH",14.967,102.083,188.0,1999-08-16,,28.4,34.9,
TH000048431,"NAKHON RATCHASIMA, TH",14.967,102.083,188.0,1999-08-17,,28.1,33.5,23.7
TH000048431,"NAKHON RATCHASIMA, TH",14.967,102.083,188.0,1999-08-18,,28.8,34.7,
TH000048431,"NAKHON RATCHASIMA, TH",14.967,102.083,188.0,1999-08-19,,28.7,34.8,
TH000048431,"NAKHON RATCHASIMA, TH",14.967,102.083,188.0,1999-08-20,,29.0,34.6,24.2
TH000048431,"NAKHON RATCHASIMA, TH",14.967,102.083,188.0,1999-08-21,,29.1,35.5,25.1
TH000048431,"NAKHON RATCHASIMA, TH",14.967,102.083,188.0,1999-08-22,,29.4,35.4,25.2
TH000048431,"NAKHON RATCHASIMA, TH",14.967,102.083,188.0,1999-08-23,,28.6,,25.1
TH000048431,"NAKHON RATCHASIMA, TH",14.967,102.083,188.0,1999-08-24,,26.6,31.2,24.5
TH000048431,"NAKHON RATCHASIMA, TH",14.967,102.083,188.0,1999-08-25,,27.8,34.1,24.9
TH000048431,"NAKHON RATCHASIMA, TH",14.967,102.083,188.0,1999-08-26,,28.3,34.0,24.3
TH000048431,"NAKHON RATCHASIMA, TH",14.967,102.083,188.0,1999-08-27,,27.3,32.5,24.2
TH000048431,"NAKHON RATCHASIMA, TH",14.967,102.083,188.0,1999-08-28,,27.3,32.0,24.3
TH000048431,"NAKHON RATCHASIMA, TH",14.967,102.083,188.0,1999-08-29,,26.4,32.8,23.7
TH000048431,"NAKHON RATCHASIMA, TH",14.967,102.083,188.0,1999-08-30,,26.2,31.3,
TH000048431,"NAKHON RATCHASIMA, TH",14.967,102.083,188.0,1999-08-31,,27.8,33.1,23.5
TH000048431,"NAKHON RATCHASIMA, TH",14.967,102.083,188.0,1999-09-01,,27.4,32.7,24.2
TH000048431,"NAKHON RATCHASIMA, TH",14.967,102.083,188.0,1999-09-02,,27.5,33.0,24.2
TH000048431,"NAKHON RATCHASIMA, TH",14.967,102.083,188.0,1999-09-03,,28.8,34.6,24.0
TH000048431,"NAKHON RATCHASIMA, TH",14.967,102.083,188.0,1999-09-04,,29.0,34.6,
TH000048431,"NAKHON RATCHASIMA, TH",14.967,102.083,188.0,1999-09-05,,27.6,33.6,24.4
TH000048431,"NAKHON RATCHASIMA, TH",14.967,102.083,188.0,1999-09-06,,27.4,32.4,
TH000048431,"NAKHON RATCHASIMA, TH",14.967,102.083,188.0,1999-09-07,,25.8,31.3,23.3
TH000048431,"NAKHON RATCHASIMA, TH",14.967,102.083,188.0,1999-09-08,,28.8,32.8,
TH000048431,"NAKHON RATCHASIMA, TH",14.967,102.083,188.0,1999-09-09,,28.6,33.6,24.6
TH000048431,"NAKHON RATCHASIMA, TH",14.967,102.083,188.0,1999-09-10,,27.8,32.7,
TH000048431,"NAKHON RATCHASIMA, TH",14.967,102.083,188.0,1999-09-11,,27.1,30.6,22.8
TH000048431,"NAKHON RATCHASIMA, TH",14.967,102.083,188.0,1999-09-12,,27.4,32.1,23.8
TH000048431,"NAKHON RATCHASIMA, TH",14.967,102.083,188.0,1999-09-13,,25.3,,23.5
TH000048431,"NAKHON RATCHASIMA, TH",14.967,102.083,188.0,1999-09-14,,28.6,,24.4
TH000048431,"NAKHON RATCHASIMA, TH",14.967,102.083,188.0,1999-09-15,,28.6,33.1,24.5
TH000048431,"NAKHON RATCHASIMA, TH",14.967,102.083,188.0,1999-09-16,,27.8,32.0,24.5
TH000048431,"NAKHON RATCHASIMA, TH",14.967,102.083,188.0,1999-09-17,,27.6,33.0,24.3
TH000048431,"NAKHON RATCHASIMA, TH",14.967,102.083,188.0,1999-09-18,,29.6,34.1,24.3
TH000048431,"NAKHON RATCHASIMA, TH",14.967,102.083,188.0,1999-09-19,,29.2,34.3,24.3
TH000048431,"NAKHON RATCHASIMA, TH",14.967,102.083,188.0,1999-09-20,,27.2,33.5,
TH000048431,"NAKHON RATCHASIMA, TH",14.967,102.083,188.0,1999-09-21,,28.3,31.6,24.4
TH000048431,"NAKHON RATCHASIMA, TH",14.967,102.083,188.0,1999-09-22,,27.7,32.9,24.4
TH000048431,"NAKHON RATCHASIMA, TH",14.967,102.083,188.0,1999-09-23,,27.5,33.5,
TH000048431,"NAKHON RATCHASIMA, TH",14.967,102.083,188.0,1999-09-24,,27.0,31.8,23.7
TH000048431,"NAKHON RATCHASIMA, TH",14.967,102.083,188.0,1999-09-25,,26.9,31.6,23.6
TH000048431,"NAKHON RATCHASIMA, TH",14.967,102.083,188.0,1999-09-26,,25.5,27.7,
TH000048431,"NAKHON RATCHASIMA, TH",14.967,102.083,188.0,1999-09-27,,27.6,33.0,24.3
TH000048431,"NAKHON RATCHASIMA, TH",14.967,102.083,188.0,1999-09-28,0.0,25.2,,
TH000048431,"NAKHON RATCHASIMA, TH",14.967,102.083,188.0,1999-09-29,7.9,25.0,30.2,22.6
TH000048431,"NAKHON RATCHASIMA, TH",14.967,102.083,188.0,1999-09-30,0.8,26.6,32.0,
TH000048431,"NAKHON RATCHASIMA, TH",14.967,102.083,188.0,1999-10-01,0.0,25.5,29.8,23.0
TH000048431,"NAKHON RATCHASIMA, TH",14.967,102.083,188.0,1999-10-02,18.0,27.2,30.2,24.0
TH000048431,"NAKHON RATCHASIMA, TH",14.967,102.083,188.0,1999-10-03,6.1,26.1,31.2,23.0
TH000048431,"NAKHON RATCHASIMA, TH",14.967,102.083,188.0,1999-10-04,0.0,28.0,31.7,
TH000048431,"NAKHON RATCHASIMA, TH",14.967,102.083,188.0,1999-10-05,0.0,26.8,32.7,
TH000048431,"NAKHON RATCHASIMA, TH",14.967,102.083,188.0,1999-10-06,0.0,28.9,32.8,24.1
TH000048431,"NAKHON RATCHASIMA, TH",14.967,102.083,188.0,1999-10-07,0.0,28.7,32.5,24.6
TH000048431,"NAKHON RATCHASIMA, TH",14.967,102.083,188.0,1999-10-08,0.0,27.6,33.7,24.0
TH000048431,"NAKHON RATCHASIMA, TH",14.967,102.083,188.0,1999-10-09,3.0,27.4,,24.4
TH000048431,"NAKHON RATCHASIMA, TH",14.967,102.083,188.0,1999-10-10,11.9,27.7,33.2,24.3
TH000048431,"NAKHON RATCHASIMA, TH",14.967,102.083,188.0,1999-10-11,0.0,27.7,32.5,23.9
TH000048431,"NAKHON RATCHASIMA, TH",14.967,102.083,188.0,1999-10-12,0.0,28.6,33.2,23.8
TH000048431,"NAKHON RATCHASIMA, TH",14.967,102.083,188.0,1999-10-13,0.0,28.4,32.3,24.9
TH000048431,"NAKHON RATCHASIMA, TH",14.967,102.083,188.0,1999-10-14,,25.3,31.9,
TH000048431,"NAKHON RATCHASIMA, TH",14.967,102.083,188.0,1999-10-15,36.1,26.8,30.5,23.1
TH000048431,"NAKHON RATCHASIMA, TH",14.967,102.083,188.0,1999-10-16,2.0,26.6,30.8,23.4
TH000048431,"NAKHON RATCHASIMA, TH",14.967,102.083,188.0,1999-10-17,0.0,26.8,31.2,22.6
TH000048431,"NAKHON RATCHASIMA, TH",14.967,102.083,188.0,1999-10-18,0.0,25.8,,
TH000048431,"NAKHON RATCHASIMA, TH",14.967,102.083,188.0,1999-10-19,0.0,24.8,29.2,
TH000048431,"NAKHON RATCHASIMA, TH",14.967,102.083,188.0,1999-10-20,1.0,22.8,26.4,20.1
TH000048431,"NAKHON RATCHASIMA, TH",14.967,102.083,188.0,1999-10-21,0.0,23.9,26.7,
TH000048431,"NAKHON RATCHASIMA, TH",14.967,102.083,188.0,1999-10-22,0.0,26.2,30.0,21.1
TH000048431,"NAKHON RATCHASIMA, TH",14.967,102.083,188.0,1999-10-23,0.0,27.2,,23.1
TH000048431,"NAKHON RATCHASIMA, TH",14.967,102.083,188.0,1999-10-24,,26.1,29.4,
TH000048431,"NAKHON RATCHASIMA, TH",14.967,102.083,188.0,1999-10-25,,25.7,29.2,23.5
TH000048431,"NAKHON RATCHASIMA, TH",14.967,102.083,188.0,1999-10-26,1.0,26.7,30.8,23.4
TH000048431,"NAKHON RATCHASIMA, TH",14.967,102.083,188.0,1999-10-27,0.0,26.6,32.2,
TH000048431,"NAKHON RATCHASIMA, TH",14.967,102.083,188.0,1999-10-28,4.1,26.1,32.0,
TH000048431,"NAKHON RATCHASIMA, TH",14.967,102.083,188.0,1999-10-29,45.0,26.7,30.9,23.5
TH000048431,"NAKHON RATCHASIMA, TH",14.967,102.083,188.0,1999-10-30,0.0,27.3,32.1,24.0
TH000048431,"NAKHON RATCHASIMA, TH",14.967,102.083,188.0,1999-10-31,0.0,25.5,29.4,
TH000048431,"NAKHON RATCHASIMA, TH",14.967,102.083,188.0,1999-11-01,16.0,25.4,30.7,
TH000048431,"NAKHON RATCHASIMA, TH",14.967,102.083,188.0,1999-11-02,0.0,21.5,22.4,20.0
TH000048431,"NAKHON RATCHASIMA, TH",14.967,102.083,188.0,1999-11-03,,21.3,22.8,
TH000048431,"NAKHON RATCHASIMA, TH",14.967,102.083,188.0,1999-11-04,0.0,23.5,26.5,20.4
TH000048431,"NAKHON RATCHASIMA, TH",14.967,102.083,188.0,1999-11-05,,23.2,28.3,
TH000048431,"NAKHON RATCHASIMA, TH",14.967,102.083,188.0,1999-11-06,,23.4,26.6,21.2
TH000048431,"NAKHON RATCHASIMA, TH",14.967,102.083,188.0,1999-11-07,2.0,23.8,26.1,21.9
TH000048431,"NAKHON RATCHASIMA, TH",14.967,102.083,188.0,1999-11-08,0.8,25.9,29.1,21.6
TH000048431,"NAKHON RATCHASIMA, TH",14.967,102.083,188.0,1999-11-09,0.8,26.8,30.4,23.6
TH000048431,"NAKHON RATCHASIMA, TH",14.967,102.083,188.0,1999-11-10,0.0,27.9,31.1,
TH000048431,"NAKHON RATCHASIMA, TH",14.967,102.083,188.0,1999-11-11,,27.5,33.0,23.5
TH000048431,"NAKHON RATCHASIMA, TH",14.967,102.083,188.0,1999-11-12,18.0,28.2,32.9,23.5
TH000048431,"NAKHON RATCHASIMA, TH",14.967,102.083,188.0,1999-11-13,0.0,26.0,30.0,
TH000048431,"NAKHON RATCHASIMA, TH",14.967,102.083,188.0,1999-11-14,0.0,26.8,31.3,23.2
TH000048431,"NAKHON RATCHASIMA, TH",14.967,102.083,188.0,1999-11-15,0.0,27.1,31.8,23.9
TH000048431,"NAKHON RATCHASIMA, TH",14.967,102.083,188.0,1999-11-16,0.0,26.5,30.7,20.6
TH000048431,"NAKHON RATCHASIMA, TH",14.967,102.083,188.0,1999-11-17,0.0,25.3,29.8,
TH000048431,"NAKHON RATCHASIMA, TH",14.967,102.083,188.0,1999-11-18,0.0,24.7,29.0,19.6
TH000048431,"NAKHON RATCHASIMA, TH",14.967,102.083,188.0,1999-11-19,0.0,23.6,28.6,19.3
TH000048431,"NAKHON RATCHASIMA, TH",14.967,102.083,188.0,1999-11-20,0.0,23.3,28.0,18.7
TH000048431,"NAKHON RATCHASIMA, TH",14.967,102.083,188.0,1999-11-21,0.0,23.2,28.8,18.4
TH000048431,"NAKHON RATCHASIMA, TH",14.967,102.083,188.0,1999-11-22,0.0,26.6,29.5,18.7
TH000048431,"NAKHON RATCHASIMA, TH",14.967,102.083,188.0,1999-11-23,0.0,25.1,27.9,
TH000048431,"NAKHON RATCHASIMA, TH",14.967,102.083,188.0,1999-11-24,0.8,27.3,31.3,22.1
TH000048431,"NAKHON RATCHASIMA, TH",14.967,102.083,188.0,1999-11-25,0.0,27.1,31.7,23.4
TH000048431,"NAKHON RATCHASIMA, TH",14.967,102.083,188.0,1999-11-26,0.0,26.5,32.3,21.8
TH000048431,"NAKHON RATCHASIMA, TH",14.967,102.083,188.0,1999-11-27,0.0,26.7,32.4,21.5
TH000048431,"NAKHON RATCHASIMA, TH",14.967,102.083,188.0,1999-11-28,0.0,26.7,31.0,20.8
TH000048431,"NAKHON RATCHASIMA, TH",14.967,102.083,188.0,1999-11-29,0.0,24.5,29.4,
TH000048431,"NAKHON RATCHASIMA, TH",14.967,102.083,188.0,1999-11-30,0.0,23.3,28.1,18.3
TH000048431,"NAKHON RATCHASIMA, TH",14.967,102.083,188.0,1999-12-01,0.0,22.8,28.0,18.0
TH000048431,"NAKHON RATCHASIMA, TH",14.967,102.083,188.0,1999-12-02,0.0,23.3,,17.7
TH000048431,"NAKHON RATCHASIMA, TH",14.967,102.083,188.0,1999-12-03,0.5,21.3,24.3,19.3
TH000048431,"NAKHON RATCHASIMA, TH",14.967,102.083,188.0,1999-12-04,0.0,24.7,27.0,
TH000048431,"NAKHON RATCHASIMA, TH",14.967,102.083,188.0,1999-12-05,0.0,22.8,26.6,19.4
TH000048431,"NAKHON RATCHASIMA, TH",14.967,102.083,188.0,1999-12-06,0.8,22.3,24.8,
TH000048431,"NAKHON RATCHASIMA, TH",14.967,102.083,188.0,1999-12-07,0.0,22.3,26.7,18.9
TH000048431,"NAKHON RATCHASIMA, TH",14.967,102.083,188.0,1999-12-08,0.0,21.9,27.0,17.0
TH000048431,"NAKHON RATCHASIMA, TH",14.967,102.083,188.0,1999-12-09,0.0,21.2,25.8,
TH000048431,"NAKHON RATCHASIMA, TH",14.967,102.083,188.0,1999-12-10,0.0,21.3,26.6,14.6
TH000048431,"NAKHON RATCHASIMA, TH",14.967,102.083,188.0,1999-12-11,0.0,23.1,27.5,18.5
TH000048431,"NAKHON RATCHASIMA, TH",14.967,102.083,188.0,1999-12-12,0.0,23.4,26.8,20.1
TH000048431,"NAKHON RATCHASIMA, TH",14.967,102.083,188.0,1999-12-13,0.0,24.4,28.9,20.6
TH000048431,"NAKHON RATCHASIMA, TH",14.967,102.083,188.0,1999-12-14,0.0,23.5,27.8,18.3
TH000048431,"NAKHON RATCHASIMA, TH",14.967,102.083,188.0,1999-12-15,0.0,23.9,28.7,
TH000048431,"NAKHON RATCHASIMA, TH",14.967,102.083,188.0,1999-12-16,0.0,23.9,29.6,17.6
TH000048431,"NAKHON RATCHASIMA, TH",14.967,102.083,188.0,1999-12-17,0.0,24.4,29.0,18.6
TH000048431,"NAKHON RATCHASIMA, TH",14.967,102.083,188.0,1999-12-18,0.0,23.1,26.9,
TH000048431,"NAKHON RATCHASIMA, TH",14.967,102.083,188.0,1999-12-19,0.0,21.3,26.5,15.5
TH000048431,"NAKHON RATCHASIMA, TH",14.967,102.083,188.0,1999-12-20,0.0,20.6,,
TH000048431,"NAKHON RATCHASIMA, TH",14.967,102.083,188.0,1999-12-21,,20.7,24.6,14.4
TH000048431,"NAKHON RATCHASIMA, TH",14.967,102.083,188.0,1999-12-22,0.0,16.6,21.8,
TH000048431,"NAKHON RATCHASIMA, TH",14.967,102.083,188.0,1999-12-23,0.0,15.4,20.8,9.6
TH000048431,"NAKHON RATCHASIMA, TH",14.967,102.083,188.0,1999-12-24,0.0,14.7,20.2,8.8
TH000048431,"NAKHON RATCHASIMA, TH",14.967,102.083,188.0,1999-12-25,0.0,16.1,21.5,8.3
TH000048431,"NAKHON RATCHASIMA, TH",14.967,102.083,188.0,1999-12-26,0.0,16.6,22.3,9.6
TH000048431,"NAKHON RATCHASIMA, TH",14.967,102.083,188.0,1999-12-27,0.0,16.9,24.2,9.8
TH000048431,"NAKHON RATCHASIMA, TH",14.967,102.083,188.0,1999-12-28,0.0,21.6,27.0,
TH000048431,"NAKHON RATCHASIMA, TH",14.967,102.083,188.0,1999-12-29,0.0,23.6,29.8,17.0
TH000048431,"NAKHON RATCHASIMA, TH",14.967,102.083,188.0,1999-12-30,0.0,24.7,31.0,17.5
TH000048431,"NAKHON RATCHASIMA, TH",14.967,102.083,188.0,1999-12-31,0.0,25.1,30.9,18.5
TH000048431,"NAKHON RATCHASIMA, TH",14.967,102.083,188.0,2000-01-01,0.0,22.6,31.2,
TH000048431,"NAKHON RATCHASIMA, TH",14.967,102.083,188.0,2000-01-02,0.0,25.3,30.3,20.0
TH000048431,"NAKHON RATCHASIMA, TH",14.967,102.083,188.0,2000-01-03,0.0,25.2,31.1,
TH000048431,"NAKHON RATCHASIMA, TH",14.967,102.083,188.0,2000-01-04,0.0,25.5,32.3,19.0
TH000048431,"NAKHON RATCHASIMA, TH",14.967,102.083,188.0,2000-01-05,0.0,26.4,34.7,19.4
TH000048431,"NAKHON RATCHASIMA, TH",14.967,102.083,188.0,2000-01-06,0.0,29.1,35.0,
TH000048431,"NAKHON RATCHASIMA, TH",14.967,102.083,188.0,2000-01-07,0.0,27.8,33.3,22.1
TH000048431,"NAKHON RATCHASIMA, TH",14.967,102.083,188.0,2000-01-08,0.0,27.5,33.1,23.1
TH000048431,"NAKHON RATCHASIMA, TH",14.967,102.083,188.0,2000-01-09,0.0,27.3,34.2,23.2
TH000048431,"NAKHON RATCHASIMA, TH",14.967,102.083,188.0,2000-01-10,0.0,28.4,34.7,23.2
TH000048431,"NAKHON RATCHASIMA, TH",14.967,102.083,188.0,2000-01-11,0.0,28.8,35.0,23.0
TH000048431,"NAKHON RATCHASIMA, TH",14.967,102.083,188.0,2000-01-12,0.0,28.1,35.6,23.9
TH000048431,"NAKHON RATCHASIMA, TH",14.967,102.083,188.0,2000-01-13,2.0,28.0,34.0,
TH000048431,"NAKHON RATCHASIMA, TH",14.967,102.083,188.0,2000-01-14,0.0,26.9,34.5,19.6
TH000048431,"NAKHON RATCHASIMA, TH",14.967,102.083,188.0,2000-01-15,,27.3,35.6,
TH000048431,"NAKHON RATCHASIMA, TH",14.967,102.083,188.0,2000-01-16,,26.3,34.1,18.8
TH000048431,"NAKHON RATCHASIMA, TH",14.967,102.083,188.0,2000-01-17,,27.8,33.8,21.2
TH000048431,"NAKHON RATCHASIMA, TH",14.967,102.083,188.0,2000-01-18,,25.5,29.8,
TH000048431,"NAKHON RATCHASIMA, TH",14.967,102.083,188.0,2000-01-19,0.8,19.2,20.5,
TH000048431,"NAKHON RATCHASIMA, TH",14.967,102.083,188.0,2000-01-20,0.8,21.6,26.0,16.4
TH000048431,"NAKHON RATCHASIMA, TH",14.967,102.083,188.0,2000-01-21,0.0,23.5,28.5,
TH000048431,"NAKHON RATCHASIMA, TH",14.967,102.083,188.0,2000-01-22,,23.1,30.1,
TH000048431,"NAKHON RATCHASIMA, TH",14.967,102.083,188.0,2000-01-23,,23.8,31.7,17.0
TH000048431,"NAKHON RATCHASIMA, TH",14.967,102.083,188.0,2000-01-24,,26.2,32.9,17.3
TH000048431,"NAKHON RATCHASIMA, TH",14.967,102.083,188.0,2000-01-25,1.0,24.8,29.0,
TH000048431,"NAKHON RATCHASIMA, TH",14.967,102.083,188.0,2000-01-26,,22.9,29.0,
TH000048431,"NAKHON RATCHASIMA, TH",14.967,102.083,188.0,2000-01-27,,20.7,26.0,15.6
TH000048431,"NAKHON RATCHASIMA, TH",14.967,102.083,188.0,2000-01-28,,19.0,24.9,14.1
TH000048431,"NAKHON RATCHASIMA, TH",14.967,102.083,188.0,2000-01-29,,21.4,27.7,14.3
TH000048431,"NAKHON RATCHASIMA, TH",14.967,102.083,188.0,2000-01-30,,20.5,,15.8
TH000048431,"NAKHON RATCHASIMA, TH",14.967,102.083,188.0,2000-01-31,,21.4,27.5,
TH000048431,"NAKHON RATCHASIMA, TH",14.967,102.083,188.0,2000-02-01,,18.9,25.4,13.5
TH000048431,"NAKHON RATCHASIMA, TH",14.967,102.083,188.0,2000-02-02,,19.6,26.9,12.9
TH000048431,"NAKHON RATCHASIMA, TH",14.967,102.083,188.0,2000-02-03,,20.7,28.9,13.2
TH000048431,"NAKHON RATCHASIMA, TH",14.967,102.083,188.0,2000-02-04,,22.8,30.5,13.3
TH000048431,"NAKHON RATCHASIMA, TH",14.967,102.083,188.0,2000-02-05,,22.9,31.2,14.3
TH000048431,"NAKHON RATCHASIMA, TH",14.967,102.083,188.0,2000-02-06,,23.8,31.0,
TH000048431,"NAKHON RATCHASIMA, TH",14.967,102.083,188.0,2000-02-07,,23.2,30.6,16.9
TH000048431,"NAKHON RATCHASIMA, TH",14.967,102.083,188.0,2000-02-08,,21.5,28.7,16.1
TH000048431,"NAKHON RATCHASIMA, TH",14.967,102.083,188.0,2000-02-09,,21.8,30.6,15.2
TH000048431,"NAKHON RATCHASIMA, TH",14.967,102.083,188.0,2000-02-10,,24.8,33.5,16.3
TH000048431,"NAKHON RATCHASIMA, TH",14.967,102.083,188.0,2000-02-11,,27.1,34.3,17.9
TH000048431,"NAKHON RATCHASIMA, TH",14.967,102.083,188.0,2000-02-12,,27.2,35.5,18.7
TH000048431,"NAKHON RATCHASIMA, TH",14.967,102.083,188.0,2000-02-13,,27.4,35.3,20.0
TH000048431,"NAKHON RATCHASIMA, TH",14.967,102.083,188.0,2000-02-14,,28.4,36.2,21.7
TH000048431,"NAKHON RATCHASIMA, TH",14.967,102.083,188.0,2000-02-15,,28.4,33.3,24.3
TH000048431,"NAKHON RATCHASIMA, TH",14.967,102.083,188.0,2000-02-16,,27.2,32.4,22.6
TH000048431,"NAKHON RATCHASIMA, TH",14.967,102.083,188.0,2000-02-17,,28.2,33.4,23.2
TH000048431,"NAKHON RATCHASIMA, TH",14.967,102.083,188.0,2000-02-18,8.4,27.8,34.5,
TH000048431,"NAKHON RATCHASIMA, TH",14.967,102.083,188.0,2000-02-19,0.5,27.9,33.9,23.0
TH000048431,"NAKHON RATCHASIMA, TH",14.967,102.083,188.0,2000-02-20,0.0,28.3,34.3,
TH000048431,"NAKHON RATCHASIMA, TH",14.967,102.083,188.0,2000-02-21,0.8,28.3,35.9,23.8
TH000048431,"NAKHON RATCHASIMA, TH",14.967,102.083,188.0,2000-02-22,,28.7,34.7,23.7
TH000048431,"NAKHON RATCHASIMA, TH",14.967,102.083,188.0,2000-02-23,1.0,31.7,,
TH000048431,"NAKHON RATCHASIMA, TH",14.967,102.083,188.0,2000-02-24,7.9,28.6,36.5,23.4
TH000048431,"NAKHON RATCHASIMA, TH",14.967,102.083,188.0,2000-02-25,7.6,26.8,30.3,
TH000048431,"NAKHON RATCHASIMA, TH",14.967,102.083,188.0,2000-02-26,0.5,20.1,22.3,
TH000048431,"NAKHON RATCHASIMA, TH",14.967,102.083,188.0,2000-02-27,0.0,22.5,27.7,16.3
TH000048431,"NAKHON RATCHASIMA, TH",14.967,102.083,188.0,2000-02-28,,25.8,30.4,19.7
TH000048431,"NAKHON RATCHASIMA, TH",14.967,102.083,188.0,2000-02-29,,23.1,27.4,
TH000048431,"NAKHON RATCHASIMA, TH",14.967,102.083,188.0,2000-03-01,0.5,20.7,27.2,17.4
TH000048431,"NAKHON RATCHASIMA, TH",14.967,102.083,188.0,2000-03-02,0.0,23.7,28.8,18.3
TH000048431,"NAKHON RATCHASIMA, TH",14.967,102.083,188.0,2000-03-03,0.0,27.1,32.4,21.0
TH000048431,"NAKHON RATCHASIMA, TH",14.967,102.083,188.0,2000-03-04,0.8,28.0,,22.6
TH000048431,"NAKHON RATCHASIMA, TH",14.967,102.083,188.0,2000-03-05,,29.9,,23.2
TH000048431,"NAKHON RATCHASIMA, TH",14.967,102.083,188.0,2000-03-06,,29.8,37.2,22.0
TH000048431,"NAKHON RATCHASIMA, TH",14.967,102.083,188.0,2000-03-07,,29.5,37.6,22.0
TH000048431,"NAKHON RATCHASIMA, TH",14.967,102.083,188.0,2000-03-08,,29.8,,21.4
TH000048431,"NAKHON RATCHASIMA, TH",14.967,102.083,188.0,2000-03-09,,30.2,35.9,24.4
TH000048431,"NAKHON RATCHASIMA, TH",14.967,102.083,188.0,2000-03-10,,28.2,35.2,24.7
TH000048431,"NAKHON RATCHASIMA, TH",14.967,102.083,188.0,2000-03-11,7.6,28.5,35.7,21.6
TH000048431,"NAKHON RATCHASIMA, TH",14.967,102.083,188.0,2000-03-12,0.0,29.4,36.2,
TH000048431,"NAKHON RATCHASIMA, TH",14.967,102.083,188.0,2000-03-13,,28.3,36.5,20.3
TH000048431,"NAKHON RATCHASIMA, TH",14.967,102.083,188.0,2000-03-14,,29.2,37.1,20.9
TH000048431,"NAKHON RATCHASIMA, TH",14.967,102.083,188.0,2000-03-15,,30.0,37.0,
TH000048431,"NAKHON RATCHASIMA, TH",14.967,102.083,188.0,2000-03-16,,30.4,37.2,22.0
TH000048431,"NAKHON RATCHASIMA, TH",14.967,102.083,188.0,2000-03-17,,32.2,38.4,23.5
TH000048431,"NAKHON RATCHASIMA, TH",14.967,102.083,188.0,2000-03-18,,30.3,37.4,25.0
TH000048431,"NAKHON RATCHASIMA, TH",14.967,102.083,188.0,2000-03-19,,30.4,37.2,25.0
TH000048431,"NAKHON RATCHASIMA, TH",14.967,102.083,188.0,2000-03-20,,29.8,37.1,25.5
TH000048431,"NAKHON RATCHASIMA, TH",14.967,102.083,188.0,2000-03-21,,30.1,35.8,25.9
TH000048431,"NAKHON RATCHASIMA, TH",14.967,102.083,188.0,2000-03-22,,29.6,37.0,
TH000048431,"NAKHON RATCHASIMA, TH",14.967,102.083,188.0,2000-03-23,,29.7,37.3,23.1
TH000048431,"NAKHON RATCHASIMA, TH",14.967,102.083,188.0,2000-03-24,1.3,26.8,31.2,22.4
TH000048431,"NAKHON RATCHASIMA, TH",14.967,102.083,188.0,2000-03-25,0.0,28.4,33.2,23.2
TH000048431,"NAKHON RATCHASIMA, TH",14.967,102.083,188.0,2000-03-26,,26.6,32.2,
TH000048431,"NAKHON RATCHASIMA, TH",14.967,102.083,188.0,2000-03-27,,27.4,32.3,21.3
TH000048431,"NAKHON RATCHASIMA, TH",14.967,102.083,188.0,2000-03-28,,29.7,34.9,23.1
TH000048431,"NAKHON RATCHASIMA, TH",14.967,102.083,188.0,2000-03-29,,27.8,33.5,24.4
TH000048431,"NAKHON RATCHASIMA, TH",14.967,102.083,188.0,2000-03-30,,28.9,35.5,24.4
TH000048431,"NAKHON RATCHASIMA, TH",14.967,102.083,188.0,2000-03-31,,29.7,35.4,24.8
TH000048431,"NAKHON RATCHASIMA, TH",14.967,102.083,188.0,2000-04-01,0.8,29.2,37.5,24.0
TH000048431,"NAKHON RATCHASIMA, TH",14.967,102.083,188.0,2000-04-02,,30.3,38.0,25.1
TH000048431,"NAKHON RATCHASIMA, TH",14.967,102.083,188.0,2000-04-03,,31.7,38.6,25.2
TH000048431,"NAKHON RATCHASIMA, TH",14.967,102.083,188.0,2000-04-04,,32.4,39.3,26.7
TH000048431,"NAKHON RATCHASIMA, TH",14.967,102.083,188.0,2000-04-05,,30.9,39.5,
TH000048431,"NAKHON RATCHASIMA, TH",14.967,102.083,188.0,2000-04-06,19.8,30.3,35.5,24.8
TH000048431,"NAKHON RATCHASIMA, TH",14.967,102.083,188.0,2000-04-07,0.0,29.7,37.5,
TH000048431,"NAKHON RATCHASIMA, TH",14.967,102.083,188.0,2000-04-08,12.7,30.2,36.0,23.3
TH000048431,"NAKHON RATCHASIMA, TH",14.967,102.083,188.0,2000-04-09,0.0,30.8,36.7,25.7
TH000048431,"NAKHON RATCHASIMA, TH",14.967,102.083,188.0,2000-04-10,,27.0,33.2,
TH000048431,"NAKHON RATCHASIMA, TH",14.967,102.083,188.0,2000-04-11,0.8,25.8,27.9,22.6
TH000048431,"NAKHON RATCHASIMA, TH",14.967,102.083,188.0,2000-04-12,0.0,26.8,31.0,23.6
TH000048431,"NAKHON RATCHASIMA, TH",14.967,102.083,188.0,2000-04-13,0.8,26.3,31.8,23.2
TH000048431,"NAKHON RATCHASIMA, TH",14.967,102.083,188.0,2000-04-14,0.0,27.9,,
TH000048431,"NAKHON RATCHASIMA, TH",14.967,102.083,188.0,2000-04-15,,28.1,33.1,23.8
TH000048431,"NAKHON RATCHASIMA, TH",14.967,102.083,188.0,2000-04-16,13.2,25.1,26.7,24.0
TH000048431,"NAKHON RATCHASIMA, TH",14.967,102.083,188.0,2000-04-17,1.0,26.3,30.0,22.3
TH000048431,"NAKHON RATCHASIMA, TH",14.967,102.083,188.0,2000-04-18,0.8,27.8,32.4,
TH000048431,"NAKHON RATCHASIMA, TH",14.967,102.083,188.0,2000-04-19,,29.1,34.7,24.1
TH000048431,"NAKHON RATCHASIMA, TH",14.967,102.083,188.0,2000-04-20,,30.1,35.0,25.0
TH000048431,"NAKHON RATCHASIMA, TH",14.967,102.083,188.0,2000-04-21,0.8,27.8,32.7,
TH000048431,"NAKHON RATCHASIMA, TH",14.967,102.083,188.0,2000-04-22,34.3,24.1,,
TH000048431,"NAKHON RATCHASIMA, TH",14.967,102.083,188.0,2000-04-23,0.5,27.1,,22.9
TH000048431,"NAKHON RATCHASIMA, TH",14.967,102.083,188.0,2000-04-24,0.3,29.8,,24.3
TH000048431,"NAKHON RATCHASIMA, TH",14.967,102.083,188.0,2000-04-25,0.0,29.4,36.0,25.0
TH000048431,"NAKHON RATCHASIMA, TH",14.967,102.083,188.0,2000-04-26,0.0,30.6,35.4,
TH000048431,"NAKHON RATCHASIMA, TH",14.967,102.083,188.0,2000-04-27,,30.8,35.3,
TH000048431,"NAKHON RATCHASIMA, TH",14.967,102.083,188.0,2000-04-28,0.0,28.8,34.4,24.7
TH000048431,"NAKHON RATCHASIMA, TH",14.967,102.083,188.0,2000-04-29,,28.9,35.1,
TH000048431,"NAKHON RATCHASIMA, TH",14.967,102.083,188.0,2000-04-30,,28.4,33.5,24.2
TH000048431,"NAKHON RATCHASIMA, TH",14.967,102.083,188.0,2000-05-01,13.0,27.7,33.9,23.8
TH000048431,"NAKHON RATCHASIMA, TH",14.967,102.083,188.0,2000-05-02,1.0,27.6,34.4,24.3
TH000048431,"NAKHON RATCHASIMA, TH",14.967,102.083,188.0,2000-05-03,0.8,28.2,35.8,
TH000048431,"NAKHON RATCHASIMA, TH",14.967,102.083,188.0,2000-05-04,5.3,25.9,31.5,21.8
TH000048431,"NAKHON RATCHASIMA, TH",14.967,102.083,188.0,2000-05-05,13.2,27.8,31.7,23.3
TH000048431,"NAKHON RATCHASIMA, TH",14.967,102.083,188.0,2000-05-06,0.3,28.2,33.3,24.6
TH000048431,"NAKHON RATCHASIMA, TH",14.967,102.083,188.0,2000-05-07,11.9,28.3,34.3,
TH000048431,"NAKHON RATCHASIMA, TH",14.967,102.083,188.0,2000-05-08,0.8,28.7,34.8,24.3
TH000048431,"NAKHON RATCHASIMA, TH",14.967,102.083,188.0,2000-05-09,0.0,29.4,35.0,
TH000048431,"NAKHON RATCHASIMA, TH",14.967,102.083,188.0,2000-05-10,,29.4,35.4,25.1
TH000048431,"NAKHON RATCHASIMA, TH",14.967,102.083,188.0,2000-05-11,,30.3,35.0,25.8
TH000048431,"NAKHON RATCHASIMA, TH",14.967,102.083,188.0,2000-05-12,46.2,27.2,33.1,
TH000048431,"NAKHON RATCHASIMA, TH",14.967,102.083,188.0,2000-05-13,,27.4,33.5,
TH000048431,"NAKHON RATCHASIMA, TH",14.967,102.083,188.0,2000-05-14,1.8,26.7,31.8,24.3
TH000048431,"NAKHON RATCHASIMA, TH",14.967,102.083,188.0,2000-05-15,6.1,26.6,32.0,25.1
TH000048431,"NAKHON RATCHASIMA, TH",14.967,102.083,188.0,2000-05-16,2.3,27.5,34.0,24.9
TH000048431,"NAKHON RATCHASIMA, TH",14.967,102.083,188.0,2000-05-17,,28.9,33.4,24.4
TH000048431,"NAKHON RATCHASIMA, TH",14.967,102.083,188.0,2000-05-18,,30.0,34.6,25.2
TH000048431,"NAKHON RATCHASIMA, TH",14.967,102.083,188.0,2000-05-19,16.0,27.2,33.3,24.2
TH000048431,"NAKHON RATCHASIMA, TH",14.967,102.083,188.0,2000-05-20,9.9,28.6,32.5,
TH000048431,"NAKHON RATCHASIMA, TH",14.967,102.083,188.0,2000-05-21,0.0,25.6,30.2,
TH000048431,"NAKHON RATCHASIMA, TH",14.967,102.083,188.0,2000-05-22,3.0,27.3,32.2,23.2
TH000048431,"NAKHON RATCHASIMA, TH",14.967,102.083,188.0,2000-05-23,0.0,28.6,33.3,24.5
TH000048431,"NAKHON RATCHASIMA, TH",14.967,102.083,188.0,2000-05-24,19.3,27.1,33.4,24.6
TH000048431,"NAKHON RATCHASIMA, TH",14.967,102.083,188.0,2000-05-25,0.3,29.1,34.5,24.3
TH000048431,"NAKHON RATCHASIMA, TH",14.967,102.083,188.0,2000-05-26,0.0,29.7,35.0,24.5
TH000048431,"NAKHON RATCHASIMA, TH",14.967,102.083,188.0,2000-05-27,,30.2,35.2,24.8
TH000048431,"NAKHON RATCHASIMA, TH",14.967,102.083,188.0,2000-05-28,0.3,29.2,35.1,
TH000048431,"NAKHON RATCHASIMA, TH",14.967,102.083,188.0,2000-05-29,,30.4,35.6,25.5
TH000048431,"NAKHON RATCHASIMA, TH",14.967,102.083,188.0,2000-05-30,,29.1,34.5,
TH000048431,"NAKHON RATCHASIMA, TH",14.967,102.083,188.0,2000-05-31,0.0,27.8,33.0,25.0
TH000048431,"NAKHON RATCHASIMA, TH",14.967,102.083,188.0,2000-06-01,0.0,27.8,32.8,24.5
TH000048431,"NAKHON RATCHASIMA, TH",14.967,102.083,188.0,2000-06-02,,26.1,31.4,24.4
TH000048431,"NAKHON RATCHASIMA, TH",14.967,102.083,188.0,2000-06-03,7.1,26.9,31.7,23.9
TH000048431,"NAKHON RATCHASIMA, TH",14.967,102.083,188.0,2000-06-04,7.6,27.8,32.8,
TH000048431,"NAKHON RATCHASIMA, TH",14.967,102.083,188.0,2000-06-05,0.8,26.8,32.0,24.3
TH000048431,"NAKHON RATCHASIMA, TH",14.967,102.083,188.0,2000-06-06,1.5,28.9,32.6,
TH000048431,"NAKHON RATCHASIMA, TH",14.967,102.083,188.0,2000-06-07,1.0,30.2,34.7,25.3
TH000048431,"NAKHON RATCHASIMA, TH",14.967,102.083,188.0,2000-06-08,1.0,28.4,34.5,
TH000048431,"NAKHON RATCHASIMA, TH",14.967,102.083,188.0,2000-06-09,0.8,28.2,35.2,25.0
TH000048431,"NAKHON RATCHASIMA, TH",14.967,102.083,188.0,2000-06-10,,29.3,33.7,24.8
TH000048431,"NAKHON RATCHASIMA, TH",14.967,102.083,188.0,2000-06-11,,29.2,33.6,24.7
TH000048431,"NAKHON RATCHASIMA, TH",14.967,102.083,188.0,2000-06-12,0.8,29.4,33.8,25.0
TH000048431,"NAKHON RATCHASIMA, TH",14.967,102.083,188.0,2000-06-13,0.0,29.8,34.4,
TH000048431,"NAKHON RATCHASIMA, TH",14.967,102.083,188.0,2000-06-14,,30.2,34.7,25.1
TH000048431,"NAKHON RATCHASIMA, TH",14.967,102.083,188.0,2000-06-15,,30.0,34.1,
TH000048431,"NAKHON RATCHASIMA, TH",14.967,102.083,188.0,2000-06-16,55.1,27.2,,23.9
TH000048431,"NAKHON RATCHASIMA, TH",14.967,102.083,188.0,2000-06-17,34.3,28.3,33.5,
TH000048431,"NAKHON RATCHASIMA, TH",14.967,102.083,188.0,2000-06-18,0.8,27.9,32.4,23.4
TH000048431,"NAKHON RATCHASIMA, TH",14.967,102.083,188.0,2000-06-19,,27.2,33.5,
TH000048431,"NAKHON RATCHASIMA, TH",14.967,102.083,188.0,2000-06-20,41.4,27.4,,24.0
TH000048431,"NAKHON RATCHASIMA, TH",14.967,102.083,188.0,2000-06-21,22.4,28.9,33.6,24.2
TH000048431,"NAKHON RATCHASIMA, TH",14.967,102.083,188.0,2000-06-22,0.0,27.7,33.2,25.3
TH000048431,"NAKHON RATCHASIMA, TH",14.967,102.083,188.0,2000-06-23,2.0,27.9,33.7,24.8
TH000048431,"NAKHON RATCHASIMA, TH",14.967,102.083,188.0,2000-06-24,7.9,27.8,33.2,24.2
TH000048431,"NAKHON RATCHASIMA, TH",14.967,102.083,188.0,2000-06-25,0.0,28.4,33.1,23.5
TH000048431,"NAKHON RATCHASIMA, TH",14.967,102.083,188.0,2000-06-26,3.3,27.8,30.7,
TH000048431,"NAKHON RATCHASIMA, TH",14.967,102.083,188.0,2000-06-27,0.8,27.6,32.0,24.2
TH000048431,"NAKHON RATCHASIMA, TH",14.967,102.083,188.0,2000-06-28,0.0,27.9,33.1,
TH000048431,"NAKHON RATCHASIMA, TH",14.967,102.083,188.0,2000-06-29,0.8,28.5,,24.3
TH000048431,"NAKHON RATCHASIMA, TH",14.967,102.083,188.0,2000-06-30,11.9,27.4,31.6,
TH000048431,"NAKHON RATCHASIMA, TH",14.967,102.083,188.0,2000-07-01,0.8,28.0,32.6,24.3
TH000048431,"NAKHON RATCHASIMA, TH",14.967,102.083,188.0,2000-07-02,0.8,27.8,32.9,25.2
TH000048431,"NAKHON RATCHASIMA, TH",14.967,102.083,188.0,2000-07-03,0.8,26.9,32.5,24.8
TH000048431,"NAKHON RATCHASIMA, TH",14.967,102.083,188.0,2000-07-04,,29.3,33.5,24.8
TH000048431,"NAKHON RATCHASIMA, TH",14.967,102.083,188.0,2000-07-05,,27.3,31.6,
TH000048431,"NAKHON RATCHASIMA, TH",14.967,102.083,188.0,2000-07-06,0.8,27.6,32.6,23.5
TH000048431,"NAKHON RATCHASIMA, TH",14.967,102.083,188.0,2000-07-07,0.5,28.2,32.4,
TH000048431,"NAKHON RATCHASIMA, TH",14.967,102.083,188.0,2000-07-08,,28.6,33.0,25.2
TH000048431,"NAKHON RATCHASIMA, TH",14.967,102.083,188.0,2000-07-09,,27.6,32.5,
TH000048431,"NAKHON RATCHASIMA, TH",14.967,102.083,188.0,2000-07-10,4.6,27.3,31.0,
TH000048431,"NAKHON RATCHASIMA, TH",14.967,102.083,188.0,2000-07-11,0.0,24.7,25.8,
TH000048431,"NAKHON RATCHASIMA, TH",14.967,102.083,188.0,2000-07-12,,23.6,24.7,23.0
TH000048431,"NAKHON RATCHASIMA, TH",14.967,102.083,188.0,2000-07-13,0.8,27.1,30.8,23.0
TH000048431,"NAKHON RATCHASIMA, TH",14.967,102.083,188.0,2000-07-14,,28.5,32.0,
TH000048431,"NAKHON RATCHASIMA, TH",14.967,102.083,188.0,2000-07-15,,28.2,33.0,24.8
TH000048431,"NAKHON RATCHASIMA, TH",14.967,102.083,188.0,2000-07-16,0.8,28.3,33.1,24.9
TH000048431,"NAKHON RATCHASIMA, TH",14.967,102.083,188.0,2000-07-17,,28.0,32.2,
TH000048431,"NAKHON RATCHASIMA, TH",14.967,102.083,188.0,2000-07-18,0.5,28.1,32.8,24.4
TH000048431,"NAKHON RATCHASIMA, TH",14.967,102.083,188.0,2000-07-19,0.8,28.7,33.3,24.8
TH000048431,"NAKHON RATCHASIMA, TH",14.967,102.083,188.0,2000-07-20,0.0,28.1,33.4,24.5
TH000048431,"NAKHON RATCHASIMA, TH",14.967,102.083,188.0,2000-07-21,,28.3,33.2,24.0
TH000048431,"NAKHON RATCHASIMA, TH",14.967,102.083,188.0,2000-07-22,,29.6,34.2,23.9
TH000048431,"NAKHON RATCHASIMA, TH",14.967,102.083,188.0,2000-07-23,,29.1,32.8,
TH000048431,"NAKHON RATCHASIMA, TH",14.967,102.083,188.0,2000-07-24,,28.8,34.7,24.2
TH000048431,"NAKHON RATCHASIMA, TH",14.967,102.083,188.0,2000-07-25,0.3,28.4,33.8,23.3
TH000048431,"NAKHON RATCHASIMA, TH",14.967,102.083,188.0,2000-07-26,0.8,29.3,33.8,25.2
TH000048431,"NAKHON RATCHASIMA, TH",14.967,102.083,188.0,2000-07-27,,29.8,34.5,25.3
TH000048431,"NAKHON RATCHASIMA, TH",14.967,102.083,188.0,2000-07-28,5.1,28.2,34.5,24.4
TH000048431,"NAKHON RATCHASIMA, TH",14.967,102.083,188.0,2000-07-29,0.5,28.8,34.3,24.5
TH000048431,"NAKHON RATCHASIMA, TH",14.967,102.083,188.0,2000-07-30,,30.6,35.4,
TH000048431,"NAKHON RATCHASIMA, TH",14.967,102.083,188.0,2000-07-31,0.8,29.6,35.7,25.5
TH000048431,"NAKHON RATCHASIMA, TH",14.967,102.083,188.0,2000-08-01,,31.2,36.2,24.8
TH000048431,"NAKHON RATCHASIMA, TH",14.967,102.083,188.0,2000-08-02,,30.1,35.5,25.1
TH000048431,"NAKHON RATCHASIMA, TH",14.967,102.083,188.0,2000-08-03,,30.0,39.2,24.6
TH000048431,"NAKHON RATCHASIMA, TH",14.967,102.083,188.0,2000-08-04,,30.6,35.0,
TH000048431,"NAKHON RATCHASIMA, TH",14.967,102.083,188.0,2000-08-05,,28.7,33.1,25.0
TH000048431,"NAKHON RATCHASIMA, TH",14.967,102.083,188.0,2000-08-06,,28.3,34.3,24.8
TH000048431,"NAKHON RATCHASIMA, TH",14.967,102.083,188.0,2000-08-07,1.5,27.2,35.0,
TH000048431,"NAKHON RATCHASIMA, TH",14.967,102.083,188.0,2000-08-08,75.4,25.7,31.1,22.7
TH000048431,"NAKHON RATCHASIMA, TH",14.967,102.083,188.0,2000-08-09,4.1,26.0,31.9,23.5
TH000048431,"NAKHON RATCHASIMA, TH",14.967,102.083,188.0,2000-08-10,,27.7,33.5,
TH000048431,"NAKHON RATCHASIMA, TH",14.967,102.083,188.0,2000-08-11,,28.8,,24.5
TH000048431,"NAKHON RATCHASIMA, TH",14.967,102.083,188.0,2000-08-12,,29.0,34.6,24.8
TH000048431,"NAKHON RATCHASIMA, TH",14.967,102.083,188.0,2000-08-13,0.5,30.7,35.7,
TH000048431,"NAKHON RATCHASIMA, TH",14.967,102.083,188.0,2000-08-14,0.0,30.2,35.3,25.0
TH000048431,"NAKHON RATCHASIMA, TH",14.967,102.083,188.0,2000-08-15,0.8,29.3,34.2,24.3
TH000048431,"NAKHON RATCHASIMA, TH",14.967,102.083,188.0,2000-08-16,0.8,28.9,33.8,24.5
TH000048431,"NAKHON RATCHASIMA, TH",14.967,102.083,188.0,2000-08-17,,31.1,,
TH000048431,"NAKHON RATCHASIMA, TH",14.967,102.083,188.0,2000-08-18,0.8,28.6,32.0,26.3
TH000048431,"NAKHON RATCHASIMA, TH",14.967,102.083,188.0,2000-08-19,,28.2,32.6,24.2
TH000048431,"NAKHON RATCHASIMA, TH",14.967,102.083,188.0,2000-08-20,,29.8,34.1,
TH000048431,"NAKHON RATCHASIMA, TH",14.967,102.083,188.0,2000-08-21,2.8,28.7,34.4,25.2
TH000048431,"NAKHON RATCHASIMA, TH",14.967,102.083,188.0,2000-08-22,,27.6,31.8,
TH000048431,"NAKHON RATCHASIMA, TH",14.967,102.083,188.0,2000-08-23,,23.6,24.8,21.7
TH000048431,"NAKHON RATCHASIMA, TH",14.967,102.083,188.0,2000-08-24,,24.3,,22.4
TH000048431,"NAKHON RATCHASIMA, TH",14.967,102.083,188.0,2000-08-25,0.3,27.5,31.5,23.9
TH000048431,"NAKHON RATCHASIMA, TH",14.967,102.083,188.0,2000-08-26,0.8,27.9,33.2,23.3
TH000048431,"NAKHON RATCHASIMA, TH",14.967,102.083,188.0,2000-08-27,,28.4,32.0,25.0
TH000048431,"NAKHON RATCHASIMA, TH",14.967,102.083,188.0,2000-08-28,,28.4,32.5,24.3
TH000048431,"NAKHON RATCHASIMA, TH",14.967,102.083,188.0,2000-08-29,,28.3,33.1,
TH000048431,"NAKHON RATCHASIMA, TH",14.967,102.083,188.0,2000-08-30,0.8,28.2,31.5,24.6
TH000048431,"NAKHON RATCHASIMA, TH",14.967,102.083,188.0,2000-08-31,,28.8,32.5,25.2
TH000048431,"NAKHON RATCHASIMA, TH",14.967,102.083,188.0,2000-09-01,,27.5,33.0,
TH000048431,"NAKHON RATCHASIMA, TH",14.967,102.083,188.0,2000-09-02,,27.9,32.9,24.5
TH000048431,"NAKHON RATCHASIMA, TH",14.967,102.083,188.0,2000-09-03,0.0,26.8,30.5,24.6
TH000048431,"NAKHON RATCHASIMA, TH",14.967,102.083,188.0,2000-09-04,,25.4,30.0,
TH000048431,"NAKHON RATCHASIMA, TH",14.967,102.083,188.0,2000-09-05,13.0,24.8,27.4,22.6
TH000048431,"NAKHON RATCHASIMA, TH",14.967,102.083,188.0,2000-09-06,1.5,26.6,30.5,23.2
TH000048431,"NAKHON RATCHASIMA, TH",14.967,102.083,188.0,2000-09-07,0.0,27.9,32.6,23.7
TH000048431,"NAKHON RATCHASIMA, TH",14.967,102.083,188.0,2000-09-08,,26.9,31.1,24.5
TH000048431,"NAKHON RATCHASIMA, TH",14.967,102.083,188.0,2000-09-09,4.8,25.3,30.3,
TH000048431,"NAKHON RATCHASIMA, TH",14.967,102.083,188.0,2000-09-10,1.8,27.4,31.7,23.5
TH000048431,"NAKHON RATCHASIMA, TH",14.967,102.083,188.0,2000-09-11,0.0,26.1,30.0,23.4
TH000048431,"NAKHON RATCHASIMA, TH",14.967,102.083,188.0,2000-09-12,0.5,27.0,32.1,23.7
TH000048431,"NAKHON RATCHASIMA, TH",14.967,102.083,188.0,2000-09-13,0.0,28.2,32.1,23.7
TH000048431,"NAKHON RATCHASIMA, TH",14.967,102.083,188.0,2000-09-14,6.1,27.6,31.1,
TH000048431,"NAKHON RATCHASIMA, TH",14.967,102.083,188.0,2000-09-15,3.0,26.8,31.3,
TH000048431,"NAKHON RATCHASIMA, TH",14.967,102.083,188.0,2000-09-16,,25.9,31.3,21.8
TH000048431,"NAKHON RATCHASIMA, TH",14.967,102.083,188.0,2000-09-17,,25.9,31.0,20.8
TH000048431,"NAKHON RATCHASIMA, TH",14.967,102.083,188.0,2000-09-18,,27.7,32.2,21.7
TH000048431,"NAKHON RATCHASIMA, TH",14.967,102.083,188.0,2000-09-19,,28.2,32.8,23.2
TH000048431,"NAKHON RATCHASIMA, TH",14.967,102.083,188.0,2000-09-20,,27.9,32.6,24.2
TH000048431,"NAKHON RATCHASIMA, TH",14.967,102.083,188.0,2000-09-21,,27.7,,
TH000048431,"NAKHON RATCHASIMA, TH",14.967,102.083,188.0,2000-09-22,1.8,27.0,30.6,23.7
TH000048431,"NAKHON RATCHASIMA, TH",14.967,102.083,188.0,2000-09-23,0.3,27.5,31.2,23.8
TH000048431,"NAKHON RATCHASIMA, TH",14.967,102.083,188.0,2000-09-24,5.1,26.5,33.4,23.7
TH000048431,"NAKHON RATCHASIMA, TH",14.967,102.083,188.0,2000-09-25,1.0,27.6,33.0,
TH000048431,"NAKHON RATCHASIMA, TH",14.967,102.083,188.0,2000-09-26,4.3,26.6,32.0,23.5
TH000048431,"NAKHON RATCHASIMA, TH",14.967,102.083,188.0,2000-09-27,,26.4,33.2,
TH000048431,"NAKHON RATCHASIMA, TH",14.967,102.083,188.0,2000-09-28,78.5,25.9,,22.5
TH000048431,"NAKHON RATCHASIMA, TH",14.967,102.083,188.0,2000-09-29,1.3,26.3,31.5,23.1
TH000048431,"NAKHON RATCHASIMA, TH",14.967,102.083,188.0,2000-09-30,1.5,26.9,32.2,24.0
TH000048431,"NAKHON RATCHASIMA, TH",14.967,102.083,188.0,2000-10-01,3.8,27.5,32.4,
TH000048431,"NAKHON RATCHASIMA, TH",14.967,102.083,188.0,2000-10-02,,27.2,32.1,23.1
TH000048431,"NAKHON RATCHASIMA, TH",14.967,102.083,188.0,2000-10-03,,28.6,33.1,23.7
TH000048431,"NAKHON RATCHASIMA, TH",14.967,102.083,188.0,2000-10-04,,27.4,32.8,24.1
TH000048431,"NAKHON RATCHASIMA, TH",14.967,102.083,188.0,2000-10-05,,26.9,32.5,
TH000048431,"NAKHON RATCHASIMA, TH",14.967,102.083,188.0,2000-10-06,0.8,27.4,32.0,23.0
TH000048431,"NAKHON RATCHASIMA, TH",14.967,102.083,188.0,2000-10-07,0.0,27.7,32.7,23.6
TH000048431,"NAKHON RATCHASIMA, TH",14.967,102.083,188.0,2000-10-08,,27.8,32.5,23.8
TH000048431,"NAKHON RATCHASIMA, TH",14.967,102.083,188.0,2000-10-09,,28.1,32.1,23.8
TH000048431,"NAKHON RATCHASIMA, TH",14.967,102.083,188.0,2000-10-10,,28.1,31.7,24.2
TH000048431,"NAKHON RATCHASIMA, TH",14.967,102.083,188.0,2000-10-11,0.0,28.3,32.5,25.2
TH000048431,"NAKHON RATCHASIMA, TH",14.967,102.083,188.0,2000-10-12,,26.9,31.8,25.0
TH000048431,"NAKHON RATCHASIMA, TH",14.967,102.083,188.0,2000-10-13,,27.8,32.5,24.8
TH000048431,"NAKHON RATCHASIMA, TH",14.967,102.083,188.0,2000-10-14,3.0,27.9,32.0,
TH000048431,"NAKHON RATCHASIMA, TH",14.967,102.083,188.0,2000-10-15,43.4,25.7,,22.2
TH000048431,"NAKHON RATCHASIMA, TH",14.967,102.083,188.0,2000-10-16,0.5,26.5,29.5,21.8
TH000048431,"NAKHON RATCHASIMA, TH",14.967,102.083,188.0,2000-10-17,0.8,25.4,26.8,23.0
TH000048431,"NAKHON RATCHASIMA, TH",14.967,102.083,188.0,2000-10-18,,26.2,30.5,24.0
TH000048431,"NAKHON RATCHASIMA, TH",14.967,102.083,188.0,2000-10-19,,27.8,32.0,23.5
TH000048431,"NAKHON RATCHASIMA, TH",14.967,102.083,188.0,2000-10-20,,28.7,33.9,
TH000048431,"NAKHON RATCHASIMA, TH",14.967,102.083,188.0,2000-10-21,15.0,26.9,31.5,24.5
TH000048431,"NAKHON RATCHASIMA, TH",14.967,102.083,188.0,2000-10-22,,26.4,31.1,
TH000048431,"NAKHON RATCHASIMA, TH",14.967,102.083,188.0,2000-10-23,14.2,25.9,30.3,23.4
TH000048431,"NAKHON RATCHASIMA, TH",14.967,102.083,188.0,2000-10-24,1.5,26.7,31.4,23.5
TH000048431,"NAKHON RATCHASIMA, TH",14.967,102.083,188.0,2000-10-25,2.0,26.0,31.4,23.5
TH000048431,"NAKHON RATCHASIMA, TH",14.967,102.083,188.0,2000-10-26,0.3,26.7,31.5,23.7
TH000048431,"NAKHON RATCHASIMA, TH",14.967,102.083,188.0,2000-10-27,,28.0,32.1,23.8
TH000048431,"NAKHON RATCHASIMA, TH",14.967,102.083,188.0,2000-10-28,,27.9,32.3,24.8
TH000048431,"NAKHON RATCHASIMA, TH",14.967,102.083,188.0,2000-10-29,,27.8,31.4,
TH000048431,"NAKHON RATCHASIMA, TH",14.967,102.083,188.0,2000-10-30,,26.7,30.0,23.3
TH000048431,"NAKHON RATCHASIMA, TH",14.967,102.083,188.0,2000-10-31,,25.9,29.9,22.6
TH000048431,"NAKHON RATCHASIMA, TH",14.967,102.083,188.0,2000-11-01,0.8,24.1,28.2,
TH000048431,"NAKHON RATCHASIMA, TH",14.967,102.083,188.0,2000-11-02,0.0,23.7,,17.8
TH000048431,"NAKHON RATCHASIMA, TH",14.967,102.083,188.0,2000-11-03,,21.3,26.9,17.0
TH000048431,"NAKHON RATCHASIMA, TH",14.967,102.083,188.0,2000-11-04,,22.0,27.7,15.1
TH000048431,"NAKHON RATCHASIMA, TH",14.967,102.083,188.0,2000-11-05,,22.3,28.2,
TH000048431,"NAKHON RATCHASIMA, TH",14.967,102.083,188.0,2000-11-06,,21.9,,13.7
TH000048431,"NAKHON RATCHASIMA, TH",14.967,102.083,188.0,2000-11-07,,23.5,,15.4
TH000048431,"NAKHON RATCHASIMA, TH",14.967,102.083,188.0,2000-11-08,,24.2,31.0,17.5
TH000048431,"NAKHON RATCHASIMA, TH",14.967,102.083,188.0,2000-11-09,,26.7,30.4,
TH000048431,"NAKHON RATCHASIMA, TH",14.967,102.083,188.0,2000-11-10,,24.8,,18.2
TH000048431,"NAKHON RATCHASIMA, TH",14.967,102.083,188.0,2000-11-11,,26.3,31.2,20.3
TH000048431,"NAKHON RATCHASIMA, TH",14.967,102.083,188.0,2000-11-12,,25.7,30.1,21.8
TH000048431,"NAKHON RATCHASIMA, TH",14.967,102.083,188.0,2000-11-13,,24.6,28.7,21.7
TH000048431,"NAKHON RATCHASIMA, TH",14.967,102.083,188.0,2000-11-14,,25.7,,21.4
TH000048431,"NAKHON RATCHASIMA, TH",14.967,102.083,188.0,2000-11-15,,26.2,31.8,22.2
TH000048431,"NAKHON RATCHASIMA, TH",14.967,102.083,188.0,2000-11-16,,26.0,30.8,20.8
TH000048431,"NAKHON RATCHASIMA, TH",14.967,102.083,188.0,2000-11-17,0.3,25.7,29.0,22.0
TH000048431,"NAKHON RATCHASIMA, TH",14.967,102.083,188.0,2000-11-18,0.8,25.4,29.2,22.0
TH000048431,"NAKHON RATCHASIMA, TH",14.967,102.083,188.0,2000-11-19,0.0,26.7,30.5,22.8
TH000048431,"NAKHON RATCHASIMA, TH",14.967,102.083,188.0,2000-11-20,,25.7,32.2,
TH000048431,"NAKHON RATCHASIMA, TH",14.967,102.083,188.0,2000-11-21,,22.1,27.4,
TH000048431,"NAKHON RATCHASIMA, TH",14.967,102.083,188.0,2000-11-22,,21.9,26.4,16.6
TH000048431,"NAKHON RATCHASIMA, TH",14.967,102.083,188.0,2000-11-23,,23.2,27.5,18.3
TH000048431,"NAKHON RATCHASIMA, TH",14.967,102.083,188.0,2000-11-24,,25.3,30.0,20.1
TH000048431,"NAKHON RATCHASIMA, TH",14.967,102.083,188.0,2000-11-25,,26.7,30.7,22.0
TH000048431,"NAKHON RATCHASIMA, TH",14.967,102.083,188.0,2000-11-26,4.3,25.2,28.2,
TH000048431,"NAKHON RATCHASIMA, TH",14.967,102.083,188.0,2000-11-27,,27.4,31.6,22.5
TH000048431,"NAKHON RATCHASIMA, TH",14.967,102.083,188.0,2000-11-28,,27.3,32.5,22.5
TH000048431,"NAKHON RATCHASIMA, TH",14.967,102.083,188.0,2000-11-29,,26.2,,22.0
TH000048431,"NAKHON RATCHASIMA, TH",14.967,102.083,188.0,2000-11-30,,26.6,32.7,21.3
TH000048431,"NAKHON RATCHASIMA, TH",14.967,102.083,188.0,2000-12-01,,26.6,32.7,21.0
TH000048431,"NAKHON RATCHASIMA, TH",14.967,102.083,188.0,2000-12-02,,27.3,,21.7
TH000048431,"NAKHON RATCHASIMA, TH",14.967,102.083,188.0,2000-12-03,,26.1,31.4,
TH000048431,"NAKHON RATCHASIMA, TH",14.967,102.083,188.0,2000-12-04,,23.7,28.4,20.0
TH000048431,"NAKHON RATCHASIMA, TH",14.967,102.083,188.0,2000-12-05,,23.3,,18.4
TH000048431,"NAKHON RATCHASIMA, TH",14.967,102.083,188.0,2000-12-06,,24.2,30.1,18.5
TH000048431,"NAKHON RATCHASIMA, TH",14.967,102.083,188.0,2000-12-07,,25.6,30.3,18.6
TH000048431,"NAKHON RATCHASIMA, TH",14.967,102.083,188.0,2000-12-08,,26.3,30.5,22.1
TH000048431,"NAKHON RATCHASIMA, TH",14.967,102.083,188.0,2000-12-09,,26.1,30.4,
TH000048431,"NAKHON RATCHASIMA, TH",14.967,102.083,188.0,2000-12-10,,27.4,31.7,21.6
TH000048431,"NAKHON RATCHASIMA, TH",14.967,102.083,188.0,2000-12-11,,26.4,31.5,21.0
TH000048431,"NAKHON RATCHASIMA, TH",14.967,102.083,188.0,2000-12-12,,27.3,31.6,
TH000048431,"NAKHON RATCHASIMA, TH",14.967,102.083,188.0,2000-12-13,,25.9,31.0,21.5
TH000048431,"NAKHON RATCHASIMA, TH",14.967,102.083,188.0,2000-12-14,,24.2,28.7,
TH000048431,"NAKHON RATCHASIMA, TH",14.967,102.083,188.0,2000-12-15,,23.8,29.4,19.2
TH000048431,"NAKHON RATCHASIMA, TH",14.967,102.083,188.0,2000-12-16,,25.8,30.5,21.0
TH000048431,"NAKHON RATCHASIMA, TH",14.967,102.083,188.0,2000-12-17,,25.7,31.5,21.0
TH000048431,"NAKHON RATCHASIMA, TH",14.967,102.083,188.0,2000-12-18,,25.2,31.6,20.2
TH000048431,"NAKHON RATCHASIMA, TH",14.967,102.083,188.0,2000-12-19,,26.2,32.4,19.3
TH000048431,"NAKHON RATCHASIMA, TH",14.967,102.083,188.0,2000-12-20,,27.2,32.0,21.0
TH000048431,"NAKHON RATCHASIMA, TH",14.967,102.083,188.0,2000-12-21,,25.7,30.3,
TH000048431,"NAKHON RATCHASIMA, TH",14.967,102.083,188.0,2000-12-22,,23.8,29.3,19.2
TH000048431,"NAKHON RATCHASIMA, TH",14.967,102.083,188.0,2000-12-23,,22.3,27.9,
TH000048431,"NAKHON RATCHASIMA, TH",14.967,102.083,188.0,2000-12-24,,20.9,26.6,15.1
TH000048431,"NAKHON RATCHASIMA, TH",14.967,102.083,188.0,2000-12-25,,22.1,28.1,15.8
TH000048431,"NAKHON RATCHASIMA, TH",14.967,102.083,188.0,2000-12-26,,21.3,28.6,16.2
TH000048431,"NAKHON RATCHASIMA, TH",14.967,102.083,188.0,2000-12-27,,23.8,30.5,16.1
TH000048431,"NAKHON RATCHASIMA, TH",14.967,102.083,188.0,2000-12-28,,25.3,29.2,18.3
TH000048431,"NAKHON RATCHASIMA, TH",14.967,102.083,188.0,2000-12-29,,25.8,30.4,21.7
TH000048431,"NAKHON RATCHASIMA, TH",14.967,102.083,188.0,2000-12-30,,26.0,31.8,19.7
TH000048431,"NAKHON RATCHASIMA, TH",14.967,102.083,188.0,2000-12-31,,25.4,30.5,
TH000048431,"NAKHON RATCHASIMA, TH",14.967,102.083,188.0,2001-01-01,,22.5,28.7,
TH000048431,"NAKHON RATCHASIMA, TH",14.967,102.083,188.0,2001-01-02,,23.0,30.0,16.3
TH000048431,"NAKHON RATCHASIMA, TH",14.967,102.083,188.0,2001-01-03,,23.7,31.7,16.0
TH000048431,"NAKHON RATCHASIMA, TH",14.967,102.083,188.0,2001-01-04,,24.9,31.5,17.0
TH000048431,"NAKHON RATCHASIMA, TH",14.967,102.083,188.0,2001-01-05,,25.3,31.2,19.4
TH000048431,"NAKHON RATCHASIMA, TH",14.967,102.083,188.0,2001-01-06,,26.5,32.7,20.3
TH000048431,"NAKHON RATCHASIMA, TH",14.967,102.083,188.0,2001-01-07,,27.1,33.0,21.5
TH000048431,"NAKHON RATCHASIMA, TH",14.967,102.083,188.0,2001-01-08,,27.6,33.6,21.8
TH000048431,"NAKHON RATCHASIMA, TH",14.967,102.083,188.0,2001-01-09,,27.9,34.0,22.6
TH000048431,"NAKHON RATCHASIMA, TH",14.967,102.083,188.0,2001-01-10,,27.8,34.4,22.7
TH000048431,"NAKHON RATCHASIMA, TH",14.967,102.083,188.0,2001-01-11,,27.8,33.5,17.4
TH000048431,"NAKHON RATCHASIMA, TH",14.967,102.083,188.0,2001-01-12,,28.2,33.7,21.3
TH000048431,"NAKHON RATCHASIMA, TH",14.967,102.083,188.0,2001-01-13,,28.6,32.4,25.6
TH000048431,"NAKHON RATCHASIMA, TH",14.967,102.083,188.0,2001-01-14,,25.5,29.8,
TH000048431,"NAKHON RATCHASIMA, TH",14.967,102.083,188.0,2001-01-15,,25.0,30.2,
TH000048431,"NAKHON RATCHASIMA, TH",14.967,102.083,188.0,2001-01-16,,23.8,28.6,18.1
TH000048431,"NAKHON RATCHASIMA, TH",14.967,102.083,188.0,2001-01-17,,24.4,29.9,17.8
TH000048431,"NAKHON RATCHASIMA, TH",14.967,102.083,188.0,2001-01-18,,26.1,31.0,19.2
TH000048431,"NAKHON RATCHASIMA, TH",14.967,102.083,188.0,2001-01-19,,27.1,31.0,23.8
TH000048431,"NAKHON RATCHASIMA, TH",14.967,102.083,188.0,2001-01-20,,28.9,33.6,24.0
TH000048431,"NAKHON RATCHASIMA, TH",14.967,102.083,188.0,2001-01-21,0.8,29.1,33.7,24.6
TH000048431,"NAKHON RATCHASIMA, TH",14.967,102.083,188.0,2001-01-22,0.0,28.9,34.6,24.8
TH000048431,"NAKHON RATCHASIMA, TH",14.967,102.083,188.0,2001-01-23,,28.7,34.8,
TH000048431,"NAKHON RATCHASIMA, TH",14.967,102.083,188.0,2001-01-24,,28.8,35.3,23.5
TH000048431,"NAKHON RATCHASIMA, TH",14.967,102.083,188.0,2001-01-25,0.0,29.3,36.5,22.7
TH000048431,"NAKHON RATCHASIMA, TH",14.967,102.083,188.0,2001-01-26,0.0,29.2,36.2,22.4
TH000048431,"NAKHON RATCHASIMA, TH",14.967,102.083,188.0,2001-01-27,,29.4,,23.2
TH000048431,"NAKHON RATCHASIMA, TH",14.967,102.083,188.0,2001-01-28,0.8,26.8,31.6,
TH000048431,"NAKHON RATCHASIMA, TH",14.967,102.083,188.0,2001-01-29,0.0,22.6,27.7,
TH000048431,"NAKHON RATCHASIMA, TH",14.967,102.083,188.0,2001-01-30,,24.4,30.8,18.5
TH000048431,"NAKHON RATCHASIMA, TH",14.967,102.083,188.0,2001-01-31,,27.8,34.8,20.2
TH000048431,"NAKHON RATCHASIMA, TH",14.967,102.083,188.0,2001-02-01,,27.8,35.5,21.8
TH000048431,"NAKHON RATCHASIMA, TH",14.967,102.083,188.0,2001-02-02,,28.9,35.0,21.0
TH000048431,"NAKHON RATCHASIMA, TH",14.967,102.083,188.0,2001-02-03,,28.9,35.5,21.3
TH000048431,"NAKHON RATCHASIMA, TH",14.967,102.083,188.0,2001-02-04,,28.8,35.0,24.5
TH000048431,"NAKHON RATCHASIMA, TH",14.967,102.083,188.0,2001-02-05,,28.9,35.0,23.4
TH000048431,"NAKHON RATCHASIMA, TH",14.967,102.083,188.0,2001-02-06,,29.3,35.6,23.9
TH000048431,"NAKHON RATCHASIMA, TH",14.967,102.083,188.0,2001-02-07,,28.6,35.6,24.0
TH000048431,"NAKHON RATCHASIMA, TH",14.967,102.083,188.0,2001-02-08,,26.6,30.5,23.1
TH000048431,"NAKHON RATCHASIMA, TH",14.967,102.083,188.0,2001-02-09,,26.7,31.6,21.5
TH000048431,"NAKHON RATCHASIMA, TH",14.967,102.083,188.0,2001-02-10,,24.2,28.5,21.2
TH000048431,"NAKHON RATCHASIMA, TH",14.967,102.083,188.0,2001-02-11,,25.2,31.2,19.0
TH000048431,"NAKHON RATCHASIMA, TH",14.967,102.083,188.0,2001-02-12,,28.5,33.6,
TH000048431,"NAKHON RATCHASIMA, TH",14.967,102.083,188.0,2001-02-13,,28.1,34.6,20.4
TH000048431,"NAKHON RATCHASIMA, TH",14.967,102.083,188.0,2001-02-14,,24.8,31.6,
TH000048431,"NAKHON RATCHASIMA, TH",14.967,102.083,188.0,2001-02-15,,23.4,29.4,16.7
TH000048431,"NAKHON RATCHASIMA, TH",14.967,102.083,188.0,2001-02-16,,23.3,29.0,17.8
TH000048431,"NAKHON RATCHASIMA, TH",14.967,102.083,188.0,2001-02-17,,22.8,30.0,17.5
TH000048431,"NAKHON RATCHASIMA, TH",14.967,102.083,188.0,2001-02-18,,25.1,32.8,16.8
TH000048431,"NAKHON RATCHASIMA, TH",14.967,102.083,188.0,2001-02-19,,27.3,35.0,18.7
TH000048431,"NAKHON RATCHASIMA, TH",14.967,102.083,188.0,2001-02-20,,28.6,34.8,21.8
TH000048431,"NAKHON RATCHASIMA, TH",14.967,102.083,188.0,2001-02-21,1.0,29.2,35.0,
TH000048431,"NAKHON RATCHASIMA, TH",14.967,102.083,188.0,2001-02-22,0.0,29.6,35.7,23.3
TH000048431,"NAKHON RATCHASIMA, TH",14.967,102.083,188.0,2001-02-23,,29.9,36.4,
TH000048431,"NAKHON RATCHASIMA, TH",14.967,102.083,188.0,2001-02-24,,28.9,36.5,22.7
TH000048431,"NAKHON RATCHASIMA, TH",14.967,102.083,188.0,2001-02-25,,28.6,35.7,21.2
TH000048431,"NAKHON RATCHASIMA, TH",14.967,102.083,188.0,2001-02-26,,29.7,35.4,21.8
TH000048431,"NAKHON RATCHASIMA, TH",14.967,102.083,188.0,2001-02-27,,29.1,35.7,23.9
TH000048431,"NAKHON RATCHASIMA, TH",14.967,102.083,188.0,2001-02-28,,30.4,36.5,
TH000048431,"NAKHON RATCHASIMA, TH",14.967,102.083,188.0,2001-03-01,,29.6,34.7,
TH000048431,"NAKHON RATCHASIMA, TH",14.967,102.083,188.0,2001-03-02,,28.8,35.4,22.4
TH000048431,"NAKHON RATCHASIMA, TH",14.967,102.083,188.0,2001-03-03,,29.7,36.5,22.5
TH000048431,"NAKHON RATCHASIMA, TH",14.967,102.083,188.0,2001-03-04,,27.8,33.1,22.8
TH000048431,"NAKHON RATCHASIMA, TH",14.967,102.083,188.0,2001-03-05,,27.3,,22.0
TH000048431,"NAKHON RATCHASIMA, TH",14.967,102.083,188.0,2001-03-06,,29.8,36.7,22.5
TH000048431,"NAKHON RATCHASIMA, TH",14.967,102.083,188.0,2001-03-07,,31.1,37.7,24.1
TH000048431,"NAKHON RATCHASIMA, TH",14.967,102.083,188.0,2001-03-08,,28.2,34.4,
TH000048431,"NAKHON RATCHASIMA, TH",14.967,102.083,188.0,2001-03-09,1.0,24.3,27.9,
TH000048431,"NAKHON RATCHASIMA, TH",14.967,102.083,188.0,2001-03-10,0.8,23.3,26.7,21.0
TH000048431,"NAKHON RATCHASIMA, TH",14.967,102.083,188.0,2001-03-11,,25.1,29.0,21.5
TH000048431,"NAKHON RATCHASIMA, TH",14.967,102.083,188.0,2001-03-12,,21.7,23.7,
TH000048431,"NAKHON RATCHASIMA, TH",14.967,102.083,188.0,2001-03-13,0.8,21.7,23.7,19.8
TH000048431,"NAKHON RATCHASIMA, TH",14.967,102.083,188.0,2001-03-14,0.8,26.2,31.2,20.7
TH000048431,"NAKHON RATCHASIMA, TH",14.967,102.083,188.0,2001-03-15,8.6,28.0,35.1,22.6
TH000048431,"NAKHON RATCHASIMA, TH",14.967,102.083,188.0,2001-03-16,6.9,29.0,35.3,23.7
TH000048431,"NAKHON RATCHASIMA, TH",14.967,102.083,188.0,2001-03-17,0.0,30.2,36.9,23.6
TH000048431,"NAKHON RATCHASIMA, TH",14.967,102.083,188.0,2001-03-18,0.5,28.7,33.4,
TH000048431,"NAKHON RATCHASIMA, TH",14.967,102.083,188.0,2001-03-19,0.8,27.4,33.2,
TH000048431,"NAKHON RATCHASIMA, TH",14.967,102.083,188.0,2001-03-20,1.8,28.8,33.7,23.7
TH000048431,"NAKHON RATCHASIMA, TH",14.967,102.083,188.0,2001-03-21,39.1,24.8,27.4,
TH000048431,"NAKHON RATCHASIMA, TH",14.967,102.083,188.0,2001-03-22,38.1,26.6,33.5,23.4
TH000048431,"NAKHON RATCHASIMA, TH",14.967,102.083,188.0,2001-03-23,0.5,27.3,34.0,22.9
TH000048431,"NAKHON RATCHASIMA, TH",14.967,102.083,188.0,2001-03-24,0.8,28.3,34.7,23.5
TH000048431,"NAKHON RATCHASIMA, TH",14.967,102.083,188.0,2001-03-25,,28.6,35.3,24.8
TH000048431,"NAKHON RATCHASIMA, TH",14.967,102.083,188.0,2001-03-26,2.0,27.8,34.3,24.9
TH000048431,"NAKHON RATCHASIMA, TH",14.967,102.083,188.0,2001-03-27,,29.8,36.0,23.7
TH000048431,"NAKHON RATCHASIMA, TH",14.967,102.083,188.0,2001-03-28,,30.1,36.3,24.8
TH000048431,"NAKHON RATCHASIMA, TH",14.967,102.083,188.0,2001-03-29,,29.5,34.5,24.7
TH000048431,"NAKHON RATCHASIMA, TH",14.967,102.083,188.0,2001-03-30,,28.1,32.7,24.1
TH000048431,"NAKHON RATCHASIMA, TH",14.967,102.083,188.0,2001-03-31,,30.2,35.5,24.4
TH000048431,"NAKHON RATCHASIMA, TH",14.967,102.083,188.0,2001-04-01,0.0,29.2,32.7,25.8
TH000048431,"NAKHON RATCHASIMA, TH",14.967,102.083,188.0,2001-04-02,,30.1,36.6,24.7
TH000048431,"NAKHON RATCHASIMA, TH",14.967,102.083,188.0,2001-04-03,,31.3,37.6,25.4
TH000048431,"NAKHON RATCHASIMA, TH",14.967,102.083,188.0,2001-04-04,,32.4,38.3,25.5
TH000048431,"NAKHON RATCHASIMA, TH",14.967,102.083,188.0,2001-04-05,,31.1,38.7,26.3
TH000048431,"NAKHON RATCHASIMA, TH",14.967,102.083,188.0,2001-04-06,,31.9,38.2,26.3
TH000048431,"NAKHON RATCHASIMA, TH",14.967,102.083,188.0,2001-04-07,0.8,32.2,39.4,26.1
TH000048431,"NAKHON RATCHASIMA, TH",14.967,102.083,188.0,2001-04-08,,32.3,39.6,26.2
TH000048431,"NAKHON RATCHASIMA, TH",14.967,102.083,188.0,2001-04-09,,32.5,39.9,25.4
TH000048431,"NAKHON RATCHASIMA, TH",14.967,102.083,188.0,2001-04-10,,33.6,40.6,25.9
TH000048431,"NAKHON RATCHASIMA, TH",14.967,102.083,188.0,2001-04-11,,32.6,40.7,
TH000048431,"NAKHON RATCHASIMA, TH",14.967,102.083,188.0,2001-04-12,0.8,28.9,34.7,24.7
TH000048431,"NAKHON RATCHASIMA, TH",14.967,102.083,188.0,2001-04-13,0.0,32.1,38.5,25.4
TH000048431,"NAKHON RATCHASIMA, TH",14.967,102.083,188.0,2001-04-14,1.0,31.2,37.0,26.0
TH000048431,"NAKHON RATCHASIMA, TH",14.967,102.083,188.0,2001-04-15,,29.1,37.6,
TH000048431,"NAKHON RATCHASIMA, TH",14.967,102.083,188.0,2001-04-16,4.6,29.6,35.7,23.6
TH000048431,"NAKHON RATCHASIMA, TH",14.967,102.083,188.0,2001-04-17,0.0,31.1,39.6,25.0
TH000048431,"NAKHON RATCHASIMA, TH",14.967,102.083,188.0,2001-04-18,0.8,29.9,38.1,25.9
TH000048431,"NAKHON RATCHASIMA, TH",14.967,102.083,188.0,2001-04-19,,32.4,39.9,25.2
TH000048431,"NAKHON RATCHASIMA, TH",14.967,102.083,188.0,2001-04-20,,32.3,39.5,25.1
TH000048431,"NAKHON RATCHASIMA, TH",14.967,102.083,188.0,2001-04-21,,33.3,40.0,
TH000048431,"NAKHON RATCHASIMA, TH",14.967,102.083,188.0,2001-04-22,,32.3,40.7,25.4
TH000048431,"NAKHON RATCHASIMA, TH",14.967,102.083,188.0,2001-04-23,,32.5,40.9,22.7
TH000048431,"NAKHON RATCHASIMA, TH",14.967,102.083,188.0,2001-04-24,,31.8,40.1,
TH000048431,"NAKHON RATCHASIMA, TH",14.967,102.083,188.0,2001-04-25,0.8,29.0,36.5,25.5
TH000048431,"NAKHON RATCHASIMA, TH",14.967,102.083,188.0,2001-04-26,11.2,29.7,36.2,25.5
TH000048431,"NAKHON RATCHASIMA, TH",14.967,102.083,188.0,2001-04-27,0.0,31.2,39.2,25.9
TH000048431,"NAKHON RATCHASIMA, TH",14.967,102.083,188.0,2001-04-28,,31.4,39.0,26.4
TH000048431,"NAKHON RATCHASIMA, TH",14.967,102.083,188.0,2001-04-29,0.8,32.1,37.9,26.5
TH000048431,"NAKHON RATCHASIMA, TH",14.967,102.083,188.0,2001-04-30,0.0,30.3,36.9,
TH000048431,"NAKHON RATCHASIMA, TH",14.967,102.083,188.0,2001-05-01,4.3,28.3,34.8,24.6
TH000048431,"NAKHON RATCHASIMA, TH",14.967,102.083,188.0,2001-05-02,7.9,28.3,34.6,
TH000048431,"NAKHON RATCHASIMA, TH",14.967,102.083,188.0,2001-05-03,0.0,27.1,31.3,24.2
TH000048431,"NAKHON RATCHASIMA, TH",14.967,102.083,188.0,2001-05-04,13.7,27.4,32.2,25.2
TH000048431,"NAKHON RATCHASIMA, TH",14.967,102.083,188.0,2001-05-05,14.0,28.8,36.4,25.0
TH000048431,"NAKHON RATCHASIMA, TH",14.967,102.083,188.0,2001-05-06,4.1,31.4,37.3,25.1
TH000048431,"NAKHON RATCHASIMA, TH",14.967,102.083,188.0,2001-05-07,5.1,30.0,37.0,25.8
TH000048431,"NAKHON RATCHASIMA, TH",14.967,102.083,188.0,2001-05-08,,29.4,36.8,24.9
TH000048431,"NAKHON RATCHASIMA, TH",14.967,102.083,188.0,2001-05-09,0.8,30.1,,25.0
TH000048431,"NAKHON RATCHASIMA, TH",14.967,102.083,188.0,2001-05-10,1.5,28.3,33.3,
TH000048431,"NAKHON RATCHASIMA, TH",14.967,102.083,188.0,2001-05-11,24.9,26.1,29.0,23.8
TH000048431,"NAKHON RATCHASIMA, TH",14.967,102.083,188.0,2001-05-12,0.8,28.1,32.4,24.5
TH000048431,"NAKHON RATCHASIMA, TH",14.967,102.083,188.0,2001-05-13,0.5,28.3,,24.8
TH000048431,"NAKHON RATCHASIMA, TH",14.967,102.083,188.0,2001-05-14,,30.1,36.1,25.7
TH000048431,"NAKHON RATCHASIMA, TH",14.967,102.083,188.0,2001-05-15,,28.7,35.0,
TH000048431,"NAKHON RATCHASIMA, TH",14.967,102.083,188.0,2001-05-16,6.9,27.2,31.6,23.5
TH000048431,"NAKHON RATCHASIMA, TH",14.967,102.083,188.0,2001-05-17,22.6,27.0,32.6,24.3
TH000048431,"NAKHON RATCHASIMA, TH",14.967,102.083,188.0,2001-05-18,8.4,27.8,33.9,24.5
TH000048431,"NAKHON RATCHASIMA, TH",14.967,102.083,188.0,2001-05-19,0.8,28.4,,24.1
TH000048431,"NAKHON RATCHASIMA, TH",14.967,102.083,188.0,2001-05-20,,29.4,,24.8
TH000048431,"NAKHON RATCHASIMA, TH",14.967,102.083,188.0,2001-05-21,,30.2,35.1,24.3
TH000048431,"NAKHON RATCHASIMA, TH",14.967,102.083,188.0,2001-05-22,,31.1,35.4,24.7
TH000048431,"NAKHON RATCHASIMA, TH",14.967,102.083,188.0,2001-05-23,,30.2,35.5,25.2
TH000048431,"NAKHON RATCHASIMA, TH",14.967,102.083,188.0,2001-05-24,,29.7,35.3,25.4
TH000048431,"NAKHON RATCHASIMA, TH",14.967,102.083,188.0,2001-05-25,,29.5,35.7,24.9
TH000048431,"NAKHON RATCHASIMA, TH",14.967,102.083,188.0,2001-05-26,,30.6,36.2,25.0
TH000048431,"NAKHON RATCHASIMA, TH",14.967,102.083,188.0,2001-05-27,0.8,29.6,35.6,25.2
TH000048431,"NAKHON RATCHASIMA, TH",14.967,102.083,188.0,2001-05-28,,29.8,35.0,25.2
TH000048431,"NAKHON RATCHASIMA, TH",14.967,102.083,188.0,2001-05-29,,28.3,34.3,24.7
TH000048431,"NAKHON RATCHASIMA, TH",14.967,102.083,188.0,2001-05-30,5.6,28.6,34.2,
TH000048431,"NAKHON RATCHASIMA, TH",14.967,102.083,188.0,2001-05-31,0.8,29.3,35.7,24.8
TH000048431,"NAKHON RATCHASIMA, TH",14.967,102.083,188.0,2001-06-01,0.0,31.4,36.8,25.0
TH000048431,"NAKHON RATCHASIMA, TH",14.967,102.083,188.0,2001-06-02,,27.4,34.6,
TH000048431,"NAKHON RATCHASIMA, TH",14.967,102.083,188.0,2001-06-03,0.0,29.2,33.7,24.8
TH000048431,"NAKHON RATCHASIMA, TH",14.967,102.083,188.0,2001-06-04,2.8,29.1,35.4,25.2
TH000048431,"NAKHON RATCHASIMA, TH",14.967,102.083,188.0,2001-06-05,,30.0,34.5,24.8
TH000048431,"NAKHON RATCHASIMA, TH",14.967,102.083,188.0,2001-06-06,,28.9,36.0,
TH000048431,"NAKHON RATCHASIMA, TH",14.967,102.083,188.0,2001-06-07,14.2,27.8,35.4,24.5
TH000048431,"NAKHON RATCHASIMA, TH",14.967,102.083,188.0,2001-06-08,0.8,27.3,33.7,24.0
TH000048431,"NAKHON RATCHASIMA, TH",14.967,102.083,188.0,2001-06-09,0.8,28.6,34.7,24.8
TH000048431,"NAKHON RATCHASIMA, TH",14.967,102.083,188.0,2001-06-10,0.0,28.4,32.2,25.1
TH000048431,"NAKHON RATCHASIMA, TH",14.967,102.083,188.0,2001-06-11,0.0,28.3,32.5,25.3
TH000048431,"NAKHON RATCHASIMA, TH",14.967,102.083,188.0,2001-06-12,,28.2,32.7,
TH000048431,"NAKHON RATCHASIMA, TH",14.967,102.083,188.0,2001-06-13,5.6,29.0,33.3,23.1
TH000048431,"NAKHON RATCHASIMA, TH",14.967,102.083,188.0,2001-06-14,0.0,28.5,33.6,
TH000048431,"NAKHON RATCHASIMA, TH",14.967,102.083,188.0,2001-06-15,1.0,28.6,33.0,24.0
TH000048431,"NAKHON RATCHASIMA, TH",14.967,102.083,188.0,2001-06-16,0.0,28.9,33.4,24.7
TH000048431,"NAKHON RATCHASIMA, TH",14.967,102.083,188.0,2001-06-17,,29.7,35.1,23.7
TH000048431,"NAKHON RATCHASIMA, TH",14.967,102.083,188.0,2001-06-18,0.8,30.2,34.6,25.7
TH000048431,"NAKHON RATCHASIMA, TH",14.967,102.083,188.0,2001-06-19,0.0,30.0,35.0,25.0
TH000048431,"NAKHON RATCHASIMA, TH",14.967,102.083,188.0,2001-06-20,0.8,29.8,34.7,25.2
TH000048431,"NAKHON RATCHASIMA, TH",14.967,102.083,188.0,2001-06-21,0.0,30.2,35.1,25.2
TH000048431,"NAKHON RATCHASIMA, TH",14.967,102.083,188.0,2001-06-22,,30.4,35.2,25.7
TH000048431,"NAKHON RATCHASIMA, TH",14.967,102.083,188.0,2001-06-23,0.5,28.8,34.8,25.4
TH000048431,"NAKHON RATCHASIMA, TH",14.967,102.083,188.0,2001-06-24,0.8,28.6,32.6,25.2
TH000048431,"NAKHON RATCHASIMA, TH",14.967,102.083,188.0,2001-06-25,0.0,28.3,33.1,
TH000048431,"NAKHON RATCHASIMA, TH",14.967,102.083,188.0,2001-06-26,30.0,27.9,32.5,
TH000048431,"NAKHON RATCHASIMA, TH",14.967,102.083,188.0,2001-06-27,0.0,28.1,32.7,22.4
TH000048431,"NAKHON RATCHASIMA, TH",14.967,102.083,188.0,2001-06-28,0.8,29.1,32.0,24.8
TH000048431,"NAKHON RATCHASIMA, TH",14.967,102.083,188.0,2001-06-29,0.0,28.8,33.6,
TH000048431,"NAKHON RATCHASIMA, TH",14.967,102.083,188.0,2001-06-30,0.3,28.9,33.9,24.4
TH000048431,"NAKHON RATCHASIMA, TH",14.967,102.083,188.0,2001-07-01,0.0,29.1,33.2,24.2
TH000048431,"NAKHON RATCHASIMA, TH",14.967,102.083,188.0,2001-07-02,,29.8,34.5,25.2
TH000048431,"NAKHON RATCHASIMA, TH",14.967,102.083,188.0,2001-07-03,,28.7,,25.0
TH000048431,"NAKHON RATCHASIMA, TH",14.967,102.083,188.0,2001-07-04,,28.8,34.0,24.5
TH000048431,"NAKHON RATCHASIMA, TH",14.967,102.083,188.0,2001-07-05,0.8,29.7,34.6,24.8
TH000048431,"NAKHON RATCHASIMA, TH",14.967,102.083,188.0,2001-07-06,,30.4,,25.5
TH000048431,"NAKHON RATCHASIMA, TH",14.967,102.083,188.0,2001-07-07,,29.5,33.1,
TH000048431,"NAKHON RATCHASIMA, TH",14.967,102.083,188.0,2001-07-08,,26.8,31.6,
TH000048431,"NAKHON RATCHASIMA, TH",14.967,102.083,188.0,2001-07-09,3.8,26.9,32.7,24.4
TH000048431,"NAKHON RATCHASIMA, TH",14.967,102.083,188.0,2001-07-10,18.8,26.2,31.0,23.5
TH000048431,"NAKHON RATCHASIMA, TH",14.967,102.083,188.0,2001-07-11,,28.7,34.5,23.6
TH000048431,"NAKHON RATCHASIMA, TH",14.967,102.083,188.0,2001-07-12,1.8,29.8,34.7,24.6
TH000048431,"NAKHON RATCHASIMA, TH",14.967,102.083,188.0,2001-07-13,0.0,29.8,,25.1
TH000048431,"NAKHON RATCHASIMA, TH",14.967,102.083,188.0,2001-07-14,,29.1,33.0,25.0
TH000048431,"NAKHON RATCHASIMA, TH",14.967,102.083,188.0,2001-07-15,2.8,28.4,34.5,24.5
TH000048431,"NAKHON RATCHASIMA, TH",14.967,102.083,188.0,2001-07-16,3.0,29.1,34.0,24.5
TH000048431,"NAKHON RATCHASIMA, TH",14.967,102.083,188.0,2001-07-17,0.8,29.5,34.8,25.5
TH000048431,"NAKHON RATCHASIMA, TH",14.967,102.083,188.0,2001-07-18,0.0,29.8,35.5,
TH000048431,"NAKHON RATCHASIMA, TH",14.967,102.083,188.0,2001-07-19,,29.9,36.1,24.3
TH000048431,"NAKHON RATCHASIMA, TH",14.967,102.083,188.0,2001-07-20,,29.4,35.5,26.0
TH000048431,"NAKHON RATCHASIMA, TH",14.967,102.083,188.0,2001-07-21,,26.7,32.2,
TH000048431,"NAKHON RATCHASIMA, TH",14.967,102.083,188.0,2001-07-22,2.5,26.9,31.4,23.7
TH000048431,"NAKHON RATCHASIMA, TH",14.967,102.083,188.0,2001-07-23,0.0,29.7,35.6,24.4
TH000048431,"NAKHON RATCHASIMA, TH",14.967,102.083,188.0,2001-07-24,0.0,30.3,35.5,24.9
TH000048431,"NAKHON RATCHASIMA, TH",14.967,102.083,188.0,2001-07-25,0.8,29.9,36.0,25.2
TH000048431,"NAKHON RATCHASIMA, TH",14.967,102.083,188.0,2001-07-26,0.0,30.0,36.5,25.6
TH000048431,"NAKHON RATCHASIMA, TH",14.967,102.083,188.0,2001-07-27,,30.2,37.0,25.1
TH000048431,"NAKHON RATCHASIMA, TH",14.967,102.083,188.0,2001-07-28,,31.0,36.5,25.6
TH000048431,"NAKHON RATCHASIMA, TH",14.967,102.083,188.0,2001-07-29,,29.4,,25.4
TH000048431,"NAKHON RATCHASIMA, TH",14.967,102.083,188.0,2001-07-30,,31.0,37.4,25.7
TH000048431,"NAKHON RATCHASIMA, TH",14.967,102.083,188.0,2001-07-31,,29.9,36.8,
TH000048431,"NAKHON RATCHASIMA, TH",14.967,102.083,188.0,2001-08-01,0.0,27.9,34.7,
TH000048431,"NAKHON RATCHASIMA, TH",14.967,102.083,188.0,2001-08-02,0.0,28.8,34.0,
TH000048431,"NAKHON RATCHASIMA, TH",14.967,102.083,188.0,2001-08-03,0.8,29.2,35.5,24.9
TH000048431,"NAKHON RATCHASIMA, TH",14.967,102.083,188.0,2001-08-04,,27.9,34.7,
TH000048431,"NAKHON RATCHASIMA, TH",14.967,102.083,188.0,2001-08-05,,26.4,31.4,24.0
TH000048431,"NAKHON RATCHASIMA, TH",14.967,102.083,188.0,2001-08-06,12.2,27.4,32.6,24.1
TH000048431,"NAKHON RATCHASIMA, TH",14.967,102.083,188.0,2001-08-07,0.8,27.7,32.7,24.7
TH000048431,"NAKHON RATCHASIMA, TH",14.967,102.083,188.0,2001-08-08,0.8,29.1,34.2,25.2
TH000048431,"NAKHON RATCHASIMA, TH",14.967,102.083,188.0,2001-08-09,0.0,27.6,31.0,
TH000048431,"NAKHON RATCHASIMA, TH",14.967,102.083,188.0,2001-08-10,34.8,24.8,26.7,
TH000048431,"NAKHON RATCHASIMA, TH",14.967,102.083,188.0,2001-08-11,3.0,25.3,,23.9
TH000048431,"NAKHON RATCHASIMA, TH",14.967,102.083,188.0,2001-08-12,1.8,27.9,,24.2
TH000048431,"NAKHON RATCHASIMA, TH",14.967,102.083,188.0,2001-08-13,,28.6,32.8,24.2
TH000048431,"NAKHON RATCHASIMA, TH",14.967,102.083,188.0,2001-08-14,0.8,28.4,32.3,25.1
TH000048431,"NAKHON RATCHASIMA, TH",14.967,102.083,188.0,2001-08-15,0.0,28.4,32.5,25.0
TH000048431,"NAKHON RATCHASIMA, TH",14.967,102.083,188.0,2001-08-16,,27.2,31.5,25.5
TH000048431,"NAKHON RATCHASIMA, TH",14.967,102.083,188.0,2001-08-17,1.0,27.8,32.0,25.0
TH000048431,"NAKHON RATCHASIMA, TH",14.967,102.083,188.0,2001-08-18,0.0,28.1,32.4,25.0
TH000048431,"NAKHON RATCHASIMA, TH",14.967,102.083,188.0,2001-08-19,0.0,29.6,34.7,25.2
TH000048431,"NAKHON RATCHASIMA, TH",14.967,102.083,188.0,2001-08-20,,29.6,34.5,25.0
TH000048431,"NAKHON RATCHASIMA, TH",14.967,102.083,188.0,2001-08-21,0.8,29.6,33.7,25.8
TH000048431,"NAKHON RATCHASIMA, TH",14.967,102.083,188.0,2001-08-22,0.0,29.3,35.0,25.3
TH000048431,"NAKHON RATCHASIMA, TH",14.967,102.083,188.0,2001-08-23,17.5,29.5,34.7,24.8
TH000048431,"NAKHON RATCHASIMA, TH",14.967,102.083,188.0,2001-08-24,0.0,30.5,35.2,25.3
TH000048431,"NAKHON RATCHASIMA, TH",14.967,102.083,188.0,2001-08-25,,30.2,35.7,25.4
TH000048431,"NAKHON RATCHASIMA, TH",14.967,102.083,188.0,2001-08-26,2.0,28.7,34.5,25.7
TH000048431,"NAKHON RATCHASIMA, TH",14.967,102.083,188.0,2001-08-27,0.8,28.3,31.5,24.8
TH000048431,"NAKHON RATCHASIMA, TH",14.967,102.083,188.0,2001-08-28,0.3,28.5,32.5,25.1
TH000048431,"NAKHON RATCHASIMA, TH",14.967,102.083,188.0,2001-08-29,0.0,26.9,32.9,
TH000048431,"NAKHON RATCHASIMA, TH",14.967,102.083,188.0,2001-08-30,4.1,27.9,34.0,24.2
TH000048431,"NAKHON RATCHASIMA, TH",14.967,102.083,188.0,2001-08-31,0.0,28.8,32.5,23.4
TH000048431,"NAKHON RATCHASIMA, TH",14.967,102.083,188.0,2001-09-01,0.0,29.2,34.0,25.3
TH000048431,"NAKHON RATCHASIMA, TH",14.967,102.083,188.0,2001-09-02,,29.4,34.1,25.3
TH000048431,"NAKHON RATCHASIMA, TH",14.967,102.083,188.0,2001-09-03,0.8,29.5,34.5,25.4
TH000048431,"NAKHON RATCHASIMA, TH",14.967,102.083,188.0,2001-09-04,0.0,27.6,33.0,25.0
TH000048431,"NAKHON RATCHASIMA, TH",14.967,102.083,188.0,2001-09-05,0.8,28.3,34.5,24.4
TH000048431,"NAKHON RATCHASIMA, TH",14.967,102.083,188.0,2001-09-06,1.3,28.8,33.4,24.4
TH000048431,"NAKHON RATCHASIMA, TH",14.967,102.083,188.0,2001-09-07,20.1,27.9,35.0,24.0
TH000048431,"NAKHON RATCHASIMA, TH",14.967,102.083,188.0,2001-09-08,,29.4,34.5,25.0
TH000048431,"NAKHON RATCHASIMA, TH",14.967,102.083,188.0,2001-09-09,,27.0,31.5,
TH000048431,"NAKHON RATCHASIMA, TH",14.967,102.083,188.0,2001-09-10,,26.3,29.3,23.4
TH000048431,"NAKHON RATCHASIMA, TH",14.967,102.083,188.0,2001-09-11,0.8,27.6,33.0,24.5
TH000048431,"NAKHON RATCHASIMA, TH",14.967,102.083,188.0,2001-09-12,0.0,28.2,32.7,24.9
TH000048431,"NAKHON RATCHASIMA, TH",14.967,102.083,188.0,2001-09-13,,27.4,33.5,23.2
TH000048431,"NAKHON RATCHASIMA, TH",14.967,102.083,188.0,2001-09-14,0.3,28.5,33.5,23.8
TH000048431,"NAKHON RATCHASIMA, TH",14.967,102.083,188.0,2001-09-15,0.0,29.4,,23.9
TH000048431,"NAKHON RATCHASIMA, TH",14.967,102.083,188.0,2001-09-16,,29.4,34.7,25.0
TH000048431,"NAKHON RATCHASIMA, TH",14.967,102.083,188.0,2001-09-17,0.8,28.6,33.8,
TH000048431,"NAKHON RATCHASIMA, TH",14.967,102.083,188.0,2001-09-18,,27.4,35.0,
TH000048431,"NAKHON RATCHASIMA, TH",14.967,102.083,188.0,2001-09-19,23.6,28.0,33.7,23.4
TH000048431,"NAKHON RATCHASIMA, TH",14.967,102.083,188.0,2001-09-20,1.5,27.9,34.1,23.8
TH000048431,"NAKHON RATCHASIMA, TH",14.967,102.083,188.0,2001-09-21,,27.3,32.1,24.5
TH000048431,"NAKHON RATCHASIMA, TH",14.967,102.083,188.0,2001-09-22,3.6,26.8,29.8,
TH000048431,"NAKHON RATCHASIMA, TH",14.967,102.083,188.0,2001-09-23,0.5,27.1,32.3,23.7
TH000048431,"NAKHON RATCHASIMA, TH",14.967,102.083,188.0,2001-09-24,,27.3,32.0,23.3
TH000048431,"NAKHON RATCHASIMA, TH",14.967,102.083,188.0,2001-09-25,3.8,26.3,29.6,24.6
TH000048431,"NAKHON RATCHASIMA, TH",14.967,102.083,188.0,2001-09-26,0.3,27.7,32.4,24.1
TH000048431,"NAKHON RATCHASIMA, TH",14.967,102.083,188.0,2001-09-27,0.0,28.5,33.1,24.0
TH000048431,"NAKHON RATCHASIMA, TH",14.967,102.083,188.0,2001-09-28,,28.2,33.0,24.0
TH000048431,"NAKHON RATCHASIMA, TH",14.967,102.083,188.0,2001-09-29,,28.3,33.0,24.4
TH000048431,"NAKHON RATCHASIMA, TH",14.967,102.083,188.0,2001-09-30,,28.8,33.2,24.5
TH000048431,"NAKHON RATCHASIMA, TH",14.967,102.083,188.0,2001-10-01,,28.2,32.7,
TH000048431,"NAKHON RATCHASIMA, TH",14.967,102.083,188.0,2001-10-02,0.3,28.3,32.2,23.6
TH000048431,"NAKHON RATCHASIMA, TH",14.967,102.083,188.0,2001-10-03,0.0,28.3,33.3,
TH000048431,"NAKHON RATCHASIMA, TH",14.967,102.083,188.0,2001-10-04,0.0,27.9,32.5,24.1
TH000048431,"NAKHON RATCHASIMA, TH",14.967,102.083,188.0,2001-10-05,28.2,26.9,30.4,23.0
TH000048431,"NAKHON RATCHASIMA, TH",14.967,102.083,188.0,2001-10-06,0.5,27.4,32.2,24.1
TH000048431,"NAKHON RATCHASIMA, TH",14.967,102.083,188.0,2001-10-07,,28.0,32.7,24.4
TH000048431,"NAKHON RATCHASIMA, TH",14.967,102.083,188.0,2001-10-08,0.8,27.7,31.8,24.5
TH000048431,"NAKHON RATCHASIMA, TH",14.967,102.083,188.0,2001-10-09,0.0,26.4,29.7,
TH000048431,"NAKHON RATCHASIMA, TH",14.967,102.083,188.0,2001-10-10,,27.6,31.9,23.1
TH000048431,"NAKHON RATCHASIMA, TH",14.967,102.083,188.0,2001-10-11,,28.5,32.6,24.2
TH000048431,"NAKHON RATCHASIMA, TH",14.967,102.083,188.0,2001-10-12,,28.6,32.6,25.1
TH000048431,"NAKHON RATCHASIMA, TH",14.967,102.083,188.0,2001-10-13,,28.9,32.4,24.8
TH000048431,"NAKHON RATCHASIMA, TH",14.967,102.083,188.0,2001-10-14,,29.2,32.8,25.4
TH000048431,"NAKHON RATCHASIMA, TH",14.967,102.083,188.0,2001-10-15,,29.8,33.9,25.3
TH000048431,"NAKHON RATCHASIMA, TH",14.967,102.083,188.0,2001-10-16,,28.8,32.9,
TH000048431,"NAKHON RATCHASIMA, TH",14.967,102.083,188.0,2001-10-17,,28.4,33.3,
TH000048431,"NAKHON RATCHASIMA, TH",14.967,102.083,188.0,2001-10-18,,28.2,33.0,23.2
TH000048431,"NAKHON RATCHASIMA, TH",14.967,102.083,188.0,2001-10-19,,26.1,30.6,23.8
TH000048431,"NAKHON RATCHASIMA, TH",14.967,102.083,188.0,2001-10-20,1.5,27.6,31.9,23.2
TH000048431,"NAKHON RATCHASIMA, TH",14.967,102.083,188.0,2001-10-21,0.0,28.1,31.0,24.2
TH000048431,"NAKHON RATCHASIMA, TH",14.967,102.083,188.0,2001-10-22,,26.8,31.5,
TH000048431,"NAKHON RATCHASIMA, TH",14.967,102.083,188.0,2001-10-23,,25.7,28.8,22.5
TH000048431,"NAKHON RATCHASIMA, TH",14.967,102.083,188.0,2001-10-24,18.3,25.0,28.4,
TH000048431,"NAKHON RATCHASIMA, TH",14.967,102.083,188.0,2001-10-25,16.5,26.9,31.2,23.3
TH000048431,"NAKHON RATCHASIMA, TH",14.967,102.083,188.0,2001-10-26,8.4,25.6,29.7,23.8
TH000048431,"NAKHON RATCHASIMA, TH",14.967,102.083,188.0,2001-10-27,0.8,27.7,32.5,23.5
TH000048431,"NAKHON RATCHASIMA, TH",14.967,102.083,188.0,2001-10-28,0.5,26.9,31.2,23.5
TH000048431,"NAKHON RATCHASIMA, TH",14.967,102.083,188.0,2001-10-29,6.6,26.6,30.6,23.2
TH000048431,"NAKHON RATCHASIMA, TH",14.967,102.083,188.0,2001-10-30,0.5,27.0,30.7,22.7
TH000048431,"NAKHON RATCHASIMA, TH",14.967,102.083,188.0,2001-10-31,7.6,26.6,30.1,
TH000048431,"NAKHON RATCHASIMA, TH",14.967,102.083,188.0,2001-11-01,,26.7,31.4,23.7
TH000048431,"NAKHON RATCHASIMA, TH",14.967,102.083,188.0,2001-11-02,,28.0,33.0,23.4
TH000048431,"NAKHON RATCHASIMA, TH",14.967,102.083,188.0,2001-11-03,,27.1,31.8,24.0
TH000048431,"NAKHON RATCHASIMA, TH",14.967,102.083,188.0,2001-11-04,,27.8,32.8,23.2
TH000048431,"NAKHON RATCHASIMA, TH",14.967,102.083,188.0,2001-11-05,,28.6,32.7,23.4
TH000048431,"NAKHON RATCHASIMA, TH",14.967,102.083,188.0,2001-11-06,,27.7,32.1,22.9
TH000048431,"NAKHON RATCHASIMA, TH",14.967,102.083,188.0,2001-11-07,1.0,26.9,31.3,22.4
TH000048431,"NAKHON RATCHASIMA, TH",14.967,102.083,188.0,2001-11-08,0.0,26.9,31.7,22.8
TH000048431,"NAKHON RATCHASIMA, TH",14.967,102.083,188.0,2001-11-09,,25.6,30.9,21.8
TH000048431,"NAKHON RATCHASIMA, TH",14.967,102.083,188.0,2001-11-10,,25.5,30.7,
TH000048431,"NAKHON RATCHASIMA, TH",14.967,102.083,188.0,2001-11-11,,24.4,29.4,
TH000048431,"NAKHON RATCHASIMA, TH",14.967,102.083,188.0,2001-11-12,,25.2,29.7,19.3
TH000048431,"NAKHON RATCHASIMA, TH",14.967,102.083,188.0,2001-11-13,,21.4,23.7,
TH000048431,"NAKHON RATCHASIMA, TH",14.967,102.083,188.0,2001-11-14,,19.7,20.8,
TH000048431,"NAKHON RATCHASIMA, TH",14.967,102.083,188.0,2001-11-15,0.0,19.9,22.2,17.7
TH000048431,"NAKHON RATCHASIMA, TH",14.967,102.083,188.0,2001-11-16,0.8,22.7,26.0,
TH000048431,"NAKHON RATCHASIMA, TH",14.967,102.083,188.0,2001-11-17,0.0,23.4,28.2,17.5
TH000048431,"NAKHON RATCHASIMA, TH",14.967,102.083,188.0,2001-11-18,,22.3,,17.8
TH000048431,"NAKHON RATCHASIMA, TH",14.967,102.083,188.0,2001-11-19,,22.3,27.2,17.0
TH000048431,"NAKHON RATCHASIMA, TH",14.967,102.083,188.0,2001-11-20,,21.9,26.7,16.4
TH000048431,"NAKHON RATCHASIMA, TH",14.967,102.083,188.0,2001-11-21,,21.6,26.9,16.0
TH000048431,"NAKHON RATCHASIMA, TH",14.967,102.083,188.0,2001-11-22,,20.9,27.3,14.7
TH000048431,"NAKHON RATCHASIMA, TH",14.967,102.083,188.0,2001-11-23,,22.6,28.2,15.3
TH000048431,"NAKHON RATCHASIMA, TH",14.967,102.083,188.0,2001-11-24,,23.9,29.5,18.0
TH000048431,"NAKHON RATCHASIMA, TH",14.967,102.083,188.0,2001-11-25,,23.7,29.4,18.5
TH000048431,"NAKHON RATCHASIMA, TH",14.967,102.083,188.0,2001-11-26,,21.8,27.8,16.4
TH000048431,"NAKHON RATCHASIMA, TH",14.967,102.083,188.0,2001-11-27,,23.2,27.7,16.0
TH000048431,"NAKHON RATCHASIMA, TH",14.967,102.083,188.0,2001-11-28,,23.4,29.3,16.3
TH000048431,"NAKHON RATCHASIMA, TH",14.967,102.083,188.0,2001-11-29,,24.7,30.7,17.3
TH000048431,"NAKHON RATCHASIMA, TH",14.967,102.083,188.0,2001-11-30,,25.9,31.6,18.2
TH000048431,"NAKHON RATCHASIMA, TH",14.967,102.083,188.0,2001-12-01,,26.8,32.8,20.0
TH000048431,"NAKHON RATCHASIMA, TH",14.967,102.083,188.0,2001-12-02,,27.5,33.3,21.3
TH000048431,"NAKHON RATCHASIMA, TH",14.967,102.083,188.0,2001-12-03,,26.9,33.1,21.3
TH000048431,"NAKHON RATCHASIMA, TH",14.967,102.083,188.0,2001-12-04,,26.3,32.2,
TH000048431,"NAKHON RATCHASIMA, TH",14.967,102.083,188.0,2001-12-05,,26.7,32.6,20.5
TH000048431,"NAKHON RATCHASIMA, TH",14.967,102.083,188.0,2001-12-06,,27.1,32.9,20.9
TH000048431,"NAKHON RATCHASIMA, TH",14.967,102.083,188.0,2001-12-07,,26.6,32.5,20.7
TH000048431,"NAKHON RATCHASIMA, TH",14.967,102.083,188.0,2001-12-08,,25.6,31.4,20.0
TH000048431,"NAKHON RATCHASIMA, TH",14.967,102.083,188.0,2001-12-09,,26.4,30.8,
TH000048431,"NAKHON RATCHASIMA, TH",14.967,102.083,188.0,2001-12-10,,25.8,30.1,19.4
TH000048431,"NAKHON RATCHASIMA, TH",14.967,102.083,188.0,2001-12-11,,24.7,27.0,
TH000048431,"NAKHON RATCHASIMA, TH",14.967,102.083,188.0,2001-12-12,,25.6,29.5,19.0
TH000048431,"NAKHON RATCHASIMA, TH",14.967,102.083,188.0,2001-12-13,,27.3,32.5,22.3
TH000048431,"NAKHON RATCHASIMA, TH",14.967,102.083,188.0,2001-12-14,0.8,24.2,29.6,
TH000048431,"NAKHON RATCHASIMA, TH",14.967,102.083,188.0,2001-12-15,,24.4,28.8,18.1
TH000048431,"NAKHON RATCHASIMA, TH",14.967,102.083,188.0,2001-12-16,,27.1,30.5,
TH000048431,"NAKHON RATCHASIMA, TH",14.967,102.083,188.0,2001-12-17,0.8,28.1,32.6,24.0
TH000048431,"NAKHON RATCHASIMA, TH",14.967,102.083,188.0,2001-12-18,,27.4,32.0,
TH000048431,"NAKHON RATCHASIMA, TH",14.967,102.083,188.0,2001-12-19,,25.8,31.1,
TH000048431,"NAKHON RATCHASIMA, TH",14.967,102.083,188.0,2001-12-20,,25.5,30.6,20.6
TH000048431,"NAKHON RATCHASIMA, TH",14.967,102.083,188.0,2001-12-21,,23.2,29.0,
TH000048431,"NAKHON RATCHASIMA, TH",14.967,102.083,188.0,2001-12-22,,19.8,25.1,
TH000048431,"NAKHON RATCHASIMA, TH",14.967,102.083,188.0,2001-12-23,,19.5,24.7,14.1
TH000048431,"NAKHON RATCHASIMA, TH",14.967,102.083,188.0,2001-12-24,,20.1,25.9,14.8
TH000048431,"NAKHON RATCHASIMA, TH",14.967,102.083,188.0,2001-12-25,,20.6,25.9,14.8
TH000048431,"NAKHON RATCHASIMA, TH",14.967,102.083,188.0,2001-12-26,,21.9,27.1,15.6
TH000048431,"NAKHON RATCHASIMA, TH",14.967,102.083,188.0,2001-12-27,,22.4,28.4,17.1
TH000048431,"NAKHON RATCHASIMA, TH",14.967,102.083,188.0,2001-12-28,,23.3,28.4,17.9
TH000048431,"NAKHON RATCHASIMA, TH",14.967,102.083,188.0,2001-12-29,,21.4,26.2,17.1
TH000048431,"NAKHON RATCHASIMA, TH",14.967,102.083,188.0,2001-12-30,,20.1,26.7,15.0
TH000048431,"NAKHON RATCHASIMA, TH",14.967,102.083,188.0,2001-12-31,,21.9,28.5,14.2
TH000048431,"NAKHON RATCHASIMA, TH",14.967,102.083,188.0,2002-01-01,,22.4,,14.5
TH000048431,"NAKHON RATCHASIMA, TH",14.967,102.083,188.0,2002-01-02,,21.6,29.7,15.6
TH000048431,"NAKHON RATCHASIMA, TH",14.967,102.083,188.0,2002-01-03,,21.1,26.8,15.8
TH000048431,"NAKHON RATCHASIMA, TH",14.967,102.083,188.0,2002-01-04,,19.5,,14.3
TH000048431,"NAKHON RATCHASIMA, TH",14.967,102.083,188.0,2002-01-05,,21.7,27.3,15.4
TH000048431,"NAKHON RATCHASIMA, TH",14.967,102.083,188.0,2002-01-06,,21.2,27.9,15.3
TH000048431,"NAKHON RATCHASIMA, TH",14.967,102.083,188.0,2002-01-07,,22.4,28.1,17.0
TH000048431,"NAKHON RATCHASIMA, TH",14.967,102.083,188.0,2002-01-08,,22.4,28.4,16.0
TH000048431,"NAKHON RATCHASIMA, TH",14.967,102.083,188.0,2002-01-09,,22.1,27.7,16.1
TH000048431,"NAKHON RATCHASIMA, TH",14.967,102.083,188.0,2002-01-10,,22.9,29.0,17.0
TH000048431,"NAKHON RATCHASIMA, TH",14.967,102.083,188.0,2002-01-11,,24.6,30.4,17.0
TH000048431,"NAKHON RATCHASIMA, TH",14.967,102.083,188.0,2002-01-12,,26.3,32.0,19.5
TH000048431,"NAKHON RATCHASIMA, TH",14.967,102.083,188.0,2002-01-13,,26.2,31.8,19.9
TH000048431,"NAKHON RATCHASIMA, TH",14.967,102.083,188.0,2002-01-14,,24.9,30.7,
TH000048431,"NAKHON RATCHASIMA, TH",14.967,102.083,188.0,2002-01-15,,25.4,32.4,17.8
TH000048431,"NAKHON RATCHASIMA, TH",14.967,102.083,188.0,2002-01-16,,25.8,33.8,19.0
TH000048431,"NAKHON RATCHASIMA, TH",14.967,102.083,188.0,2002-01-17,,26.9,33.9,19.1
TH000048431,"NAKHON RATCHASIMA, TH",14.967,102.083,188.0,2002-01-18,,26.7,34.1,20.0
TH000048431,"NAKHON RATCHASIMA, TH",14.967,102.083,188.0,2002-01-19,,27.2,34.9,20.0
TH000048431,"NAKHON RATCHASIMA, TH",14.967,102.083,188.0,2002-01-20,,28.6,34.6,20.6
TH000048431,"NAKHON RATCHASIMA, TH",14.967,102.083,188.0,2002-01-21,,26.2,31.3,
TH000048431,"NAKHON RATCHASIMA, TH",14.967,102.083,188.0,2002-01-22,,24.2,29.6,18.4
TH000048431,"NAKHON RATCHASIMA, TH",14.967,102.083,188.0,2002-01-23,,24.3,30.0,18.4
TH000048431,"NAKHON RATCHASIMA, TH",14.967,102.083,188.0,2002-01-24,,24.9,32.2,19.1
TH000048431,"NAKHON RATCHASIMA, TH",14.967,102.083,188.0,2002-01-25,,27.0,34.6,19.1
TH000048431,"NAKHON RATCHASIMA, TH",14.967,102.083,188.0,2002-01-26,,27.4,34.6,20.3
TH000048431,"NAKHON RATCHASIMA, TH",14.967,102.083,188.0,2002-01-27,,27.6,33.2,21.5
TH000048431,"NAKHON RATCHASIMA, TH",14.967,102.083,188.0,2002-01-28,0.3,25.2,30.1,
TH000048431,"NAKHON RATCHASIMA, TH",14.967,102.083,188.0,2002-01-29,0.0,23.7,29.5,18.4
TH000048431,"NAKHON RATCHASIMA, TH",14.967,102.083,188.0,2002-01-30,,23.6,29.7,17.3
TH000048431,"NAKHON RATCHASIMA, TH",14.967,102.083,188.0,2002-01-31,,24.6,29.5,
TH000048431,"NAKHON RATCHASIMA, TH",14.967,102.083,188.0,2002-02-01,,25.2,31.3,18.5
TH000048431,"NAKHON RATCHASIMA, TH",14.967,102.083,188.0,2002-02-02,,24.2,29.7,18.6
TH000048431,"NAKHON RATCHASIMA, TH",14.967,102.083,188.0,2002-02-03,,26.3,32.2,19.9
TH000048431,"NAKHON RATCHASIMA, TH",14.967,102.083,188.0,2002-02-04,,27.0,32.6,21.0
TH000048431,"NAKHON RATCHASIMA, TH",14.967,102.083,188.0,2002-02-05,,27.7,32.5,23.2
TH000048431,"NAKHON RATCHASIMA, TH",14.967,102.083,188.0,2002-02-06,,27.2,32.7,23.4
TH000048431,"NAKHON RATCHASIMA, TH",14.967,102.083,188.0,2002-02-07,,28.4,34.5,22.1
TH000048431,"NAKHON RATCHASIMA, TH",14.967,102.083,188.0,2002-02-08,,28.4,35.0,22.8
TH000048431,"NAKHON RATCHASIMA, TH",14.967,102.083,188.0,2002-02-09,,28.9,36.1,22.4
TH000048431,"NAKHON RATCHASIMA, TH",14.967,102.083,188.0,2002-02-10,,30.1,35.9,22.6
TH000048431,"NAKHON RATCHASIMA, TH",14.967,102.083,188.0,2002-02-11,,27.1,32.0,23.1
TH000048431,"NAKHON RATCHASIMA, TH",14.967,102.083,188.0,2002-02-12,,25.6,32.7,
TH000048431,"NAKHON RATCHASIMA, TH",14.967,102.083,188.0,2002-02-13,,27.7,34.3,20.8
TH000048431,"NAKHON RATCHASIMA, TH",14.967,102.083,188.0,2002-02-14,,28.6,35.3,21.2
TH000048431,"NAKHON RATCHASIMA, TH",14.967,102.083,188.0,2002-02-15,,26.8,32.9,21.3
TH000048431,"NAKHON RATCHASIMA, TH",14.967,102.083,188.0,2002-02-16,,26.1,31.9,20.6
TH000048431,"NAKHON RATCHASIMA, TH",14.967,102.083,188.0,2002-02-17,,26.9,33.1,20.3
TH000048431,"NAKHON RATCHASIMA, TH",14.967,102.083,188.0,2002-02-18,,26.9,33.0,21.0
TH000048431,"NAKHON RATCHASIMA, TH",14.967,102.083,188.0,2002-02-19,,26.9,32.4,21.7
TH000048431,"NAKHON RATCHASIMA, TH",14.967,102.083,188.0,2002-02-20,,26.2,32.2,21.2
TH000048431,"NAKHON RATCHASIMA, TH",14.967,102.083,188.0,2002-02-21,,26.9,33.7,19.7
TH000048431,"NAKHON RATCHASIMA, TH",14.967,102.083,188.0,2002-02-22,,28.7,35.3,21.4
TH000048431,"NAKHON RATCHASIMA, TH",14.967,102.083,188.0,2002-02-23,,29.9,,23.5
TH000048431,"NAKHON RATCHASIMA, TH",14.967,102.083,188.0,2002-02-24,,29.7,36.4,25.1
TH000048431,"NAKHON RATCHASIMA, TH",14.967,102.083,188.0,2002-02-25,,28.8,33.9,25.1
TH000048431,"NAKHON RATCHASIMA, TH",14.967,102.083,188.0,2002-02-26,1.3,27.9,34.2,
TH000048431,"NAKHON RATCHASIMA, TH",14.967,102.083,188.0,2002-02-27,7.9,26.9,34.0,
TH000048431,"NAKHON RATCHASIMA, TH",14.967,102.083,188.0,2002-02-28,,28.9,35.7,23.2
TH000048431,"NAKHON RATCHASIMA, TH",14.967,102.083,188.0,2002-03-01,,29.2,36.2,24.2
TH000048431,"NAKHON RATCHASIMA, TH",14.967,102.083,188.0,2002-03-02,,27.9,34.7,
TH000048431,"NAKHON RATCHASIMA, TH",14.967,102.083,188.0,2002-03-03,,29.0,35.2,23.3
TH000048431,"NAKHON RATCHASIMA, TH",14.967,102.083,188.0,2002-03-04,6.4,27.6,31.2,24.9
TH000048431,"NAKHON RATCHASIMA, TH",14.967,102.083,188.0,2002-03-05,0.0,29.5,35.4,24.4
TH000048431,"NAKHON RATCHASIMA, TH",14.967,102.083,188.0,2002-03-06,,26.5,30.5,
TH000048431,"NAKHON RATCHASIMA, TH",14.967,102.083,188.0,2002-03-07,0.8,22.2,25.4,15.7
TH000048431,"NAKHON RATCHASIMA, TH",14.967,102.083,188.0,2002-03-08,0.3,21.4,24.1,
TH000048431,"NAKHON RATCHASIMA, TH",14.967,102.083,188.0,2002-03-09,,26.4,31.7,20.6
TH000048431,"NAKHON RATCHASIMA, TH",14.967,102.083,188.0,2002-03-10,,28.1,34.4,22.4
TH000048431,"NAKHON RATCHASIMA, TH",14.967,102.083,188.0,2002-03-11,,29.4,35.8,22.2
TH000048431,"NAKHON RATCHASIMA, TH",14.967,102.083,188.0,2002-03-12,,30.2,36.5,24.2
TH000048431,"NAKHON RATCHASIMA, TH",14.967,102.083,188.0,2002-03-13,,30.3,,
TH000048431,"NAKHON RATCHASIMA, TH",14.967,102.083,188.0,2002-03-14,,30.9,38.4,24.1
TH000048431,"NAKHON RATCHASIMA, TH",14.967,102.083,188.0,2002-03-15,,31.9,39.2,23.9
TH000048431,"NAKHON RATCHASIMA, TH",14.967,102.083,188.0,2002-03-16,,30.8,39.1,25.3
TH000048431,"NAKHON RATCHASIMA, TH",14.967,102.083,188.0,2002-03-17,,30.9,39.5,25.0
TH000048431,"NAKHON RATCHASIMA, TH",14.967,102.083,188.0,2002-03-18,1.8,26.9,29.7,23.2
TH000048431,"NAKHON RATCHASIMA, TH",14.967,102.083,188.0,2002-03-19,0.0,27.6,32.7,22.9
TH000048431,"NAKHON RATCHASIMA, TH",14.967,102.083,188.0,2002-03-20,,29.2,35.4,22.5
TH000048431,"NAKHON RATCHASIMA, TH",14.967,102.083,188.0,2002-03-21,,30.7,37.4,23.8
TH000048431,"NAKHON RATCHASIMA, TH",14.967,102.083,188.0,2002-03-22,0.8,29.1,38.1,
TH000048431,"NAKHON RATCHASIMA, TH",14.967,102.083,188.0,2002-03-23,,28.0,37.9,
TH000048431,"NAKHON RATCHASIMA, TH",14.967,102.083,188.0,2002-03-24,9.9,27.3,31.9,23.2
TH000048431,"NAKHON RATCHASIMA, TH",14.967,102.083,188.0,2002-03-25,0.0,30.1,36.5,23.6
TH000048431,"NAKHON RATCHASIMA, TH",14.967,102.083,188.0,2002-03-26,,31.2,37.8,24.6
TH000048431,"NAKHON RATCHASIMA, TH",14.967,102.083,188.0,2002-03-27,,31.9,38.8,25.4
TH000048431,"NAKHON RATCHASIMA, TH",14.967,102.083,188.0,2002-03-28,0.8,30.7,38.3,26.5
TH000048431,"NAKHON RATCHASIMA, TH",14.967,102.083,188.0,2002-03-29,,30.3,,25.7
TH000048431,"NAKHON RATCHASIMA, TH",14.967,102.083,188.0,2002-03-30,0.8,31.8,39.5,26.1
TH000048431,"NAKHON RATCHASIMA, TH",14.967,102.083,188.0,2002-03-31,,28.4,37.5,
TH000048431,"NAKHON RATCHASIMA, TH",14.967,102.083,188.0,2002-04-01,0.5,25.6,36.2,22.9
TH000048431,"NAKHON RATCHASIMA, TH",14.967,102.083,188.0,2002-04-02,0.3,28.3,36.8,22.9
TH000048431,"NAKHON RATCHASIMA, TH",14.967,102.083,188.0,2002-04-03,,30.9,38.5,24.0
TH000048431,"NAKHON RATCHASIMA, TH",14.967,102.083,188.0,2002-04-04,,32.1,38.9,25.0
TH000048431,"NAKHON RATCHASIMA, TH",14.967,102.083,188.0,2002-04-05,,33.3,40.1,24.9
TH000048431,"NAKHON RATCHASIMA, TH",14.967,102.083,188.0,2002-04-06,,31.8,39.6,24.8
TH000048431,"NAKHON RATCHASIMA, TH",14.967,102.083,188.0,2002-04-07,,32.4,41.2,23.2
TH000048431,"NAKHON RATCHASIMA, TH",14.967,102.083,188.0,2002-04-08,,32.2,39.1,26.3
TH000048431,"NAKHON RATCHASIMA, TH",14.967,102.083,188.0,2002-04-09,,32.6,40.0,24.9
TH000048431,"NAKHON RATCHASIMA, TH",14.967,102.083,188.0,2002-04-10,,33.2,40.5,25.5
TH000048431,"NAKHON RATCHASIMA, TH",14.967,102.083,188.0,2002-04-11,,28.7,37.2,26.1
TH000048431,"NAKHON RATCHASIMA, TH",14.967,102.083,188.0,2002-04-12,,26.9,,23.7
TH000048431,"NAKHON RATCHASIMA, TH",14.967,102.083,188.0,2002-04-13,,29.1,34.6,23.8
TH000048431,"NAKHON RATCHASIMA, TH",14.967,102.083,188.0,2002-04-14,,31.8,37.6,24.3
TH000048431,"NAKHON RATCHASIMA, TH",14.967,102.083,188.0,2002-04-15,0.0,28.3,34.3,
TH000048431,"NAKHON RATCHASIMA, TH",14.967,102.083,188.0,2002-04-16,6.4,29.4,36.3,24.0
TH000048431,"NAKHON RATCHASIMA, TH",14.967,102.083,188.0,2002-04-17,0.0,31.1,37.7,25.3
TH000048431,"NAKHON RATCHASIMA, TH",14.967,102.083,188.0,2002-04-18,,30.6,37.7,25.1
TH000048431,"NAKHON RATCHASIMA, TH",14.967,102.083,188.0,2002-04-19,,28.5,37.9,
TH000048431,"NAKHON RATCHASIMA, TH",14.967,102.083,188.0,2002-04-20,9.9,30.1,36.6,23.6
TH000048431,"NAKHON RATCHASIMA, TH",14.967,102.083,188.0,2002-04-21,0.0,31.3,37.9,25.6
TH000048431,"NAKHON RATCHASIMA, TH",14.967,102.083,188.0,2002-04-22,,30.8,37.8,
TH000048431,"NAKHON RATCHASIMA, TH",14.967,102.083,188.0,2002-04-23,0.5,29.8,34.9,25.6
TH000048431,"NAKHON RATCHASIMA, TH",14.967,102.083,188.0,2002-04-24,,30.2,37.0,24.7
TH000048431,"NAKHON RATCHASIMA, TH",14.967,102.083,188.0,2002-04-25,,30.6,36.9,26.7
TH000048431,"NAKHON RATCHASIMA, TH",14.967,102.083,188.0,2002-04-26,,29.2,34.6,25.4
TH000048431,"NAKHON RATCHASIMA, TH",14.967,102.083,188.0,2002-04-27,,30.8,37.4,25.2
TH000048431,"NAKHON RATCHASIMA, TH",14.967,102.083,188.0,2002-04-28,0.8,31.0,37.2,25.7
TH000048431,"NAKHON RATCHASIMA, TH",14.967,102.083,188.0,2002-04-29,1.5,28.7,38.3,
TH000048431,"NAKHON RATCHASIMA, TH",14.967,102.083,188.0,2002-04-30,1.0,28.8,35.5,25.1
TH000048431,"NAKHON RATCHASIMA, TH",14.967,102.083,188.0,2002-05-01,0.0,29.3,36.5,24.8
TH000048431,"NAKHON RATCHASIMA, TH",14.967,102.083,188.0,2002-05-02,0.8,29.4,35.8,25.6
TH000048431,"NAKHON RATCHASIMA, TH",14.967,102.083,188.0,2002-05-03,0.8,27.9,36.1,25.4
TH000048431,"NAKHON RATCHASIMA, TH",14.967,102.083,188.0,2002-05-04,,30.5,35.3,25.5
TH000048431,"NAKHON RATCHASIMA, TH",14.967,102.083,188.0,2002-05-05,,28.2,37.4,
TH000048431,"NAKHON RATCHASIMA, TH",14.967,102.083,188.0,2002-05-06,1.0,29.8,35.1,24.6
TH000048431,"NAKHON RATCHASIMA, TH",14.967,102.083,188.0,2002-05-07,5.6,27.2,33.6,
TH000048431,"NAKHON RATCHASIMA, TH",14.967,102.083,188.0,2002-05-08,6.1,28.8,,23.9
TH000048431,"NAKHON RATCHASIMA, TH",14.967,102.083,188.0,2002-05-09,0.0,29.8,36.7,25.6
TH000048431,"NAKHON RATCHASIMA, TH",14.967,102.083,188.0,2002-05-10,,30.1,35.8,25.7
TH000048431,"NAKHON RATCHASIMA, TH",14.967,102.083,188.0,2002-05-11,0.3,28.2,32.5,24.8
TH000048431,"NAKHON RATCHASIMA, TH",14.967,102.083,188.0,2002-05-12,0.8,29.3,35.0,25.0
TH000048431,"NAKHON RATCHASIMA, TH",14.967,102.083,188.0,2002-05-13,0.3,28.1,33.6,25.2
TH000048431,"NAKHON RATCHASIMA, TH",14.967,102.083,188.0,2002-05-14,0.0,29.5,37.1,25.4
TH000048431,"NAKHON RATCHASIMA, TH",14.967,102.083,188.0,2002-05-15,0.3,30.3,35.3,25.0
TH000048431,"NAKHON RATCHASIMA, TH",14.967,102.083,188.0,2002-05-16,0.8,28.3,35.3,
TH000048431,"NAKHON RATCHASIMA, TH",14.967,102.083,188.0,2002-05-17,,27.2,31.6,24.5
TH000048431,"NAKHON RATCHASIMA, TH",14.967,102.083,188.0,2002-05-18,,29.3,34.6,24.7
TH000048431,"NAKHON RATCHASIMA, TH",14.967,102.083,188.0,2002-05-19,,28.4,34.0,
TH000048431,"NAKHON RATCHASIMA, TH",14.967,102.083,188.0,2002-05-20,0.8,27.0,31.8,24.0
TH000048431,"NAKHON RATCHASIMA, TH",14.967,102.083,188.0,2002-05-21,,29.8,34.4,23.5
TH000048431,"NAKHON RATCHASIMA, TH",14.967,102.083,188.0,2002-05-22,,30.4,36.1,24.8
TH000048431,"NAKHON RATCHASIMA, TH",14.967,102.083,188.0,2002-05-23,0.0,29.4,36.6,25.5
TH000048431,"NAKHON RATCHASIMA, TH",14.967,102.083,188.0,2002-05-24,,28.2,35.2,
TH000048431,"NAKHON RATCHASIMA, TH",14.967,102.083,188.0,2002-05-25,,27.2,,
TH000048431,"NAKHON RATCHASIMA, TH",14.967,102.083,188.0,2002-05-26,0.8,27.9,33.8,24.2
TH000048431,"NAKHON RATCHASIMA, TH",14.967,102.083,188.0,2002-05-27,0.0,28.2,33.6,25.2
TH000048431,"NAKHON RATCHASIMA, TH",14.967,102.083,188.0,2002-05-28,3.3,27.3,32.9,24.6
TH000048431,"NAKHON RATCHASIMA, TH",14.967,102.083,188.0,2002-05-29,9.9,29.1,33.8,24.0
TH000048431,"NAKHON RATCHASIMA, TH",14.967,102.083,188.0,2002-05-30,,30.3,36.1,24.6
TH000048431,"NAKHON RATCHASIMA, TH",14.967,102.083,188.0,2002-05-31,,30.9,35.3,25.5
TH000048431,"NAKHON RATCHASIMA, TH",14.967,102.083,188.0,2002-06-01,,30.7,35.4,26.0
TH000048431,"NAKHON RATCHASIMA, TH",14.967,102.083,188.0,2002-06-02,,30.5,36.1,25.8
TH000048431,"NAKHON RATCHASIMA, TH",14.967,102.083,188.0,2002-06-03,,29.6,36.2,
TH000048431,"NAKHON RATCHASIMA, TH",14.967,102.083,188.0,2002-06-04,,30.5,36.8,26.0
TH000048431,"NAKHON RATCHASIMA, TH",14.967,102.083,188.0,2002-06-05,,30.7,36.6,26.3
TH000048431,"NAKHON RATCHASIMA, TH",14.967,102.083,188.0,2002-06-06,,31.0,36.5,26.2
TH000048431,"NAKHON RATCHASIMA, TH",14.967,102.083,188.0,2002-06-07,,30.8,36.9,25.5
TH000048431,"NAKHON RATCHASIMA, TH",14.967,102.083,188.0,2002-06-08,,31.3,37.2,26.2
TH000048431,"NAKHON RATCHASIMA, TH",14.967,102.083,188.0,2002-06-09,10.4,30.1,36.1,
TH000048431,"NAKHON RATCHASIMA, TH",14.967,102.083,188.0,2002-06-10,,27.9,36.0,
TH000048431,"NAKHON RATCHASIMA, TH",14.967,102.083,188.0,2002-06-11,5.1,28.7,33.2,24.0
TH000048431,"NAKHON RATCHASIMA, TH",14.967,102.083,188.0,2002-06-12,0.8,29.1,35.0,25.3
TH000048431,"NAKHON RATCHASIMA, TH",14.967,102.083,188.0,2002-06-13,0.0,28.5,34.9,
TH000048431,"NAKHON RATCHASIMA, TH",14.967,102.083,188.0,2002-06-14,0.5,29.7,34.6,
TH000048431,"NAKHON RATCHASIMA, TH",14.967,102.083,188.0,2002-06-15,0.0,29.8,35.3,25.3
TH000048431,"NAKHON RATCHASIMA, TH",14.967,102.083,188.0,2002-06-16,0.3,29.2,34.8,25.3
TH000048431,"NAKHON RATCHASIMA, TH",14.967,102.083,188.0,2002-06-17,0.0,31.0,36.2,25.6
TH000048431,"NAKHON RATCHASIMA, TH",14.967,102.083,188.0,2002-06-18,,31.4,36.1,25.3
TH000048431,"NAKHON RATCHASIMA, TH",14.967,102.083,188.0,2002-06-19,,31.6,35.9,25.5
TH000048431,"NAKHON RATCHASIMA, TH",14.967,102.083,188.0,2002-06-20,,29.7,34.4,26.1
TH000048431,"NAKHON RATCHASIMA, TH",14.967,102.083,188.0,2002-06-21,,28.6,,
TH000048431,"NAKHON RATCHASIMA, TH",14.967,102.083,188.0,2002-06-22,1.5,31.1,36.5,25.2
TH000048431,"NAKHON RATCHASIMA, TH",14.967,102.083,188.0,2002-06-23,0.8,30.0,34.5,26.9
TH000048431,"NAKHON RATCHASIMA, TH",14.967,102.083,188.0,2002-06-24,,29.8,37.1,
TH000048431,"NAKHON RATCHASIMA, TH",14.967,102.083,188.0,2002-06-25,0.8,28.2,33.0,24.2
TH000048431,"NAKHON RATCHASIMA, TH",14.967,102.083,188.0,2002-06-26,0.8,29.4,35.2,24.9
TH000048431,"NAKHON RATCHASIMA, TH",14.967,102.083,188.0,2002-06-27,9.4,27.6,32.4,
TH000048431,"NAKHON RATCHASIMA, TH",14.967,102.083,188.0,2002-06-28,8.4,27.2,33.5,24.3
TH000048431,"NAKHON RATCHASIMA, TH",14.967,102.083,188.0,2002-06-29,1.5,29.1,34.6,24.4
TH000048431,"NAKHON RATCHASIMA, TH",14.967,102.083,188.0,2002-06-30,2.0,30.6,,25.0
TH000048431,"NAKHON RATCHASIMA, TH",14.967,102.083,188.0,2002-07-01,0.0,30.9,34.9,
TH000048431,"NAKHON RATCHASIMA, TH",14.967,102.083,188.0,2002-07-02,,29.5,33.8,
TH000048431,"NAKHON RATCHASIMA, TH",14.967,102.083,188.0,2002-07-03,0.5,28.2,33.2,25.6
TH000048431,"NAKHON RATCHASIMA, TH",14.967,102.083,188.0,2002-07-04,0.0,30.4,36.1,25.0
TH000048431,"NAKHON RATCHASIMA, TH",14.967,102.083,188.0,2002-07-05,0.0,29.8,36.8,
TH000048431,"NAKHON RATCHASIMA, TH",14.967,102.083,188.0,2002-07-06,35.3,29.0,34.6,23.7
TH000048431,"NAKHON RATCHASIMA, TH",14.967,102.083,188.0,2002-07-07,2.8,29.7,33.9,25.1
TH000048431,"NAKHON RATCHASIMA, TH",14.967,102.083,188.0,2002-07-08,0.0,30.2,36.0,26.4
TH000048431,"NAKHON RATCHASIMA, TH",14.967,102.083,188.0,2002-07-09,0.0,30.4,35.2,25.9
TH000048431,"NAKHON RATCHASIMA, TH",14.967,102.083,188.0,2002-07-10,0.0,30.7,34.4,
TH000048431,"NAKHON RATCHASIMA, TH",14.967,102.083,188.0,2002-07-11,2.3,30.4,36.4,25.4
TH000048431,"NAKHON RATCHASIMA, TH",14.967,102.083,188.0,2002-07-12,,28.8,35.6,25.1
TH000048431,"NAKHON RATCHASIMA, TH",14.967,102.083,188.0,2002-07-13,0.8,30.2,34.8,24.4
TH000048431,"NAKHON RATCHASIMA, TH",14.967,102.083,188.0,2002-07-14,0.8,29.8,35.1,25.2
TH000048431,"NAKHON RATCHASIMA, TH",14.967,102.083,188.0,2002-07-15,0.8,30.1,36.2,25.8
TH000048431,"NAKHON RATCHASIMA, TH",14.967,102.083,188.0,2002-07-16,39.6,27.7,35.1,
TH000048431,"NAKHON RATCHASIMA, TH",14.967,102.083,188.0,2002-07-17,0.3,28.1,33.3,25.2
TH000048431,"NAKHON RATCHASIMA, TH",14.967,102.083,188.0,2002-07-18,0.0,26.9,33.4,
TH000048431,"NAKHON RATCHASIMA, TH",14.967,102.083,188.0,2002-07-19,6.9,29.1,33.3,23.6
TH000048431,"NAKHON RATCHASIMA, TH",14.967,102.083,188.0,2002-07-20,0.0,29.8,35.2,25.8
TH000048431,"NAKHON RATCHASIMA, TH",14.967,102.083,188.0,2002-07-21,,29.4,34.4,25.2
TH000048431,"NAKHON RATCHASIMA, TH",14.967,102.083,188.0,2002-07-22,0.3,29.3,34.6,25.1
TH000048431,"NAKHON RATCHASIMA, TH",14.967,102.083,188.0,2002-07-23,0.8,29.6,33.1,25.4
TH000048431,"NAKHON RATCHASIMA, TH",14.967,102.083,188.0,2002-07-24,0.0,29.8,34.2,
TH000048431,"NAKHON RATCHASIMA, TH",14.967,102.083,188.0,2002-07-25,,30.3,35.8,24.9
TH000048431,"NAKHON RATCHASIMA, TH",14.967,102.083,188.0,2002-07-26,0.8,30.0,35.1,25.1
TH000048431,"NAKHON RATCHASIMA, TH",14.967,102.083,188.0,2002-07-27,9.9,28.6,34.9,25.8
TH000048431,"NAKHON RATCHASIMA, TH",14.967,102.083,188.0,2002-07-28,,27.7,34.7,
TH000048431,"NAKHON RATCHASIMA, TH",14.967,102.083,188.0,2002-07-29,4.1,27.9,30.2,24.7
TH000048431,"NAKHON RATCHASIMA, TH",14.967,102.083,188.0,2002-07-30,0.8,26.7,32.6,
TH000048431,"NAKHON RATCHASIMA, TH",14.967,102.083,188.0,2002-07-31,0.0,29.5,34.8,23.9
TH000048431,"NAKHON RATCHASIMA, TH",14.967,102.083,188.0,2002-08-01,9.1,27.4,35.1,24.9
TH000048431,"NAKHON RATCHASIMA, TH",14.967,102.083,188.0,2002-08-02,8.9,26.8,34.7,
TH000048431,"NAKHON RATCHASIMA, TH",14.967,102.083,188.0,2002-08-03,22.4,27.2,33.2,22.5
TH000048431,"NAKHON RATCHASIMA, TH",14.967,102.083,188.0,2002-08-04,10.9,27.7,33.5,24.4
TH000048431,"NAKHON RATCHASIMA, TH",14.967,102.083,188.0,2002-08-05,1.5,28.0,33.4,24.6
TH000048431,"NAKHON RATCHASIMA, TH",14.967,102.083,188.0,2002-08-06,0.0,28.6,33.0,24.8
TH000048431,"NAKHON RATCHASIMA, TH",14.967,102.083,188.0,2002-08-07,0.0,29.3,33.4,25.5
TH000048431,"NAKHON RATCHASIMA, TH",14.967,102.083,188.0,2002-08-08,0.8,29.0,33.4,25.1
TH000048431,"NAKHON RATCHASIMA, TH",14.967,102.083,188.0,2002-08-09,0.0,29.2,34.4,
TH000048431,"NAKHON RATCHASIMA, TH",14.967,102.083,188.0,2002-08-10,,29.3,35.1,24.3
TH000048431,"NAKHON RATCHASIMA, TH",14.967,102.083,188.0,2002-08-11,,30.0,35.4,24.9
TH000048431,"NAKHON RATCHASIMA, TH",14.967,102.083,188.0,2002-08-12,,29.0,33.1,26.0
TH000048431,"NAKHON RATCHASIMA, TH",14.967,102.083,188.0,2002-08-13,,29.1,32.3,25.9
TH000048431,"NAKHON RATCHASIMA, TH",14.967,102.083,188.0,2002-08-14,0.5,29.7,34.0,25.3
TH000048431,"NAKHON RATCHASIMA, TH",14.967,102.083,188.0,2002-08-15,0.8,28.6,34.1,
TH000048431,"NAKHON RATCHASIMA, TH",14.967,102.083,188.0,2002-08-16,,27.9,32.4,25.4
TH000048431,"NAKHON RATCHASIMA, TH",14.967,102.083,188.0,2002-08-17,,28.3,32.2,25.1
TH000048431,"NAKHON RATCHASIMA, TH",14.967,102.083,188.0,2002-08-18,0.8,28.3,32.3,25.3
TH000048431,"NAKHON RATCHASIMA, TH",14.967,102.083,188.0,2002-08-19,0.8,28.4,32.6,25.1
TH000048431,"NAKHON RATCHASIMA, TH",14.967,102.083,188.0,2002-08-20,0.0,25.2,28.5,
TH000048431,"NAKHON RATCHASIMA, TH",14.967,102.083,188.0,2002-08-21,3.8,26.3,,23.3
TH000048431,"NAKHON RATCHASIMA, TH",14.967,102.083,188.0,2002-08-22,5.1,27.6,31.5,23.1
TH000048431,"NAKHON RATCHASIMA, TH",14.967,102.083,188.0,2002-08-23,0.0,28.1,,25.1
TH000048431,"NAKHON RATCHASIMA, TH",14.967,102.083,188.0,2002-08-24,0.0,28.9,33.3,25.1
TH000048431,"NAKHON RATCHASIMA, TH",14.967,102.083,188.0,2002-08-25,,26.3,33.2,
TH000048431,"NAKHON RATCHASIMA, TH",14.967,102.083,188.0,2002-08-26,0.8,27.5,34.5,23.6
TH000048431,"NAKHON RATCHASIMA, TH",14.967,102.083,188.0,2002-08-27,8.6,27.4,33.8,24.3
TH000048431,"NAKHON RATCHASIMA, TH",14.967,102.083,188.0,2002-08-28,0.8,27.6,33.1,24.5
TH000048431,"NAKHON RATCHASIMA, TH",14.967,102.083,188.0,2002-08-29,23.6,27.9,32.7,
TH000048431,"NAKHON RATCHASIMA, TH",14.967,102.083,188.0,2002-08-30,14.7,26.5,31.5,23.1
TH000048431,"NAKHON RATCHASIMA, TH",14.967,102.083,188.0,2002-08-31,23.4,26.4,30.1,23.4
TH000048431,"NAKHON RATCHASIMA, TH",14.967,102.083,188.0,2002-09-01,5.1,26.5,30.6,23.6
TH000048431,"NAKHON RATCHASIMA, TH",14.967,102.083,188.0,2002-09-02,2.3,27.4,31.9,24.4
TH000048431,"NAKHON RATCHASIMA, TH",14.967,102.083,188.0,2002-09-03,3.3,27.4,31.8,24.6
TH000048431,"NAKHON RATCHASIMA, TH",14.967,102.083,188.0,2002-09-04,0.3,27.5,32.5,
TH000048431,"NAKHON RATCHASIMA, TH",14.967,102.083,188.0,2002-09-05,14.2,27.9,33.0,24.2
TH000048431,"NAKHON RATCHASIMA, TH",14.967,102.083,188.0,2002-09-06,0.0,28.1,33.3,24.7
TH000048431,"NAKHON RATCHASIMA, TH",14.967,102.083,188.0,2002-09-07,0.0,29.4,34.2,24.6
TH000048431,"NAKHON RATCHASIMA, TH",14.967,102.083,188.0,2002-09-08,4.1,27.7,33.2,
TH000048431,"NAKHON RATCHASIMA, TH",14.967,102.083,188.0,2002-09-09,2.8,26.8,31.1,23.7
TH000048431,"NAKHON RATCHASIMA, TH",14.967,102.083,188.0,2002-09-10,4.6,26.4,31.5,
TH000048431,"NAKHON RATCHASIMA, TH",14.967,102.083,188.0,2002-09-11,56.9,26.5,32.7,23.7
TH000048431,"NAKHON RATCHASIMA, TH",14.967,102.083,188.0,2002-09-12,1.3,27.1,,23.4
TH000048431,"NAKHON RATCHASIMA, TH",14.967,102.083,188.0,2002-09-13,0.5,28.1,33.3,23.5
TH000048431,"NAKHON RATCHASIMA, TH",14.967,102.083,188.0,2002-09-14,0.0,28.5,33.2,25.1
TH000048431,"NAKHON RATCHASIMA, TH",14.967,102.083,188.0,2002-09-15,0.0,28.7,,24.5
TH000048431,"NAKHON RATCHASIMA, TH",14.967,102.083,188.0,2002-09-16,0.0,28.6,33.0,25.2
TH000048431,"NAKHON RATCHASIMA, TH",14.967,102.083,188.0,2002-09-17,2.5,26.1,28.6,
TH000048431,"NAKHON RATCHASIMA, TH",14.967,102.083,188.0,2002-09-18,1.5,26.7,31.3,24.0
TH000048431,"NAKHON RATCHASIMA, TH",14.967,102.083,188.0,2002-09-19,8.9,26.9,,
TH000048431,"NAKHON RATCHASIMA, TH",14.967,102.083,188.0,2002-09-20,13.7,25.2,27.8,23.1
TH000048431,"NAKHON RATCHASIMA, TH",14.967,102.083,188.0,2002-09-21,62.7,24.8,28.0,23.2
TH000048431,"NAKHON RATCHASIMA, TH",14.967,102.083,188.0,2002-09-22,42.9,26.6,30.9,23.5
TH000048431,"NAKHON RATCHASIMA, TH",14.967,102.083,188.0,2002-09-23,3.0,26.4,30.1,24.1
TH000048431,"NAKHON RATCHASIMA, TH",14.967,102.083,188.0,2002-09-24,11.2,26.4,30.1,24.0
TH000048431,"NAKHON RATCHASIMA, TH",14.967,102.083,188.0,2002-09-25,2.0,27.6,31.7,
TH000048431,"NAKHON RATCHASIMA, TH",14.967,102.083,188.0,2002-09-26,12.4,27.4,32.1,24.3
TH000048431,"NAKHON RATCHASIMA, TH",14.967,102.083,188.0,2002-09-27,0.0,28.2,33.4,24.7
TH000048431,"NAKHON RATCHASIMA, TH",14.967,102.083,188.0,2002-09-28,3.3,26.2,34.1,
TH000048431,"NAKHON RATCHASIMA, TH",14.967,102.083,188.0,2002-09-29,35.1,26.9,33.1,23.3
TH000048431,"NAKHON RATCHASIMA, TH",14.967,102.083,188.0,2002-09-30,0.0,27.3,32.0,23.7
TH000048431,"NAKHON RATCHASIMA, TH",14.967,102.083,188.0,2002-10-01,0.0,28.4,32.8,24.3
TH000048431,"NAKHON RATCHASIMA, TH",14.967,102.083,188.0,2002-10-02,0.0,28.6,33.4,24.8
TH000048431,"NAKHON RATCHASIMA, TH",14.967,102.083,188.0,2002-10-03,0.0,28.7,33.2,24.9
TH000048431,"NAKHON RATCHASIMA, TH",14.967,102.083,188.0,2002-10-04,0.0,27.8,32.8,24.1
TH000048431,"NAKHON RATCHASIMA, TH",14.967,102.083,188.0,2002-10-05,3.8,28.3,32.9,24.1
TH000048431,"NAKHON RATCHASIMA, TH",14.967,102.083,188.0,2002-10-06,2.5,26.9,32.2,
TH000048431,"NAKHON RATCHASIMA, TH",14.967,102.083,188.0,2002-10-07,0.0,26.3,,23.9
TH000048431,"NAKHON RATCHASIMA, TH",14.967,102.083,188.0,2002-10-08,0.0,26.0,29.8,23.0
TH000048431,"NAKHON RATCHASIMA, TH",14.967,102.083,188.0,2002-10-09,0.0,25.2,29.6,
TH000048431,"NAKHON RATCHASIMA, TH",14.967,102.083,188.0,2002-10-10,0.0,24.1,29.5,
TH000048431,"NAKHON RATCHASIMA, TH",14.967,102.083,188.0,2002-10-11,0.0,24.4,29.8,18.4
TH000048431,"NAKHON RATCHASIMA, TH",14.967,102.083,188.0,2002-10-12,0.0,25.4,30.6,19.1
TH000048431,"NAKHON RATCHASIMA, TH",14.967,102.083,188.0,2002-10-13,0.0,25.2,30.7,19.7
TH000048431,"NAKHON RATCHASIMA, TH",14.967,102.083,188.0,2002-10-14,0.0,27.3,31.9,19.8
TH000048431,"NAKHON RATCHASIMA, TH",14.967,102.083,188.0,2002-10-15,5.8,27.4,32.5,
TH000048431,"NAKHON RATCHASIMA, TH",14.967,102.083,188.0,2002-10-16,17.3,27.0,30.2,24.1
TH000048431,"NAKHON RATCHASIMA, TH",14.967,102.083,188.0,2002-10-17,0.0,28.8,34.5,25.0
TH000048431,"NAKHON RATCHASIMA, TH",14.967,102.083,188.0,2002-10-18,0.0,29.1,34.5,25.0
TH000048431,"NAKHON RATCHASIMA, TH",14.967,102.083,188.0,2002-10-19,0.0,29.2,34.2,25.0
TH000048431,"NAKHON RATCHASIMA, TH",14.967,102.083,188.0,2002-10-20,0.0,27.9,33.1,24.8
TH000048431,"NAKHON RATCHASIMA, TH",14.967,102.083,188.0,2002-10-21,0.0,28.9,33.7,24.2
TH000048431,"NAKHON RATCHASIMA, TH",14.967,102.083,188.0,2002-10-22,0.0,27.7,31.4,25.0
TH000048431,"NAKHON RATCHASIMA, TH",14.967,102.083,188.0,2002-10-23,1.0,25.8,33.0,
TH000048431,"NAKHON RATCHASIMA, TH",14.967,102.083,188.0,2002-10-24,0.0,26.4,30.0,23.1
TH000048431,"NAKHON RATCHASIMA, TH",14.967,102.083,188.0,2002-10-25,0.0,26.9,30.0,23.3
TH000048431,"NAKHON RATCHASIMA, TH",14.967,102.083,188.0,2002-10-27,3.8,26.4,31.5,
TH000048431,"NAKHON RATCHASIMA, TH",14.967,102.083,188.0,2002-10-28,2.8,26.1,31.7,23.4
TH000048431,"NAKHON RATCHASIMA, TH",14.967,102.083,188.0,2002-10-29,0.0,27.9,32.8,23.0
TH000048431,"NAKHON RATCHASIMA, TH",14.967,102.083,188.0,2002-10-30,0.0,28.7,33.4,24.2
TH000048431,"NAKHON RATCHASIMA, TH",14.967,102.083,188.0,2002-10-31,0.5,27.7,32.7,
TH000048431,"NAKHON RATCHASIMA, TH",14.967,102.083,188.0,2002-11-01,1.0,26.7,31.1,
TH000048431,"NAKHON RATCHASIMA, TH",14.967,102.083,188.0,2002-11-02,0.0,26.7,30.4,
TH000048431,"NAKHON RATCHASIMA, TH",14.967,102.083,188.0,2002-11-03,0.0,25.1,28.6,
TH000048431,"NAKHON RATCHASIMA, TH",14.967,102.083,188.0,2002-11-04,0.0,22.6,27.2,
TH000048431,"NAKHON RATCHASIMA, TH",14.967,102.083,188.0,2002-11-05,0.0,22.6,,18.7
TH000048431,"NAKHON RATCHASIMA, TH",14.967,102.083,188.0,2002-11-06,0.0,24.3,28.2,19.2
TH000048431,"NAKHON RATCHASIMA, TH",14.967,102.083,188.0,2002-11-07,0.0,25.5,29.5,20.9
TH000048431,"NAKHON RATCHASIMA, TH",14.967,102.083,188.0,2002-11-08,0.0,24.1,26.7,
TH000048431,"NAKHON RATCHASIMA, TH",14.967,102.083,188.0,2002-11-09,0.0,24.9,29.4,20.9
TH000048431,"NAKHON RATCHASIMA, TH",14.967,102.083,188.0,2002-11-10,0.0,25.9,30.5,20.2
TH000048431,"NAKHON RATCHASIMA, TH",14.967,102.083,188.0,2002-11-11,5.8,27.0,31.2,23.0
TH000048431,"NAKHON RATCHASIMA, TH",14.967,102.083,188.0,2002-11-12,11.4,26.3,30.9,23.8
TH000048431,"NAKHON RATCHASIMA, TH",14.967,102.083,188.0,2002-11-13,10.4,27.9,32.6,23.9
TH000048431,"NAKHON RATCHASIMA, TH",14.967,102.083,188.0,2002-11-14,0.0,28.7,34.0,24.0
TH000048431,"NAKHON RATCHASIMA, TH",14.967,102.083,188.0,2002-11-15,0.0,28.7,33.5,24.5
TH000048431,"NAKHON RATCHASIMA, TH",14.967,102.083,188.0,2002-11-16,0.0,28.1,34.7,
TH000048431,"NAKHON RATCHASIMA, TH",14.967,102.083,188.0,2002-11-17,0.0,25.4,29.0,
TH000048431,"NAKHON RATCHASIMA, TH",14.967,102.083,188.0,2002-11-18,0.0,26.1,29.4,22.4
TH000048431,"NAKHON RATCHASIMA, TH",14.967,102.083,188.0,2002-11-19,0.0,26.3,30.0,22.3
TH000048431,"NAKHON RATCHASIMA, TH",14.967,102.083,188.0,2002-11-20,0.0,26.9,30.5,23.4
TH000048431,"NAKHON RATCHASIMA, TH",14.967,102.083,188.0,2002-11-21,0.0,27.7,31.4,
TH000048431,"NAKHON RATCHASIMA, TH",14.967,102.083,188.0,2002-11-22,0.0,25.8,29.5,22.6
TH000048431,"NAKHON RATCHASIMA, TH",14.967,102.083,188.0,2002-11-23,0.0,27.1,31.2,22.6
TH000048431,"NAKHON RATCHASIMA, TH",14.967,102.083,188.0,2002-11-24,0.0,28.0,32.0,
TH000048431,"NAKHON RATCHASIMA, TH",14.967,102.083,188.0,2002-11-25,0.0,26.3,30.7,
TH000048431,"NAKHON RATCHASIMA, TH",14.967,102.083,188.0,2002-11-26,0.0,25.7,29.5,21.8
TH000048431,"NAKHON RATCHASIMA, TH",14.967,102.083,188.0,2002-11-27,0.0,24.9,28.8,21.0
TH000048431,"NAKHON RATCHASIMA, TH",14.967,102.083,188.0,2002-11-28,0.0,24.8,29.5,21.3
TH000048431,"NAKHON RATCHASIMA, TH",14.967,102.083,188.0,2002-11-29,0.0,26.5,31.7,20.5
TH000048431,"NAKHON RATCHASIMA, TH",14.967,102.083,188.0,2002-11-30,0.0,27.1,32.0,21.8
TH000048431,"NAKHON RATCHASIMA, TH",14.967,102.083,188.0,2002-12-01,0.0,27.5,32.7,23.4
TH000048431,"NAKHON RATCHASIMA, TH",14.967,102.083,188.0,2002-12-02,0.0,28.2,33.3,23.9
TH000048431,"NAKHON RATCHASIMA, TH",14.967,102.083,188.0,2002-12-03,,28.3,34.0,23.8
TH000048431,"NAKHON RATCHASIMA, TH",14.967,102.083,188.0,2002-12-04,0.0,29.4,34.5,24.3
TH000048431,"NAKHON RATCHASIMA, TH",14.967,102.083,188.0,2002-12-05,0.0,28.6,33.3,24.0
TH000048431,"NAKHON RATCHASIMA, TH",14.967,102.083,188.0,2002-12-06,0.8,28.7,34.6,24.0
TH000048431,"NAKHON RATCHASIMA, TH",14.967,102.083,188.0,2002-12-07,23.6,27.4,35.1,
TH000048431,"NAKHON RATCHASIMA, TH",14.967,102.083,188.0,2002-12-08,0.0,27.1,33.8,23.1
TH000048431,"NAKHON RATCHASIMA, TH",14.967,102.083,188.0,2002-12-09,0.8,21.9,26.0,
TH000048431,"NAKHON RATCHASIMA, TH",14.967,102.083,188.0,2002-12-10,0.0,23.8,27.2,19.0
TH000048431,"NAKHON RATCHASIMA, TH",14.967,102.083,188.0,2002-12-11,0.0,25.3,29.0,20.0
TH000048431,"NAKHON RATCHASIMA, TH",14.967,102.083,188.0,2002-12-12,0.0,25.1,29.0,21.0
TH000048431,"NAKHON RATCHASIMA, TH",14.967,102.083,188.0,2002-12-13,0.0,23.9,28.1,19.1
TH000048431,"NAKHON RATCHASIMA, TH",14.967,102.083,188.0,2002-12-14,0.0,25.1,29.2,20.6
TH000048431,"NAKHON RATCHASIMA, TH",14.967,102.083,188.0,2002-12-15,0.0,25.8,30.5,21.4
TH000048431,"NAKHON RATCHASIMA, TH",14.967,102.083,188.0,2002-12-16,0.0,25.7,30.8,21.5
TH000048431,"NAKHON RATCHASIMA, TH",14.967,102.083,188.0,2002-12-17,0.0,26.3,31.5,21.9
TH000048431,"NAKHON RATCHASIMA, TH",14.967,102.083,188.0,2002-12-18,0.0,27.2,32.7,21.5
TH000048431,"NAKHON RATCHASIMA, TH",14.967,102.083,188.0,2002-12-19,0.0,28.2,34.2,23.6
TH000048431,"NAKHON RATCHASIMA, TH",14.967,102.083,188.0,2002-12-20,0.0,27.5,33.5,
TH000048431,"NAKHON RATCHASIMA, TH",14.967,102.083,188.0,2002-12-21,0.0,26.1,31.1,
TH000048431,"NAKHON RATCHASIMA, TH",14.967,102.083,188.0,2002-12-22,0.0,26.7,31.2,21.6
TH000048431,"NAKHON RATCHASIMA, TH",14.967,102.083,188.0,2002-12-23,0.0,25.6,29.5,22.2
TH000048431,"NAKHON RATCHASIMA, TH",14.967,102.083,188.0,2002-12-24,0.0,25.4,31.5,21.9
TH000048431,"NAKHON RATCHASIMA, TH",14.967,102.083,188.0,2002-12-25,0.0,26.7,31.7,21.4
TH000048431,"NAKHON RATCHASIMA, TH",14.967,102.083,188.0,2002-12-26,0.0,26.8,32.6,
TH000048431,"NAKHON RATCHASIMA, TH",14.967,102.083,188.0,2002-12-27,0.0,21.8,26.5,19.7
TH000048431,"NAKHON RATCHASIMA, TH",14.967,102.083,188.0,2002-12-28,0.0,21.7,25.7,18.5
TH000048431,"NAKHON RATCHASIMA, TH",14.967,102.083,188.0,2002-12-29,0.0,24.9,29.0,18.4
TH000048431,"NAKHON RATCHASIMA, TH",14.967,102.083,188.0,2002-12-30,0.0,25.5,30.0,20.3
TH000048431,"NAKHON RATCHASIMA, TH",14.967,102.083,188.0,2002-12-31,0.0,26.1,30.7,21.8
TH000048431,"NAKHON RATCHASIMA, TH",14.967,102.083,188.0,2003-01-01,0.0,26.2,31.1,21.7
TH000048431,"NAKHON RATCHASIMA, TH",14.967,102.083,188.0,2003-01-02,0.0,27.2,31.9,21.5
TH000048431,"NAKHON RATCHASIMA, TH",14.967,102.083,188.0,2003-01-03,0.0,24.3,29.3,
TH000048431,"NAKHON RATCHASIMA, TH",14.967,102.083,188.0,2003-01-04,0.0,23.2,28.1,17.8
TH000048431,"NAKHON RATCHASIMA, TH",14.967,102.083,188.0,2003-01-05,0.0,24.5,30.2,19.3
TH000048431,"NAKHON RATCHASIMA, TH",14.967,102.083,188.0,2003-01-06,0.0,25.1,30.5,
TH000048431,"NAKHON RATCHASIMA, TH",14.967,102.083,188.0,2003-01-07,0.0,22.4,27.5,17.5
TH000048431,"NAKHON RATCHASIMA, TH",14.967,102.083,188.0,2003-01-08,0.0,21.4,,17.5
TH000048431,"NAKHON RATCHASIMA, TH",14.967,102.083,188.0,2003-01-09,0.0,22.2,28.8,15.9
TH000048431,"NAKHON RATCHASIMA, TH",14.967,102.083,188.0,2003-01-10,0.0,21.9,27.8,17.0
TH000048431,"NAKHON RATCHASIMA, TH",14.967,102.083,188.0,2003-01-11,0.0,20.7,27.0,16.0
TH000048431,"NAKHON RATCHASIMA, TH",14.967,102.083,188.0,2003-01-12,0.0,20.4,26.7,13.5
TH000048431,"NAKHON RATCHASIMA, TH",14.967,102.083,188.0,2003-01-13,0.0,20.1,27.3,12.9
TH000048431,"NAKHON RATCHASIMA, TH",14.967,102.083,188.0,2003-01-14,0.0,21.0,29.0,13.6
TH000048431,"NAKHON RATCHASIMA, TH",14.967,102.083,188.0,2003-01-15,0.0,23.3,29.7,15.0
TH000048431,"NAKHON RATCHASIMA, TH",14.967,102.083,188.0,2003-01-16,0.0,21.9,28.8,18.5
TH000048431,"NAKHON RATCHASIMA, TH",14.967,102.083,188.0,2003-01-17,0.0,22.6,29.0,16.4
TH000048431,"NAKHON RATCHASIMA, TH",14.967,102.083,188.0,2003-01-18,0.0,23.7,29.8,17.0
TH000048431,"NAKHON RATCHASIMA, TH",14.967,102.083,188.0,2003-01-19,0.0,22.9,29.8,
TH000048431,"NAKHON RATCHASIMA, TH",14.967,102.083,188.0,2003-01-20,0.0,22.9,30.5,15.9
TH000048431,"NAKHON RATCHASIMA, TH",14.967,102.083,188.0,2003-01-21,0.0,23.8,31.3,16.3
TH000048431,"NAKHON RATCHASIMA, TH",14.967,102.083,188.0,2003-01-22,0.0,25.4,33.6,17.1
TH000048431,"NAKHON RATCHASIMA, TH",14.967,102.083,188.0,2003-01-23,0.0,25.4,34.3,17.3
TH000048431,"NAKHON RATCHASIMA, TH",14.967,102.083,188.0,2003-01-24,0.0,26.6,34.4,18.2
TH000048431,"NAKHON RATCHASIMA, TH",14.967,102.083,188.0,2003-01-25,0.0,26.8,34.1,19.8
TH000048431,"NAKHON RATCHASIMA, TH",14.967,102.083,188.0,2003-01-26,0.0,26.3,33.8,20.6
TH000048431,"NAKHON RATCHASIMA, TH",14.967,102.083,188.0,2003-01-27,0.0,27.0,33.8,20.8
TH000048431,"NAKHON RATCHASIMA, TH",14.967,102.083,188.0,2003-01-28,0.0,22.9,28.5,17.5
TH000048431,"NAKHON RATCHASIMA, TH",14.967,102.083,188.0,2003-01-29,0.0,23.9,29.8,18.1
TH000048431,"NAKHON RATCHASIMA, TH",14.967,102.083,188.0,2003-01-30,0.0,23.9,30.7,17.7
TH000048431,"NAKHON RATCHASIMA, TH",14.967,102.083,188.0,2003-01-31,0.0,25.5,32.7,17.5
TH000048431,"NAKHON RATCHASIMA, TH",14.967,102.083,188.0,2003-02-01,0.0,25.8,33.8,18.4
TH000048431,"NAKHON RATCHASIMA, TH",14.967,102.083,188.0,2003-02-02,0.0,25.0,,18.3
TH000048431,"NAKHON RATCHASIMA, TH",14.967,102.083,188.0,2003-02-03,0.0,25.4,31.9,18.6
TH000048431,"NAKHON RATCHASIMA, TH",14.967,102.083,188.0,2003-02-04,0.0,24.1,30.5,
TH000048431,"NAKHON RATCHASIMA, TH",14.967,102.083,188.0,2003-02-05,0.0,21.8,27.9,16.6
TH000048431,"NAKHON RATCHASIMA, TH",14.967,102.083,188.0,2003-02-06,0.0,21.6,27.5,15.3
TH000048431,"NAKHON RATCHASIMA, TH",14.967,102.083,188.0,2003-02-07,0.0,22.4,28.9,
TH000048431,"NAKHON RATCHASIMA, TH",14.967,102.083,188.0,2003-02-08,0.0,25.1,32.6,16.0
TH000048431,"NAKHON RATCHASIMA, TH",14.967,102.083,188.0,2003-02-09,0.0,26.2,34.3,17.4
TH000048431,"NAKHON RATCHASIMA, TH",14.967,102.083,188.0,2003-02-10,0.0,27.6,35.1,19.6
TH000048431,"NAKHON RATCHASIMA, TH",14.967,102.083,188.0,2003-02-11,0.0,29.3,36.1,21.6
TH000048431,"NAKHON RATCHASIMA, TH",14.967,102.083,188.0,2003-02-12,0.3,28.8,35.2,25.0
TH000048431,"NAKHON RATCHASIMA, TH",14.967,102.083,188.0,2003-02-13,0.0,29.0,34.1,24.7
TH000048431,"NAKHON RATCHASIMA, TH",14.967,102.083,188.0,2003-02-14,0.8,28.5,34.0,24.3
TH000048431,"NAKHON RATCHASIMA, TH",14.967,102.083,188.0,2003-02-15,0.0,28.7,34.7,23.0
TH000048431,"NAKHON RATCHASIMA, TH",14.967,102.083,188.0,2003-02-16,0.0,29.4,34.8,24.3
TH000048431,"NAKHON RATCHASIMA, TH",14.967,102.083,188.0,2003-02-17,0.0,25.8,34.7,
TH000048431,"NAKHON RATCHASIMA, TH",14.967,102.083,188.0,2003-02-18,0.0,28.2,34.4,23.8
TH000048431,"NAKHON RATCHASIMA, TH",14.967,102.083,188.0,2003-02-19,0.0,29.1,35.7,22.6
TH000048431,"NAKHON RATCHASIMA, TH",14.967,102.083,188.0,2003-02-20,0.5,28.4,33.6,24.1
TH000048431,"NAKHON RATCHASIMA, TH",14.967,102.083,188.0,2003-02-21,0.0,28.0,34.9,23.6
TH000048431,"NAKHON RATCHASIMA, TH",14.967,102.083,188.0,2003-02-22,0.0,29.3,35.7,23.3
TH000048431,"NAKHON RATCHASIMA, TH",14.967,102.083,188.0,2003-02-23,0.0,30.6,36.6,24.0
TH000048431,"NAKHON RATCHASIMA, TH",14.967,102.083,188.0,2003-02-24,0.0,28.9,35.6,24.7
TH000048431,"NAKHON RATCHASIMA, TH",14.967,102.083,188.0,2003-02-25,0.3,28.3,35.3,24.0
TH000048431,"NAKHON RATCHASIMA, TH",14.967,102.083,188.0,2003-02-26,0.0,28.0,34.3,23.4
TH000048431,"NAKHON RATCHASIMA, TH",14.967,102.083,188.0,2003-02-27,30.5,27.1,34.0,
TH000048431,"NAKHON RATCHASIMA, TH",14.967,102.083,188.0,2003-02-28,0.0,28.4,33.8,23.7
TH000048431,"NAKHON RATCHASIMA, TH",14.967,102.083,188.0,2003-03-01,0.0,28.4,35.7,24.4
TH000048431,"NAKHON RATCHASIMA, TH",14.967,102.083,188.0,2003-03-02,0.0,29.9,35.6,
TH000048431,"NAKHON RATCHASIMA, TH",14.967,102.083,188.0,2003-03-03,0.0,29.7,36.4,24.4
TH000048431,"NAKHON RATCHASIMA, TH",14.967,102.083,188.0,2003-03-04,0.0,30.1,37.0,23.5
TH000048431,"NAKHON RATCHASIMA, TH",14.967,102.083,188.0,2003-03-05,0.0,29.7,37.6,23.5
TH000048431,"NAKHON RATCHASIMA, TH",14.967,102.083,188.0,2003-03-06,0.0,30.6,38.4,22.2
TH000048431,"NAKHON RATCHASIMA, TH",14.967,102.083,188.0,2003-03-07,0.0,30.0,38.8,24.4
TH000048431,"NAKHON RATCHASIMA, TH",14.967,102.083,188.0,2003-03-08,0.5,23.6,25.6,
TH000048431,"NAKHON RATCHASIMA, TH",14.967,102.083,188.0,2003-03-09,0.0,23.3,28.6,
TH000048431,"NAKHON RATCHASIMA, TH",14.967,102.083,188.0,2003-03-10,0.0,25.4,30.6,19.5
TH000048431,"NAKHON RATCHASIMA, TH",14.967,102.083,188.0,2003-03-11,0.0,27.3,33.3,22.1
TH000048431,"NAKHON RATCHASIMA, TH",14.967,102.083,188.0,2003-03-12,0.0,28.8,34.4,22.8
TH000048431,"NAKHON RATCHASIMA, TH",14.967,102.083,188.0,2003-03-13,0.0,28.8,34.0,
TH000048431,"NAKHON RATCHASIMA, TH",14.967,102.083,188.0,2003-03-14,0.5,23.6,26.5,
TH000048431,"NAKHON RATCHASIMA, TH",14.967,102.083,188.0,2003-03-15,0.0,28.0,34.6,19.7
TH000048431,"NAKHON RATCHASIMA, TH",14.967,102.083,188.0,2003-03-16,0.0,29.1,36.0,22.4
TH000048431,"NAKHON RATCHASIMA, TH",14.967,102.083,188.0,2003-03-17,0.0,29.9,36.2,24.2
TH000048431,"NAKHON RATCHASIMA, TH",14.967,102.083,188.0,2003-03-18,0.0,29.8,36.6,24.8
TH000048431,"NAKHON RATCHASIMA, TH",14.967,102.083,188.0,2003-03-19,0.0,30.4,,24.8
TH000048431,"NAKHON RATCHASIMA, TH",14.967,102.083,188.0,2003-03-20,0.3,29.4,36.2,
TH000048431,"NAKHON RATCHASIMA, TH",14.967,102.083,188.0,2003-03-21,1.0,25.9,30.2,
TH000048431,"NAKHON RATCHASIMA, TH",14.967,102.083,188.0,2003-03-22,0.0,27.9,33.2,23.1
TH000048431,"NAKHON RATCHASIMA, TH",14.967,102.083,188.0,2003-03-23,0.0,26.4,32.9,
TH000048431,"NAKHON RATCHASIMA, TH",14.967,102.083,188.0,2003-03-24,0.0,28.9,34.7,22.7
TH000048431,"NAKHON RATCHASIMA, TH",14.967,102.083,188.0,2003-03-25,0.0,28.4,34.2,24.0
TH000048431,"NAKHON RATCHASIMA, TH",14.967,102.083,188.0,2003-03-26,0.0,27.6,33.2,24.2
TH000048431,"NAKHON RATCHASIMA, TH",14.967,102.083,188.0,2003-03-27,17.0,26.3,34.8,
TH000048431,"NAKHON RATCHASIMA, TH",14.967,102.083,188.0,2003-03-28,12.4,25.9,32.7,23.6
TH000048431,"NAKHON RATCHASIMA, TH",14.967,102.083,188.0,2003-03-29,27.9,26.4,32.6,23.1
TH000048431,"NAKHON RATCHASIMA, TH",14.967,102.083,188.0,2003-03-30,23.6,27.5,34.5,24.0
TH000048431,"NAKHON RATCHASIMA, TH",14.967,102.083,188.0,2003-03-31,1.0,26.9,32.7,23.6
TH000048431,"NAKHON RATCHASIMA, TH",14.967,102.083,188.0,2003-04-01,0.0,28.1,33.2,24.2
TH000048431,"NAKHON RATCHASIMA, TH",14.967,102.083,188.0,2003-04-02,0.0,28.9,35.2,24.3
TH000048431,"NAKHON RATCHASIMA, TH",14.967,102.083,188.0,2003-04-03,0.0,30.5,36.1,25.0
TH000048431,"NAKHON RATCHASIMA, TH",14.967,102.083,188.0,2003-04-04,0.0,30.9,37.6,24.6
TH000048431,"NAKHON RATCHASIMA, TH",14.967,102.083,188.0,2003-04-05,0.0,31.8,37.2,25.4
TH000048431,"NAKHON RATCHASIMA, TH",14.967,102.083,188.0,2003-04-06,0.0,32.1,37.9,26.4
TH000048431,"NAKHON RATCHASIMA, TH",14.967,102.083,188.0,2003-04-07,0.0,31.5,37.9,
TH000048431,"NAKHON RATCHASIMA, TH",14.967,102.083,188.0,2003-04-08,0.0,32.2,38.8,24.9
TH000048431,"NAKHON RATCHASIMA, TH",14.967,102.083,188.0,2003-04-09,0.0,32.3,38.6,26.6
TH000048431,"NAKHON RATCHASIMA, TH",14.967,102.083,188.0,2003-04-10,0.0,30.7,37.4,
TH000048431,"NAKHON RATCHASIMA, TH",14.967,102.083,188.0,2003-04-11,0.0,31.7,,25.8
TH000048431,"NAKHON RATCHASIMA, TH",14.967,102.083,188.0,2003-04-12,0.0,31.5,38.1,26.4
TH000048431,"NAKHON RATCHASIMA, TH",14.967,102.083,188.0,2003-04-13,0.0,32.0,39.5,24.7
TH000048431,"NAKHON RATCHASIMA, TH",14.967,102.083,188.0,2003-04-14,0.0,32.3,39.2,24.7
TH000048431,"NAKHON RATCHASIMA, TH",14.967,102.083,188.0,2003-04-15,0.0,32.1,38.7,26.4
TH000048431,"NAKHON RATCHASIMA, TH",14.967,102.083,188.0,2003-04-16,0.0,30.3,35.0,26.9
TH000048431,"NAKHON RATCHASIMA, TH",14.967,102.083,188.0,2003-04-17,0.0,31.1,37.4,26.1
TH000048431,"NAKHON RATCHASIMA, TH",14.967,102.083,188.0,2003-04-18,0.0,30.4,38.4,26.2
TH000048431,"NAKHON RATCHASIMA, TH",14.967,102.083,188.0,2003-04-19,0.0,31.5,38.2,25.6
TH000048431,"NAKHON RATCHASIMA, TH",14.967,102.083,188.0,2003-04-20,0.0,31.3,38.4,25.2
TH000048431,"NAKHON RATCHASIMA, TH",14.967,102.083,188.0,2003-04-21,7.1,30.6,38.8,
TH000048431,"NAKHON RATCHASIMA, TH",14.967,102.083,188.0,2003-04-22,0.0,30.7,35.3,24.1
TH000048431,"NAKHON RATCHASIMA, TH",14.967,102.083,188.0,2003-04-23,0.0,28.0,35.3,
TH000048431,"NAKHON RATCHASIMA, TH",14.967,102.083,188.0,2003-04-24,32.5,26.6,31.8,
TH000048431,"NAKHON RATCHASIMA, TH",14.967,102.083,188.0,2003-04-25,0.0,30.1,35.8,23.7
TH000048431,"NAKHON RATCHASIMA, TH",14.967,102.083,188.0,2003-04-26,0.0,30.7,37.1,25.6
TH000048431,"NAKHON RATCHASIMA, TH",14.967,102.083,188.0,2003-04-27,11.2,26.9,35.2,23.6
TH000048431,"NAKHON RATCHASIMA, TH",14.967,102.083,188.0,2003-04-28,2.8,28.4,35.5,23.0
TH000048431,"NAKHON RATCHASIMA, TH",14.967,102.083,188.0,2003-04-29,4.8,29.4,34.7,
TH000048431,"NAKHON RATCHASIMA, TH",14.967,102.083,188.0,2003-04-30,3.0,29.2,33.7,23.9
TH000048431,"NAKHON RATCHASIMA, TH",14.967,102.083,188.0,2003-05-01,0.0,29.2,33.6,24.3
TH000048431,"NAKHON RATCHASIMA, TH",14.967,102.083,188.0,2003-05-02,0.0,28.9,35.0,25.2
TH000048431,"NAKHON RATCHASIMA, TH",14.967,102.083,188.0,2003-05-03,0.0,30.0,36.3,25.5
TH000048431,"NAKHON RATCHASIMA, TH",14.967,102.083,188.0,2003-05-04,0.0,31.3,37.9,25.6
TH000048431,"NAKHON RATCHASIMA, TH",14.967,102.083,188.0,2003-05-05,0.0,32.1,37.3,26.0
TH000048431,"NAKHON RATCHASIMA, TH",14.967,102.083,188.0,2003-05-06,0.0,32.5,39.7,26.3
TH000048431,"NAKHON RATCHASIMA, TH",14.967,102.083,188.0,2003-05-07,0.0,32.5,39.7,26.4
TH000048431,"NAKHON RATCHASIMA, TH",14.967,102.083,188.0,2003-05-08,7.1,30.7,38.6,
TH000048431,"NAKHON RATCHASIMA, TH",14.967,102.083,188.0,2003-05-09,8.4,28.6,33.4,23.6
TH000048431,"NAKHON RATCHASIMA, TH",14.967,102.083,188.0,2003-05-10,0.5,27.8,34.4,
TH000048431,"NAKHON RATCHASIMA, TH",14.967,102.083,188.0,2003-05-11,0.0,30.3,35.8,24.5
TH000048431,"NAKHON RATCHASIMA, TH",14.967,102.083,188.0,2003-05-12,0.0,28.5,33.4,25.5
TH000048431,"NAKHON RATCHASIMA, TH",14.967,102.083,188.0,2003-05-13,2.3,27.3,30.5,
TH000048431,"NAKHON RATCHASIMA, TH",14.967,102.083,188.0,2003-05-14,5.1,28.8,35.0,25.5
TH000048431,"NAKHON RATCHASIMA, TH",14.967,102.083,188.0,2003-05-15,0.0,28.9,34.4,25.1
TH000048431,"NAKHON RATCHASIMA, TH",14.967,102.083,188.0,2003-05-16,0.0,30.2,35.7,25.5
TH000048431,"NAKHON RATCHASIMA, TH",14.967,102.083,188.0,2003-05-17,0.0,30.7,,25.3
TH000048431,"NAKHON RATCHASIMA, TH",14.967,102.083,188.0,2003-05-18,0.0,31.5,36.0,25.2
TH000048431,"NAKHON RATCHASIMA, TH",14.967,102.083,188.0,2003-05-19,0.0,31.1,37.2,26.1
TH000048431,"NAKHON RATCHASIMA, TH",14.967,102.083,188.0,2003-05-20,23.4,28.4,37.0,
TH000048431,"NAKHON RATCHASIMA, TH",14.967,102.083,188.0,2003-05-21,3.0,27.8,32.9,24.7
TH000048431,"NAKHON RATCHASIMA, TH",14.967,102.083,188.0,2003-05-22,0.0,28.9,34.3,24.4
TH000048431,"NAKHON RATCHASIMA, TH",14.967,102.083,188.0,2003-05-23,0.0,29.9,35.2,25.1
TH000048431,"NAKHON RATCHASIMA, TH",14.967,102.083,188.0,2003-05-24,0.0,30.6,36.3,25.5
TH000048431,"NAKHON RATCHASIMA, TH",14.967,102.083,188.0,2003-05-25,0.0,29.9,35.8,25.8
TH000048431,"NAKHON RATCHASIMA, TH",14.967,102.083,188.0,2003-05-26,0.0,30.9,36.1,25.6
TH000048431,"NAKHON RATCHASIMA, TH",14.967,102.083,188.0,2003-05-27,0.0,31.3,37.2,26.2
TH000048431,"NAKHON RATCHASIMA, TH",14.967,102.083,188.0,2003-05-28,0.0,31.8,38.1,26.5
TH000048431,"NAKHON RATCHASIMA, TH",14.967,102.083,188.0,2003-05-29,0.0,31.8,38.2,
TH000048431,"NAKHON RATCHASIMA, TH",14.967,102.083,188.0,2003-05-30,3.3,28.3,34.6,
TH000048431,"NAKHON RATCHASIMA, TH",14.967,102.083,188.0,2003-05-31,0.8,27.7,33.8,24.5
TH000048431,"NAKHON RATCHASIMA, TH",14.967,102.083,188.0,2003-06-01,0.5,28.4,32.6,25.2
TH000048431,"NAKHON RATCHASIMA, TH",14.967,102.083,188.0,2003-06-02,5.6,27.6,32.2,
TH000048431,"NAKHON RATCHASIMA, TH",14.967,102.083,188.0,2003-06-03,0.5,28.2,34.5,24.7
TH000048431,"NAKHON RATCHASIMA, TH",14.967,102.083,188.0,2003-06-04,0.0,29.0,36.3,24.9
TH000048431,"NAKHON RATCHASIMA, TH",14.967,102.083,188.0,2003-06-05,0.0,30.2,36.1,25.2
TH000048431,"NAKHON RATCHASIMA, TH",14.967,102.083,188.0,2003-06-06,0.0,29.3,35.6,25.0
TH000048431,"NAKHON RATCHASIMA, TH",14.967,102.083,188.0,2003-06-07,0.0,30.7,37.0,24.6
TH000048431,"NAKHON RATCHASIMA, TH",14.967,102.083,188.0,2003-06-08,0.0,31.6,37.9,25.2
TH000048431,"NAKHON RATCHASIMA, TH",14.967,102.083,188.0,2003-06-09,0.0,30.8,36.5,26.1
TH000048431,"NAKHON RATCHASIMA, TH",14.967,102.083,188.0,2003-06-10,0.0,31.1,37.1,26.4
TH000048431,"NAKHON RATCHASIMA, TH",14.967,102.083,188.0,2003-06-11,0.0,31.3,37.2,26.0
TH000048431,"NAKHON RATCHASIMA, TH",14.967,102.083,188.0,2003-06-12,0.0,31.0,37.8,25.1
TH000048431,"NAKHON RATCHASIMA, TH",14.967,102.083,188.0,2003-06-13,0.0,31.1,36.5,26.4
TH000048431,"NAKHON RATCHASIMA, TH",14.967,102.083,188.0,2003-06-14,0.0,31.3,36.7,26.6
TH000048431,"NAKHON RATCHASIMA, TH",14.967,102.083,188.0,2003-06-15,0.0,31.4,37.2,26.5
TH000048431,"NAKHON RATCHASIMA, TH",14.967,102.083,188.0,2003-06-16,44.7,27.4,35.4,
TH000048431,"NAKHON RATCHASIMA, TH",14.967,102.083,188.0,2003-06-17,14.2,27.8,32.6,23.4
TH000048431,"NAKHON RATCHASIMA, TH",14.967,102.083,188.0,2003-06-18,3.3,28.6,33.2,25.2
TH000048431,"NAKHON RATCHASIMA, TH",14.967,102.083,188.0,2003-06-19,0.3,28.6,33.0,25.6
TH000048431,"NAKHON RATCHASIMA, TH",14.967,102.083,188.0,2003-06-20,0.0,28.9,33.1,
TH000048431,"NAKHON RATCHASIMA, TH",14.967,102.083,188.0,2003-06-21,0.0,30.1,34.5,25.5
TH000048431,"NAKHON RATCHASIMA, TH",14.967,102.083,188.0,2003-06-22,7.9,27.4,33.7,
TH000048431,"NAKHON RATCHASIMA, TH",14.967,102.083,188.0,2003-06-23,55.1,26.1,32.7,
TH000048431,"NAKHON RATCHASIMA, TH",14.967,102.083,188.0,2003-06-24,0.0,29.5,35.2,23.8
TH000048431,"NAKHON RATCHASIMA, TH",14.967,102.083,188.0,2003-06-25,0.0,30.0,34.6,24.8
TH000048431,"NAKHON RATCHASIMA, TH",14.967,102.083,188.0,2003-06-26,0.0,30.1,35.4,25.1
TH000048431,"NAKHON RATCHASIMA, TH",14.967,102.083,188.0,2003-06-27,0.0,30.0,34.7,
TH000048431,"NAKHON RATCHASIMA, TH",14.967,102.083,188.0,2003-06-28,0.0,29.7,34.4,25.4
TH000048431,"NAKHON RATCHASIMA, TH",14.967,102.083,188.0,2003-06-29,2.8,27.6,33.0,
TH000048431,"NAKHON RATCHASIMA, TH",14.967,102.083,188.0,2003-06-30,47.2,26.2,31.7,
TH000048431,"NAKHON RATCHASIMA, TH",14.967,102.083,188.0,2003-07-01,0.0,26.6,31.5,23.0
TH000048431,"NAKHON RATCHASIMA, TH",14.967,102.083,188.0,2003-07-02,2.3,26.7,32.8,24.2
TH000048431,"NAKHON RATCHASIMA, TH",14.967,102.083,188.0,2003-07-03,1.8,28.0,32.7,24.1
TH000048431,"NAKHON RATCHASIMA, TH",14.967,102.083,188.0,2003-07-04,0.0,30.1,34.9,24.7
TH000048431,"NAKHON RATCHASIMA, TH",14.967,102.083,188.0,2003-07-05,5.1,27.8,33.3,24.6
TH000048431,"NAKHON RATCHASIMA, TH",14.967,102.083,188.0,2003-07-06,13.5,27.8,32.7,24.9
TH000048431,"NAKHON RATCHASIMA, TH",14.967,102.083,188.0,2003-07-07,0.0,27.0,31.5,24.6
TH000048431,"NAKHON RATCHASIMA, TH",14.967,102.083,188.0,2003-07-08,0.0,28.4,33.5,24.5
TH000048431,"NAKHON RATCHASIMA, TH",14.967,102.083,188.0,2003-07-09,0.8,29.3,34.8,24.3
TH000048431,"NAKHON RATCHASIMA, TH",14.967,102.083,188.0,2003-07-10,0.0,28.7,34.8,
TH000048431,"NAKHON RATCHASIMA, TH",14.967,102.083,188.0,2003-07-11,0.0,29.3,33.7,25.8
TH000048431,"NAKHON RATCHASIMA, TH",14.967,102.083,188.0,2003-07-12,3.3,27.5,33.8,
TH000048431,"NAKHON RATCHASIMA, TH",14.967,102.083,188.0,2003-07-13,3.3,28.3,34.2,23.8
TH000048431,"NAKHON RATCHASIMA, TH",14.967,102.083,188.0,2003-07-14,0.5,27.2,33.0,24.7
TH000048431,"NAKHON RATCHASIMA, TH",14.967,102.083,188.0,2003-07-15,10.7,27.5,33.3,24.4
TH000048431,"NAKHON RATCHASIMA, TH",14.967,102.083,188.0,2003-07-16,2.5,28.9,34.6,24.2
TH000048431,"NAKHON RATCHASIMA, TH",14.967,102.083,188.0,2003-07-17,0.0,29.9,35.8,24.7
TH000048431,"NAKHON RATCHASIMA, TH",14.967,102.083,188.0,2003-07-18,0.0,30.7,36.2,24.6
TH000048431,"NAKHON RATCHASIMA, TH",14.967,102.083,188.0,2003-07-19,0.0,30.4,35.0,25.8
TH000048431,"NAKHON RATCHASIMA, TH",14.967,102.083,188.0,2003-07-20,0.0,30.3,34.6,25.6
TH000048431,"NAKHON RATCHASIMA, TH",14.967,102.083,188.0,2003-07-21,0.0,30.6,35.9,26.1
TH000048431,"NAKHON RATCHASIMA, TH",14.967,102.083,188.0,2003-07-22,0.0,29.4,34.7,25.8
TH000048431,"NAKHON RATCHASIMA, TH",14.967,102.083,188.0,2003-07-23,0.5,27.6,32.4,
TH000048431,"NAKHON RATCHASIMA, TH",14.967,102.083,188.0,2003-07-24,0.5,27.9,32.6,24.7
TH000048431,"NAKHON RATCHASIMA, TH",14.967,102.083,188.0,2003-07-25,0.0,28.4,33.3,25.6
TH000048431,"NAKHON RATCHASIMA, TH",14.967,102.083,188.0,2003-07-26,20.8,26.4,31.4,
TH000048431,"NAKHON RATCHASIMA, TH",14.967,102.083,188.0,2003-07-27,0.0,29.1,33.8,24.5
TH000048431,"NAKHON RATCHASIMA, TH",14.967,102.083,188.0,2003-07-28,34.5,28.1,36.0,
TH000048431,"NAKHON RATCHASIMA, TH",14.967,102.083,188.0,2003-07-29,34.3,26.6,33.5,22.7
TH000048431,"NAKHON RATCHASIMA, TH",14.967,102.083,188.0,2003-07-30,1.0,27.8,32.0,24.0
TH000048431,"NAKHON RATCHASIMA, TH",14.967,102.083,188.0,2003-07-31,0.0,28.8,32.9,24.6
TH000048431,"NAKHON RATCHASIMA, TH",14.967,102.083,188.0,2003-08-01,0.0,29.2,33.2,25.5
TH000048431,"NAKHON RATCHASIMA, TH",14.967,102.083,188.0,2003-08-02,0.0,29.2,33.9,24.9
TH000048431,"NAKHON RATCHASIMA, TH",14.967,102.083,188.0,2003-08-03,1.0,27.9,34.0,
TH000048431,"NAKHON RATCHASIMA, TH",14.967,102.083,188.0,2003-08-04,2.8,27.4,32.6,24.6
TH000048431,"NAKHON RATCHASIMA, TH",14.967,102.083,188.0,2003-08-05,2.3,29.4,33.8,24.7
TH000048431,"NAKHON RATCHASIMA, TH",14.967,102.083,188.0,2003-08-06,0.0,29.5,34.1,26.4
TH000048431,"NAKHON RATCHASIMA, TH",14.967,102.083,188.0,2003-08-07,0.0,29.7,34.3,25.8
TH000048431,"NAKHON RATCHASIMA, TH",14.967,102.083,188.0,2003-08-08,0.0,30.3,35.1,26.1
TH000048431,"NAKHON RATCHASIMA, TH",14.967,102.083,188.0,2003-08-09,0.3,30.0,35.0,25.7
TH000048431,"NAKHON RATCHASIMA, TH",14.967,102.083,188.0,2003-08-10,0.0,30.2,34.6,26.0
TH000048431,"NAKHON RATCHASIMA, TH",14.967,102.083,188.0,2003-08-11,0.3,28.3,35.0,
TH000048431,"NAKHON RATCHASIMA, TH",14.967,102.083,188.0,2003-08-12,4.8,28.7,35.0,
TH000048431,"NAKHON RATCHASIMA, TH",14.967,102.083,188.0,2003-08-13,2.5,28.2,34.1,25.1
TH000048431,"NAKHON RATCHASIMA, TH",14.967,102.083,188.0,2003-08-14,0.3,30.4,35.7,24.9
TH000048431,"NAKHON RATCHASIMA, TH",14.967,102.083,188.0,2003-08-15,10.4,26.6,36.0,25.7
TH000048431,"NAKHON RATCHASIMA, TH",14.967,102.083,188.0,2003-08-16,3.8,28.3,36.6,25.0
TH000048431,"NAKHON RATCHASIMA, TH",14.967,102.083,188.0,2003-08-17,1.0,27.1,33.5,
TH000048431,"NAKHON RATCHASIMA, TH",14.967,102.083,188.0,2003-08-18,0.3,27.7,33.5,24.6
TH000048431,"NAKHON RATCHASIMA, TH",14.967,102.083,188.0,2003-08-19,1.0,27.1,32.4,24.6
TH000048431,"NAKHON RATCHASIMA, TH",14.967,102.083,188.0,2003-08-20,0.8,27.7,33.0,24.5
TH000048431,"NAKHON RATCHASIMA, TH",14.967,102.083,188.0,2003-08-21,16.3,27.0,32.3,
TH000048431,"NAKHON RATCHASIMA, TH",14.967,102.083,188.0,2003-08-22,0.0,28.3,32.7,23.8
TH000048431,"NAKHON RATCHASIMA, TH",14.967,102.083,188.0,2003-08-23,2.0,26.7,29.7,
TH000048431,"NAKHON RATCHASIMA, TH",14.967,102.083,188.0,2003-08-24,0.0,26.8,29.0,24.6
TH000048431,"NAKHON RATCHASIMA, TH",14.967,102.083,188.0,2003-08-25,1.8,27.1,31.7,24.7
TH000048431,"NAKHON RATCHASIMA, TH",14.967,102.083,188.0,2003-08-26,0.0,27.7,31.7,24.5
TH000048431,"NAKHON RATCHASIMA, TH",14.967,102.083,188.0,2003-08-27,0.0,28.6,33.8,24.9
TH000048431,"NAKHON RATCHASIMA, TH",14.967,102.083,188.0,2003-08-28,0.0,29.2,34.4,24.2
TH000048431,"NAKHON RATCHASIMA, TH",14.967,102.083,188.0,2003-08-29,0.0,30.2,35.8,24.3
TH000048431,"NAKHON RATCHASIMA, TH",14.967,102.083,188.0,2003-08-30,81.0,26.6,33.6,
TH000048431,"NAKHON RATCHASIMA, TH",14.967,102.083,188.0,2003-08-31,9.9,27.1,32.6,23.6
TH000048431,"NAKHON RATCHASIMA, TH",14.967,102.083,188.0,2003-09-01,0.3,28.2,33.4,24.2
TH000048431,"NAKHON RATCHASIMA, TH",14.967,102.083,188.0,2003-09-02,0.0,28.8,33.4,23.8
TH000048431,"NAKHON RATCHASIMA, TH",14.967,102.083,188.0,2003-09-03,1.8,27.3,31.0,
TH000048431,"NAKHON RATCHASIMA, TH",14.967,102.083,188.0,2003-09-04,1.0,28.0,33.6,24.4
TH000048431,"NAKHON RATCHASIMA, TH",14.967,102.083,188.0,2003-09-05,1.3,28.4,33.6,
TH000048431,"NAKHON RATCHASIMA, TH",14.967,102.083,188.0,2003-09-06,12.7,27.3,32.0,23.9
TH000048431,"NAKHON RATCHASIMA, TH",14.967,102.083,188.0,2003-09-07,0.0,26.7,30.2,23.8
TH000048431,"NAKHON RATCHASIMA, TH",14.967,102.083,188.0,2003-09-08,0.0,29.0,33.7,24.1
TH000048431,"NAKHON RATCHASIMA, TH",14.967,102.083,188.0,2003-09-09,1.5,28.5,33.5,25.9
TH000048431,"NAKHON RATCHASIMA, TH",14.967,102.083,188.0,2003-09-10,1.0,27.6,32.4,
TH000048431,"NAKHON RATCHASIMA, TH",14.967,102.083,188.0,2003-09-11,0.0,27.8,31.7,24.5
TH000048431,"NAKHON RATCHASIMA, TH",14.967,102.083,188.0,2003-09-12,14.0,26.1,30.6,
TH000048431,"NAKHON RATCHASIMA, TH",14.967,102.083,188.0,2003-09-13,0.5,25.9,28.7,24.0
TH000048431,"NAKHON RATCHASIMA, TH",14.967,102.083,188.0,2003-09-14,0.5,25.8,28.7,23.8
TH000048431,"NAKHON RATCHASIMA, TH",14.967,102.083,188.0,2003-09-15,2.3,27.0,32.2,23.6
TH000048431,"NAKHON RATCHASIMA, TH",14.967,102.083,188.0,2003-09-16,5.1,27.5,33.7,23.7
TH000048431,"NAKHON RATCHASIMA, TH",14.967,102.083,188.0,2003-09-17,5.6,27.2,33.7,24.7
TH000048431,"NAKHON RATCHASIMA, TH",14.967,102.083,188.0,2003-09-18,13.2,26.2,33.3,
TH000048431,"NAKHON RATCHASIMA, TH",14.967,102.083,188.0,2003-09-19,7.1,27.5,33.8,23.6
TH000048431,"NAKHON RATCHASIMA, TH",14.967,102.083,188.0,2003-09-20,0.3,28.4,32.2,23.6
TH000048431,"NAKHON RATCHASIMA, TH",14.967,102.083,188.0,2003-09-21,0.0,27.6,32.7,24.0
TH000048431,"NAKHON RATCHASIMA, TH",14.967,102.083,188.0,2003-09-22,39.1,27.1,31.5,24.5
TH000048431,"NAKHON RATCHASIMA, TH",14.967,102.083,188.0,2003-09-23,0.8,26.6,31.8,
TH000048431,"NAKHON RATCHASIMA, TH",14.967,102.083,188.0,2003-09-24,9.4,26.6,31.7,23.8
TH000048431,"NAKHON RATCHASIMA, TH",14.967,102.083,188.0,2003-09-25,1.3,28.1,32.3,23.8
TH000048431,"NAKHON RATCHASIMA, TH",14.967,102.083,188.0,2003-09-26,2.5,26.9,32.2,
TH000048431,"NAKHON RATCHASIMA, TH",14.967,102.083,188.0,2003-09-27,2.5,26.9,31.4,24.1
TH000048431,"NAKHON RATCHASIMA, TH",14.967,102.083,188.0,2003-09-28,0.0,28.0,32.2,23.7
TH000048431,"NAKHON RATCHASIMA, TH",14.967,102.083,188.0,2003-09-29,19.3,27.2,33.8,
TH000048431,"NAKHON RATCHASIMA, TH",14.967,102.083,188.0,2003-09-30,7.1,27.6,31.5,23.2
TH000048431,"NAKHON RATCHASIMA, TH",14.967,102.083,188.0,2003-10-01,11.2,26.2,31.6,
TH000048431,"NAKHON RATCHASIMA, TH",14.967,102.083,188.0,2003-10-02,2.8,27.1,31.0,23.8
TH000048431,"NAKHON RATCHASIMA, TH",14.967,102.083,188.0,2003-10-03,0.0,27.9,31.7,24.1
TH000048431,"NAKHON RATCHASIMA, TH",14.967,102.083,188.0,2003-10-04,13.5,25.8,29.0,
TH000048431,"NAKHON RATCHASIMA, TH",14.967,102.083,188.0,2003-10-05,5.8,28.1,31.8,24.1
TH000048431,"NAKHON RATCHASIMA, TH",14.967,102.083,188.0,2003-10-06,0.0,28.0,31.2,24.7
TH000048431,"NAKHON RATCHASIMA, TH",14.967,102.083,188.0,2003-10-07,0.0,28.3,32.5,25.4
TH000048431,"NAKHON RATCHASIMA, TH",14.967,102.083,188.0,2003-10-08,0.0,28.1,33.8,
TH000048431,"NAKHON RATCHASIMA, TH",14.967,102.083,188.0,2003-10-09,0.0,29.3,34.5,24.8
TH000048431,"NAKHON RATCHASIMA, TH",14.967,102.083,188.0,2003-10-10,0.5,28.6,34.2,24.6
TH000048431,"NAKHON RATCHASIMA, TH",14.967,102.083,188.0,2003-10-11,1.8,28.8,35.1,24.3
TH000048431,"NAKHON RATCHASIMA, TH",14.967,102.083,188.0,2003-10-12,1.5,27.9,34.1,
TH000048431,"NAKHON RATCHASIMA, TH",14.967,102.083,188.0,2003-10-13,0.0,27.7,34.1,
TH000048431,"NAKHON RATCHASIMA, TH",14.967,102.083,188.0,2003-10-14,28.2,25.3,30.0,21.8
TH000048431,"NAKHON RATCHASIMA, TH",14.967,102.083,188.0,2003-10-15,56.9,25.4,29.9,21.9
TH000048431,"NAKHON RATCHASIMA, TH",14.967,102.083,188.0,2003-10-16,0.0,25.2,29.3,22.6
TH000048431,"NAKHON RATCHASIMA, TH",14.967,102.083,188.0,2003-10-17,0.0,27.1,30.4,23.4
TH000048431,"NAKHON RATCHASIMA, TH",14.967,102.083,188.0,2003-10-18,0.0,27.1,31.1,
TH000048431,"NAKHON RATCHASIMA, TH",14.967,102.083,188.0,2003-10-19,0.0,27.2,31.1,22.7
TH000048431,"NAKHON RATCHASIMA, TH",14.967,102.083,188.0,2003-10-20,0.0,27.1,30.9,22.8
TH000048431,"NAKHON RATCHASIMA, TH",14.967,102.083,188.0,2003-10-21,0.0,26.9,31.3,22.6
TH000048431,"NAKHON RATCHASIMA, TH",14.967,102.083,188.0,2003-10-22,0.0,27.4,31.0,22.7
TH000048431,"NAKHON RATCHASIMA, TH",14.967,102.083,188.0,2003-10-23,0.0,26.9,30.9,23.3
TH000048431,"NAKHON RATCHASIMA, TH",14.967,102.083,188.0,2003-10-24,0.0,27.3,31.6,23.8
TH000048431,"NAKHON RATCHASIMA, TH",14.967,102.083,188.0,2003-10-25,0.0,27.8,32.3,24.4
TH000048431,"NAKHON RATCHASIMA, TH",14.967,102.083,188.0,2003-10-26,0.0,27.3,32.2,24.0
TH000048431,"NAKHON RATCHASIMA, TH",14.967,102.083,188.0,2003-10-27,0.0,26.9,31.0,23.0
TH000048431,"NAKHON RATCHASIMA, TH",14.967,102.083,188.0,2003-10-28,0.0,27.2,31.4,22.5
TH000048431,"NAKHON RATCHASIMA, TH",14.967,102.083,188.0,2003-10-29,0.0,26.9,32.1,22.1
TH000048431,"NAKHON RATCHASIMA, TH",14.967,102.083,188.0,2003-10-30,0.0,26.9,31.5,21.5
TH000048431,"NAKHON RATCHASIMA, TH",14.967,102.083,188.0,2003-10-31,0.0,26.3,31.4,22.2
TH000048431,"NAKHON RATCHASIMA, TH",14.967,102.083,188.0,2003-11-01,0.0,26.4,31.9,21.0
TH000048431,"NAKHON RATCHASIMA, TH",14.967,102.083,188.0,2003-11-02,0.0,26.6,32.6,20.7
TH000048431,"NAKHON RATCHASIMA, TH",14.967,102.083,188.0,2003-11-03,0.0,26.3,32.9,20.6
TH000048431,"NAKHON RATCHASIMA, TH",14.967,102.083,188.0,2003-11-04,0.0,26.4,33.1,20.2
TH000048431,"NAKHON RATCHASIMA, TH",14.967,102.083,188.0,2003-11-05,0.0,27.4,33.7,20.4
TH000048431,"NAKHON RATCHASIMA, TH",14.967,102.083,188.0,2003-11-06,0.0,27.1,33.8,20.6
TH000048431,"NAKHON RATCHASIMA, TH",14.967,102.083,188.0,2003-11-07,0.0,26.8,34.0,20.2
TH000048431,"NAKHON RATCHASIMA, TH",14.967,102.083,188.0,2003-11-08,0.0,27.2,34.2,20.3
TH000048431,"NAKHON RATCHASIMA, TH",14.967,102.083,188.0,2003-11-09,0.0,27.4,34.5,20.2
TH000048431,"NAKHON RATCHASIMA, TH",14.967,102.083,188.0,2003-11-10,0.0,27.8,34.0,21.1
TH000048431,"NAKHON RATCHASIMA, TH",14.967,102.083,188.0,2003-11-11,0.0,27.3,31.8,
TH000048431,"NAKHON RATCHASIMA, TH",14.967,102.083,188.0,2003-11-12,0.0,25.6,31.7,
TH000048431,"NAKHON RATCHASIMA, TH",14.967,102.083,188.0,2003-11-13,0.0,23.6,27.8,19.9
TH000048431,"NAKHON RATCHASIMA, TH",14.967,102.083,188.0,2003-11-14,0.0,27.6,32.6,21.5
TH000048431,"NAKHON RATCHASIMA, TH",14.967,102.083,188.0,2003-11-15,0.0,27.2,32.6,22.8
TH000048431,"NAKHON RATCHASIMA, TH",14.967,102.083,188.0,2003-11-16,0.0,27.2,32.7,22.8
TH000048431,"NAKHON RATCHASIMA, TH",14.967,102.083,188.0,2003-11-17,0.0,26.3,32.3,
TH000048431,"NAKHON RATCHASIMA, TH",14.967,102.083,188.0,2003-11-18,0.0,26.3,33.0,20.9
TH000048431,"NAKHON RATCHASIMA, TH",14.967,102.083,188.0,2003-11-19,0.0,27.8,34.3,20.7
TH000048431,"NAKHON RATCHASIMA, TH",14.967,102.083,188.0,2003-11-20,0.0,28.9,35.3,22.5
TH000048431,"NAKHON RATCHASIMA, TH",14.967,102.083,188.0,2003-11-21,0.0,28.4,34.8,
TH000048431,"NAKHON RATCHASIMA, TH",14.967,102.083,188.0,2003-11-22,0.0,27.1,33.8,
TH000048431,"NAKHON RATCHASIMA, TH",14.967,102.083,188.0,2003-11-23,0.0,26.5,31.1,20.2
TH000048431,"NAKHON RATCHASIMA, TH",14.967,102.083,188.0,2003-11-24,0.0,27.3,32.4,21.8
TH000048431,"NAKHON RATCHASIMA, TH",14.967,102.083,188.0,2003-11-25,0.0,27.2,31.8,23.0
TH000048431,"NAKHON RATCHASIMA, TH",14.967,102.083,188.0,2003-11-26,,26.9,30.0,22.2
TH000048431,"NAKHON RATCHASIMA, TH",14.967,102.083,188.0,2003-11-27,0.0,26.2,32.2,21.2
TH000048431,"NAKHON RATCHASIMA, TH",14.967,102.083,188.0,2003-11-28,0.0,24.8,30.4,19.8
TH000048431,"NAKHON RATCHASIMA, TH",14.967,102.083,188.0,2003-11-29,0.0,24.5,30.2,
TH000048431,"NAKHON RATCHASIMA, TH",14.967,102.083,188.0,2003-11-30,0.0,23.0,29.1,18.2
TH000048431,"NAKHON RATCHASIMA, TH",14.967,102.083,188.0,2003-12-01,0.0,23.1,30.1,16.2
TH000048431,"NAKHON RATCHASIMA, TH",14.967,102.083,188.0,2003-12-02,0.0,23.9,29.9,17.5
TH000048431,"NAKHON RATCHASIMA, TH",14.967,102.083,188.0,2003-12-03,0.0,23.8,30.3,
TH000048431,"NAKHON RATCHASIMA, TH",14.967,102.083,188.0,2003-12-04,0.0,23.7,30.4,16.3
TH000048431,"NAKHON RATCHASIMA, TH",14.967,102.083,188.0,2003-12-05,0.0,25.5,31.4,20.1
TH000048431,"NAKHON RATCHASIMA, TH",14.967,102.083,188.0,2003-12-06,0.0,26.6,31.3,19.8
TH000048431,"NAKHON RATCHASIMA, TH",14.967,102.083,188.0,2003-12-07,0.0,25.8,32.0,20.8
TH000048431,"NAKHON RATCHASIMA, TH",14.967,102.083,188.0,2003-12-08,0.0,26.4,31.5,20.6
TH000048431,"NAKHON RATCHASIMA, TH",14.967,102.083,188.0,2003-12-09,0.0,26.1,31.0,21.3
TH000048431,"NAKHON RATCHASIMA, TH",14.967,102.083,188.0,2003-12-10,0.0,26.6,31.3,21.3
TH000048431,"NAKHON RATCHASIMA, TH",14.967,102.083,188.0,2003-12-11,0.0,25.9,30.8,
TH000048431,"NAKHON RATCHASIMA, TH",14.967,102.083,188.0,2003-12-12,0.0,24.7,30.1,19.1
TH000048431,"NAKHON RATCHASIMA, TH",14.967,102.083,188.0,2003-12-13,0.0,22.3,29.1,
TH000048431,"NAKHON RATCHASIMA, TH",14.967,102.083,188.0,2003-12-14,0.0,21.8,28.1,16.1
TH000048431,"NAKHON RATCHASIMA, TH",14.967,102.083,188.0,2003-12-15,0.0,21.2,27.2,16.5
TH000048431,"NAKHON RATCHASIMA, TH",14.967,102.083,188.0,2003-12-16,0.0,22.3,27.7,14.7
TH000048431,"NAKHON RATCHASIMA, TH",14.967,102.083,188.0,2003-12-17,0.0,22.8,28.5,17.5
TH000048431,"NAKHON RATCHASIMA, TH",14.967,102.083,188.0,2003-12-18,0.0,24.9,30.3,19.2
TH000048431,"NAKHON RATCHASIMA, TH",14.967,102.083,188.0,2003-12-19,0.0,21.8,27.7,
TH000048431,"NAKHON RATCHASIMA, TH",14.967,102.083,188.0,2003-12-20,0.0,18.9,24.7,15.0
TH000048431,"NAKHON RATCHASIMA, TH",14.967,102.083,188.0,2003-12-21,0.0,19.9,25.8,14.7
TH000048431,"NAKHON RATCHASIMA, TH",14.967,102.083,188.0,2003-12-22,0.0,21.4,27.8,15.3
TH000048431,"NAKHON RATCHASIMA, TH",14.967,102.083,188.0,2003-12-23,0.0,22.2,29.8,15.6
TH000048431,"NAKHON RATCHASIMA, TH",14.967,102.083,188.0,2003-12-24,0.0,23.3,31.2,15.6
TH000048431,"NAKHON RATCHASIMA, TH",14.967,102.083,188.0,2003-12-25,0.0,25.2,32.7,16.4
TH000048431,"NAKHON RATCHASIMA, TH",14.967,102.083,188.0,2003-12-26,0.0,24.5,31.0,17.7
TH000048431,"NAKHON RATCHASIMA, TH",14.967,102.083,188.0,2003-12-27,0.0,22.5,28.7,17.9
TH000048431,"NAKHON RATCHASIMA, TH",14.967,102.083,188.0,2003-12-28,0.0,22.5,28.6,16.1
TH000048431,"NAKHON RATCHASIMA, TH",14.967,102.083,188.0,2003-12-29,0.0,23.0,29.4,17.2
TH000048431,"NAKHON RATCHASIMA, TH",14.967,102.083,188.0,2003-12-30,0.0,23.4,31.2,16.7
TH000048431,"NAKHON RATCHASIMA, TH",14.967,102.083,188.0,2003-12-31,0.0,23.8,31.1,16.8
TH000048431,"NAKHON RATCHASIMA, TH",14.967,102.083,188.0,2004-01-01,0.0,23.4,31.2,16.1
TH000048431,"NAKHON RATCHASIMA, TH",14.967,102.083,188.0,2004-01-02,0.0,24.1,31.3,16.0
TH000048431,"NAKHON RATCHASIMA, TH",14.967,102.083,188.0,2004-01-03,0.0,23.8,31.7,16.4
TH000048431,"NAKHON RATCHASIMA, TH",14.967,102.083,188.0,2004-01-04,0.0,24.9,32.3,16.6
TH000048431,"NAKHON RATCHASIMA, TH",14.967,102.083,188.0,2004-01-05,0.0,24.5,31.8,17.3
TH000048431,"NAKHON RATCHASIMA, TH",14.967,102.083,188.0,2004-01-06,0.0,23.9,31.5,16.3
TH000048431,"NAKHON RATCHASIMA, TH",14.967,102.083,188.0,2004-01-07,0.0,23.3,30.6,16.0
TH000048431,"NAKHON RATCHASIMA, TH",14.967,102.083,188.0,2004-01-08,0.0,24.3,31.4,16.3
TH000048431,"NAKHON RATCHASIMA, TH",14.967,102.083,188.0,2004-01-09,0.0,24.2,30.0,20.8
TH000048431,"NAKHON RATCHASIMA, TH",14.967,102.083,188.0,2004-01-10,0.0,26.3,32.3,20.2
TH000048431,"NAKHON RATCHASIMA, TH",14.967,102.083,188.0,2004-01-11,0.0,27.3,31.8,21.8
TH000048431,"NAKHON RATCHASIMA, TH",14.967,102.083,188.0,2004-01-12,0.0,25.2,29.3,21.7
TH000048431,"NAKHON RATCHASIMA, TH",14.967,102.083,188.0,2004-01-13,0.0,25.0,29.3,21.5
TH000048431,"NAKHON RATCHASIMA, TH",14.967,102.083,188.0,2004-01-14,0.0,27.2,32.4,
TH000048431,"NAKHON RATCHASIMA, TH",14.967,102.083,188.0,2004-01-15,0.0,26.8,32.6,21.3
TH000048431,"NAKHON RATCHASIMA, TH",14.967,102.083,188.0,2004-01-16,1.3,26.1,32.6,21.8
TH000048431,"NAKHON RATCHASIMA, TH",14.967,102.083,188.0,2004-01-17,0.0,26.8,32.5,21.2
TH000048431,"NAKHON RATCHASIMA, TH",14.967,102.083,188.0,2004-01-18,0.0,27.6,33.8,22.0
TH000048431,"NAKHON RATCHASIMA, TH",14.967,102.083,188.0,2004-01-19,0.0,26.9,32.2,21.4
TH000048431,"NAKHON RATCHASIMA, TH",14.967,102.083,188.0,2004-01-20,0.0,27.3,33.5,21.5
TH000048431,"NAKHON RATCHASIMA, TH",14.967,102.083,188.0,2004-01-21,0.0,23.9,29.1,
TH000048431,"NAKHON RATCHASIMA, TH",14.967,102.083,188.0,2004-01-22,0.0,21.7,26.7,17.8
TH000048431,"NAKHON RATCHASIMA, TH",14.967,102.083,188.0,2004-01-23,0.0,23.5,29.3,17.3
TH000048431,"NAKHON RATCHASIMA, TH",14.967,102.083,188.0,2004-01-24,0.0,20.4,26.3,
TH000048431,"NAKHON RATCHASIMA, TH",14.967,102.083,188.0,2004-01-25,0.0,19.5,25.6,13.4
TH000048431,"NAKHON RATCHASIMA, TH",14.967,102.083,188.0,2004-01-26,0.0,21.7,28.4,14.7
TH000048431,"NAKHON RATCHASIMA, TH",14.967,102.083,188.0,2004-01-27,0.0,23.8,30.7,15.3
TH000048431,"NAKHON RATCHASIMA, TH",14.967,102.083,188.0,2004-01-28,0.0,24.1,31.0,17.1
TH000048431,"NAKHON RATCHASIMA, TH",14.967,102.083,188.0,2004-01-29,0.0,26.8,33.5,18.6
TH000048431,"NAKHON RATCHASIMA, TH",14.967,102.083,188.0,2004-01-30,0.0,28.2,34.7,20.7
TH000048431,"NAKHON RATCHASIMA, TH",14.967,102.083,188.0,2004-01-31,23.1,27.6,34.6,
TH000048431,"NAKHON RATCHASIMA, TH",14.967,102.083,188.0,2004-02-01,0.0,26.9,32.6,23.5
TH000048431,"NAKHON RATCHASIMA, TH",14.967,102.083,188.0,2004-02-02,0.0,28.5,34.7,23.2
TH000048431,"NAKHON RATCHASIMA, TH",14.967,102.083,188.0,2004-02-03,0.0,28.7,36.3,23.3
TH000048431,"NAKHON RATCHASIMA, TH",14.967,102.083,188.0,2004-02-04,0.0,28.7,36.3,24.0
TH000048431,"NAKHON RATCHASIMA, TH",14.967,102.083,188.0,2004-02-05,2.0,21.9,,
TH000048431,"NAKHON RATCHASIMA, TH",14.967,102.083,188.0,2004-02-06,0.0,18.7,22.2,16.2
TH000048431,"NAKHON RATCHASIMA, TH",14.967,102.083,188.0,2004-02-07,1.3,20.5,25.1,16.8
TH000048431,"NAKHON RATCHASIMA, TH",14.967,102.083,188.0,2004-02-08,30.0,16.7,23.0,
TH000048431,"NAKHON RATCHASIMA, TH",14.967,102.083,188.0,2004-02-09,0.5,19.5,,14.2
TH000048431,"NAKHON RATCHASIMA, TH",14.967,102.083,188.0,2004-02-10,0.0,20.5,26.8,14.5
TH000048431,"NAKHON RATCHASIMA, TH",14.967,102.083,188.0,2004-02-11,0.0,22.1,29.3,14.6
TH000048431,"NAKHON RATCHASIMA, TH",14.967,102.083,188.0,2004-02-12,0.0,23.4,29.9,15.5
TH000048431,"NAKHON RATCHASIMA, TH",14.967,102.083,188.0,2004-02-13,0.0,22.2,32.8,17.4
TH000048431,"NAKHON RATCHASIMA, TH",14.967,102.083,188.0,2004-02-14,0.0,21.3,28.0,15.2
TH000048431,"NAKHON RATCHASIMA, TH",14.967,102.083,188.0,2004-02-15,0.0,22.5,30.0,14.4
TH000048431,"NAKHON RATCHASIMA, TH",14.967,102.083,188.0,2004-02-16,0.0,24.1,32.6,15.6
TH000048431,"NAKHON RATCHASIMA, TH",14.967,102.083,188.0,2004-02-17,0.0,23.7,30.4,17.4
TH000048431,"NAKHON RATCHASIMA, TH",14.967,102.083,188.0,2004-02-18,0.0,24.5,31.6,17.7
TH000048431,"NAKHON RATCHASIMA, TH",14.967,102.083,188.0,2004-02-19,0.0,26.3,32.5,18.4
TH000048431,"NAKHON RATCHASIMA, TH",14.967,102.083,188.0,2004-02-20,0.0,27.4,34.2,20.3
TH000048431,"NAKHON RATCHASIMA, TH",14.967,102.083,188.0,2004-02-21,0.0,28.4,34.9,22.4
TH000048431,"NAKHON RATCHASIMA, TH",14.967,102.083,188.0,2004-02-22,0.0,28.9,35.3,23.1
TH000048431,"NAKHON RATCHASIMA, TH",14.967,102.083,188.0,2004-02-23,0.0,28.4,34.8,23.1
TH000048431,"NAKHON RATCHASIMA, TH",14.967,102.083,188.0,2004-02-24,0.0,28.4,35.5,22.1
TH000048431,"NAKHON RATCHASIMA, TH",14.967,102.083,188.0,2004-02-25,0.0,27.7,,21.3
TH000048431,"NAKHON RATCHASIMA, TH",14.967,102.083,188.0,2004-02-26,0.0,27.9,35.6,19.8
TH000048431,"NAKHON RATCHASIMA, TH",14.967,102.083,188.0,2004-02-27,0.0,28.8,36.1,21.7
TH000048431,"NAKHON RATCHASIMA, TH",14.967,102.083,188.0,2004-02-28,0.0,28.2,37.1,20.9
TH000048431,"NAKHON RATCHASIMA, TH",14.967,102.083,188.0,2004-02-29,0.0,28.8,37.5,20.5
TH000048431,"NAKHON RATCHASIMA, TH",14.967,102.083,188.0,2004-03-01,0.0,28.9,37.3,20.2
TH000048431,"NAKHON RATCHASIMA, TH",14.967,102.083,188.0,2004-03-02,0.0,30.6,38.2,
TH000048431,"NAKHON RATCHASIMA, TH",14.967,102.083,188.0,2004-03-03,0.0,29.6,38.5,19.8
TH000048431,"NAKHON RATCHASIMA, TH",14.967,102.083,188.0,2004-03-04,0.0,26.0,31.8,20.2
TH000048431,"NAKHON RATCHASIMA, TH",14.967,102.083,188.0,2004-03-05,0.0,28.7,34.2,23.2
TH000048431,"NAKHON RATCHASIMA, TH",14.967,102.083,188.0,2004-03-06,0.0,28.0,32.4,
TH000048431,"NAKHON RATCHASIMA, TH",14.967,102.083,188.0,2004-03-07,0.0,25.4,31.2,20.7
TH000048431,"NAKHON RATCHASIMA, TH",14.967,102.083,188.0,2004-03-08,0.0,25.3,31.3,19.8
TH000048431,"NAKHON RATCHASIMA, TH",14.967,102.083,188.0,2004-03-09,0.0,24.1,30.0,19.2
TH000048431,"NAKHON RATCHASIMA, TH",14.967,102.083,188.0,2004-03-10,0.0,28.1,36.0,18.7
TH000048431,"NAKHON RATCHASIMA, TH",14.967,102.083,188.0,2004-03-11,0.0,31.2,38.3,22.0
TH000048431,"NAKHON RATCHASIMA, TH",14.967,102.083,188.0,2004-03-12,0.0,30.7,37.8,25.1
TH000048431,"NAKHON RATCHASIMA, TH",14.967,102.083,188.0,2004-03-13,0.0,32.0,39.1,25.3
TH000048431,"NAKHON RATCHASIMA, TH",14.967,102.083,188.0,2004-03-14,0.0,32.8,38.7,
TH000048431,"NAKHON RATCHASIMA, TH",14.967,102.083,188.0,2004-03-15,0.0,29.9,,
TH000048431,"NAKHON RATCHASIMA, TH",14.967,102.083,188.0,2004-03-16,0.0,30.4,37.5,24.0
TH000048431,"NAKHON RATCHASIMA, TH",14.967,102.083,188.0,2004-03-17,0.0,31.1,38.5,23.8
TH000048431,"NAKHON RATCHASIMA, TH",14.967,102.083,188.0,2004-03-18,0.0,31.7,38.6,24.6
TH000048431,"NAKHON RATCHASIMA, TH",14.967,102.083,188.0,2004-03-19,0.0,29.6,34.2,26.1
TH000048431,"NAKHON RATCHASIMA, TH",14.967,102.083,188.0,2004-03-20,0.0,29.5,35.6,25.7
TH000048431,"NAKHON RATCHASIMA, TH",14.967,102.083,188.0,2004-03-21,0.0,29.9,37.5,24.8
TH000048431,"NAKHON RATCHASIMA, TH",14.967,102.083,188.0,2004-03-22,0.0,30.1,36.8,23.8
TH000048431,"NAKHON RATCHASIMA, TH",14.967,102.083,188.0,2004-03-23,0.0,30.0,38.0,25.1
TH000048431,"NAKHON RATCHASIMA, TH",14.967,102.083,188.0,2004-03-24,0.0,31.4,39.5,24.3
TH000048431,"NAKHON RATCHASIMA, TH",14.967,102.083,188.0,2004-03-25,0.0,31.2,39.2,22.8
TH000048431,"NAKHON RATCHASIMA, TH",14.967,102.083,188.0,2004-03-26,0.0,32.4,39.7,23.7
TH000048431,"NAKHON RATCHASIMA, TH",14.967,102.083,188.0,2004-03-27,0.0,32.1,40.3,24.3
TH000048431,"NAKHON RATCHASIMA, TH",14.967,102.083,188.0,2004-03-28,0.0,32.7,40.2,24.5
TH000048431,"NAKHON RATCHASIMA, TH",14.967,102.083,188.0,2004-03-29,0.0,33.2,40.8,25.8
TH000048431,"NAKHON RATCHASIMA, TH",14.967,102.083,188.0,2004-03-30,1.3,31.9,39.5,26.5
TH000048431,"NAKHON RATCHASIMA, TH",14.967,102.083,188.0,2004-03-31,0.0,31.9,39.7,24.5
TH000048431,"NAKHON RATCHASIMA, TH",14.967,102.083,188.0,2004-04-01,3.0,31.1,39.3,
TH000048431,"NAKHON RATCHASIMA, TH",14.967,102.083,188.0,2004-04-02,0.0,30.1,35.2,24.8
TH000048431,"NAKHON RATCHASIMA, TH",14.967,102.083,188.0,2004-04-03,5.6,27.9,37.6,
TH000048431,"NAKHON RATCHASIMA, TH",14.967,102.083,188.0,2004-04-04,1.0,28.0,33.2,23.4
TH000048431,"NAKHON RATCHASIMA, TH",14.967,102.083,188.0,2004-04-05,0.5,29.2,35.9,24.5
TH000048431,"NAKHON RATCHASIMA, TH",14.967,102.083,188.0,2004-04-06,0.0,30.6,37.1,23.9
TH000048431,"NAKHON RATCHASIMA, TH",14.967,102.083,188.0,2004-04-07,0.0,30.8,38.7,24.6
TH000048431,"NAKHON RATCHASIMA, TH",14.967,102.083,188.0,2004-04-08,0.0,31.0,38.4,24.7
TH000048431,"NAKHON RATCHASIMA, TH",14.967,102.083,188.0,2004-04-09,5.1,27.1,33.9,23.6
TH000048431,"NAKHON RATCHASIMA, TH",14.967,102.083,188.0,2004-04-10,0.0,28.9,36.6,23.9
TH000048431,"NAKHON RATCHASIMA, TH",14.967,102.083,188.0,2004-04-11,0.0,30.3,37.6,24.7
TH000048431,"NAKHON RATCHASIMA, TH",14.967,102.083,188.0,2004-04-12,0.0,31.7,38.7,23.8
TH000048431,"NAKHON RATCHASIMA, TH",14.967,102.083,188.0,2004-04-13,0.0,32.3,39.7,25.2
TH000048431,"NAKHON RATCHASIMA, TH",14.967,102.083,188.0,2004-04-14,0.0,31.1,39.1,
TH000048431,"NAKHON RATCHASIMA, TH",14.967,102.083,188.0,2004-04-15,0.0,32.8,40.6,23.6
TH000048431,"NAKHON RATCHASIMA, TH",14.967,102.083,188.0,2004-04-16,0.0,32.1,40.0,25.8
TH000048431,"NAKHON RATCHASIMA, TH",14.967,102.083,188.0,2004-04-17,0.0,34.2,41.3,
TH000048431,"NAKHON RATCHASIMA, TH",14.967,102.083,188.0,2004-04-18,0.0,32.8,40.6,25.1
TH000048431,"NAKHON RATCHASIMA, TH",14.967,102.083,188.0,2004-04-19,0.0,29.7,37.7,25.6
TH000048431,"NAKHON RATCHASIMA, TH",14.967,102.083,188.0,2004-04-20,4.3,29.8,38.4,
TH000048431,"NAKHON RATCHASIMA, TH",14.967,102.083,188.0,2004-04-21,4.3,30.1,36.8,23.6
TH000048431,"NAKHON RATCHASIMA, TH",14.967,102.083,188.0,2004-04-22,0.0,30.8,37.8,25.1
TH000048431,"NAKHON RATCHASIMA, TH",14.967,102.083,188.0,2004-04-23,0.0,31.8,38.3,25.8
TH000048431,"NAKHON RATCHASIMA, TH",14.967,102.083,188.0,2004-04-24,,31.8,39.9,
TH000048431,"NAKHON RATCHASIMA, TH",14.967,102.083,188.0,2004-04-25,2.3,29.9,36.2,22.7
TH000048431,"NAKHON RATCHASIMA, TH",14.967,102.083,188.0,2004-04-26,0.0,31.1,37.6,25.7
TH000048431,"NAKHON RATCHASIMA, TH",14.967,102.083,188.0,2004-04-27,0.0,31.5,38.4,
TH000048431,"NAKHON RATCHASIMA, TH",14.967,102.083,188.0,2004-04-28,9.9,26.2,29.3,
TH000048431,"NAKHON RATCHASIMA, TH",14.967,102.083,188.0,2004-04-29,0.0,29.9,35.1,24.2
TH000048431,"NAKHON RATCHASIMA, TH",14.967,102.083,188.0,2004-04-30,0.0,31.2,38.6,25.2
TH000048431,"NAKHON RATCHASIMA, TH",14.967,102.083,188.0,2004-05-01,0.0,30.4,38.0,25.4
TH000048431,"NAKHON RATCHASIMA, TH",14.967,102.083,188.0,2004-05-02,0.0,30.9,38.2,
TH000048431,"NAKHON RATCHASIMA, TH",14.967,102.083,188.0,2004-05-03,0.0,30.3,,25.9
TH000048431,"NAKHON RATCHASIMA, TH",14.967,102.083,188.0,2004-05-04,0.0,29.3,36.2,25.4
TH000048431,"NAKHON RATCHASIMA, TH",14.967,102.083,188.0,2004-05-05,78.0,28.1,34.8,
TH000048431,"NAKHON RATCHASIMA, TH",14.967,102.083,188.0,2004-05-06,14.2,26.9,35.0,24.1
TH000048431,"NAKHON RATCHASIMA, TH",14.967,102.083,188.0,2004-05-07,2.5,28.2,33.5,24.1
TH000048431,"NAKHON RATCHASIMA, TH",14.967,102.083,188.0,2004-05-08,60.7,27.7,32.8,
TH000048431,"NAKHON RATCHASIMA, TH",14.967,102.083,188.0,2004-05-09,59.2,28.8,35.5,23.0
TH000048431,"NAKHON RATCHASIMA, TH",14.967,102.083,188.0,2004-05-10,1.0,29.1,35.4,25.1
TH000048431,"NAKHON RATCHASIMA, TH",14.967,102.083,188.0,2004-05-11,0.0,29.8,34.7,25.1
TH000048431,"NAKHON RATCHASIMA, TH",14.967,102.083,188.0,2004-05-12,0.0,30.0,35.3,25.6
TH000048431,"NAKHON RATCHASIMA, TH",14.967,102.083,188.0,2004-05-13,0.0,29.5,36.2,24.9
TH000048431,"NAKHON RATCHASIMA, TH",14.967,102.083,188.0,2004-05-14,4.1,29.3,36.2,24.6
TH000048431,"NAKHON RATCHASIMA, TH",14.967,102.083,188.0,2004-05-15,1.3,29.5,35.6,24.8
TH000048431,"NAKHON RATCHASIMA, TH",14.967,102.083,188.0,2004-05-16,0.0,30.1,35.2,25.4
TH000048431,"NAKHON RATCHASIMA, TH",14.967,102.083,188.0,2004-05-17,33.0,27.4,33.6,
TH000048431,"NAKHON RATCHASIMA, TH",14.967,102.083,188.0,2004-05-18,21.8,29.6,34.8,25.1
TH000048431,"NAKHON RATCHASIMA, TH",14.967,102.083,188.0,2004-05-19,0.0,30.6,36.1,25.7
TH000048431,"NAKHON RATCHASIMA, TH",14.967,102.083,188.0,2004-05-20,0.0,28.8,33.8,
TH000048431,"NAKHON RATCHASIMA, TH",14.967,102.083,188.0,2004-05-21,0.0,27.1,30.3,
TH000048431,"NAKHON RATCHASIMA, TH",14.967,102.083,188.0,2004-05-22,0.0,28.8,33.8,23.7
TH000048431,"NAKHON RATCHASIMA, TH",14.967,102.083,188.0,2004-05-23,0.0,30.3,36.1,23.7
TH000048431,"NAKHON RATCHASIMA, TH",14.967,102.083,188.0,2004-05-24,0.0,30.1,36.0,25.4
TH000048431,"NAKHON RATCHASIMA, TH",14.967,102.083,188.0,2004-05-25,0.0,29.9,34.6,25.6
TH000048431,"NAKHON RATCHASIMA, TH",14.967,102.083,188.0,2004-05-26,0.0,29.5,36.3,25.2
TH000048431,"NAKHON RATCHASIMA, TH",14.967,102.083,188.0,2004-05-27,0.0,30.3,36.5,25.9
TH000048431,"NAKHON RATCHASIMA, TH",14.967,102.083,188.0,2004-05-28,0.3,29.6,34.9,25.3
TH000048431,"NAKHON RATCHASIMA, TH",14.967,102.083,188.0,2004-05-29,0.0,30.4,37.2,26.2
TH000048431,"NAKHON RATCHASIMA, TH",14.967,102.083,188.0,2004-05-30,0.0,28.5,36.8,
TH000048431,"NAKHON RATCHASIMA, TH",14.967,102.083,188.0,2004-05-31,13.0,27.4,34.7,
TH000048431,"NAKHON RATCHASIMA, TH",14.967,102.083,188.0,2004-06-01,1.0,29.6,35.8,23.2
TH000048431,"NAKHON RATCHASIMA, TH",14.967,102.083,188.0,2004-06-02,0.3,29.0,35.2,25.4
TH000048431,"NAKHON RATCHASIMA, TH",14.967,102.083,188.0,2004-06-03,0.0,29.9,36.6,25.0
TH000048431,"NAKHON RATCHASIMA, TH",14.967,102.083,188.0,2004-06-04,1.5,28.6,36.4,25.2
TH000048431,"NAKHON RATCHASIMA, TH",14.967,102.083,188.0,2004-06-05,0.0,30.7,37.1,24.7
TH000048431,"NAKHON RATCHASIMA, TH",14.967,102.083,188.0,2004-06-06,0.0,30.9,38.2,26.0
TH000048431,"NAKHON RATCHASIMA, TH",14.967,102.083,188.0,2004-06-07,24.9,27.4,33.6,
TH000048431,"NAKHON RATCHASIMA, TH",14.967,102.083,188.0,2004-06-08,0.5,28.6,33.2,24.4
TH000048431,"NAKHON RATCHASIMA, TH",14.967,102.083,188.0,2004-06-09,1.5,27.3,32.2,
TH000048431,"NAKHON RATCHASIMA, TH",14.967,102.083,188.0,2004-06-10,14.5,27.7,32.3,24.2
TH000048431,"NAKHON RATCHASIMA, TH",14.967,102.083,188.0,2004-06-11,7.6,27.3,32.7,24.2
TH000048431,"NAKHON RATCHASIMA, TH",14.967,102.083,188.0,2004-06-12,8.4,28.2,32.8,24.2
TH000048431,"NAKHON RATCHASIMA, TH",14.967,102.083,188.0,2004-06-13,31.0,26.4,32.7,
TH000048431,"NAKHON RATCHASIMA, TH",14.967,102.083,188.0,2004-06-14,55.1,25.7,33.1,23.5
TH000048431,"NAKHON RATCHASIMA, TH",14.967,102.083,188.0,2004-06-15,0.0,26.9,30.3,24.4
TH000048431,"NAKHON RATCHASIMA, TH",14.967,102.083,188.0,2004-06-16,14.2,26.2,32.2,
TH000048431,"NAKHON RATCHASIMA, TH",14.967,102.083,188.0,2004-06-17,0.0,26.7,31.3,23.7
TH000048431,"NAKHON RATCHASIMA, TH",14.967,102.083,188.0,2004-06-18,7.9,27.0,32.0,24.0
TH000048431,"NAKHON RATCHASIMA, TH",14.967,102.083,188.0,2004-06-19,0.0,28.1,33.4,23.9
TH000048431,"NAKHON RATCHASIMA, TH",14.967,102.083,188.0,2004-06-20,0.0,28.5,32.7,25.2
TH000048431,"NAKHON RATCHASIMA, TH",14.967,102.083,188.0,2004-06-21,0.0,29.8,34.6,25.4
TH000048431,"NAKHON RATCHASIMA, TH",14.967,102.083,188.0,2004-06-22,4.1,27.8,33.5,25.2
TH000048431,"NAKHON RATCHASIMA, TH",14.967,102.083,188.0,2004-06-23,0.0,28.9,33.2,24.0
TH000048431,"NAKHON RATCHASIMA, TH",14.967,102.083,188.0,2004-06-24,0.0,28.9,33.5,
TH000048431,"NAKHON RATCHASIMA, TH",14.967,102.083,188.0,2004-06-25,0.0,29.1,,24.5
TH000048431,"NAKHON RATCHASIMA, TH",14.967,102.083,188.0,2004-06-26,0.0,29.9,34.4,24.7
TH000048431,"NAKHON RATCHASIMA, TH",14.967,102.083,188.0,2004-06-27,0.0,28.9,34.2,
TH000048431,"NAKHON RATCHASIMA, TH",14.967,102.083,188.0,2004-06-28,4.3,28.2,32.8,24.1
TH000048431,"NAKHON RATCHASIMA, TH",14.967,102.083,188.0,2004-06-29,0.0,29.4,33.7,24.4
TH000048431,"NAKHON RATCHASIMA, TH",14.967,102.083,188.0,2004-06-30,0.0,30.4,35.6,24.9
TH000048431,"NAKHON RATCHASIMA, TH",14.967,102.083,188.0,2004-07-01,0.0,30.7,36.1,26.4
TH000048431,"NAKHON RATCHASIMA, TH",14.967,102.083,188.0,2004-07-02,0.0,29.1,,26.0
TH000048431,"NAKHON RATCHASIMA, TH",14.967,102.083,188.0,2004-07-03,5.1,30.2,36.4,26.3
TH000048431,"NAKHON RATCHASIMA, TH",14.967,102.083,188.0,2004-07-04,0.5,31.2,36.4,26.3
TH000048431,"NAKHON RATCHASIMA, TH",14.967,102.083,188.0,2004-07-05,0.5,28.4,35.1,
TH000048431,"NAKHON RATCHASIMA, TH",14.967,102.083,188.0,2004-07-06,2.5,28.4,34.7,25.0
TH000048431,"NAKHON RATCHASIMA, TH",14.967,102.083,188.0,2004-07-07,2.0,28.1,35.9,
TH000048431,"NAKHON RATCHASIMA, TH",14.967,102.083,188.0,2004-07-08,20.3,27.4,35.1,24.2
TH000048431,"NAKHON RATCHASIMA, TH",14.967,102.083,188.0,2004-07-09,1.5,28.2,33.6,
TH000048431,"NAKHON RATCHASIMA, TH",14.967,102.083,188.0,2004-07-10,5.1,27.6,33.9,22.7
TH000048431,"NAKHON RATCHASIMA, TH",14.967,102.083,188.0,2004-07-11,4.1,27.7,32.4,24.2
TH000048431,"NAKHON RATCHASIMA, TH",14.967,102.083,188.0,2004-07-12,0.0,28.0,32.2,24.4
TH000048431,"NAKHON RATCHASIMA, TH",14.967,102.083,188.0,2004-07-13,13.2,27.4,33.0,
TH000048431,"NAKHON RATCHASIMA, TH",14.967,102.083,188.0,2004-07-14,1.3,29.3,34.8,24.4
TH000048431,"NAKHON RATCHASIMA, TH",14.967,102.083,188.0,2004-07-15,1.0,28.3,32.6,25.2
TH000048431,"NAKHON RATCHASIMA, TH",14.967,102.083,188.0,2004-07-16,26.9,28.8,36.1,
TH000048431,"NAKHON RATCHASIMA, TH",14.967,102.083,188.0,2004-07-17,0.0,29.2,35.6,24.1
TH000048431,"NAKHON RATCHASIMA, TH",14.967,102.083,188.0,2004-07-18,7.6,29.1,34.4,
TH000048431,"NAKHON RATCHASIMA, TH",14.967,102.083,188.0,2004-07-19,2.3,29.2,33.7,23.1
TH000048431,"NAKHON RATCHASIMA, TH",14.967,102.083,188.0,2004-07-20,0.0,29.5,33.8,25.3
TH000048431,"NAKHON RATCHASIMA, TH",14.967,102.083,188.0,2004-07-21,0.3,28.4,33.2,
TH000048431,"NAKHON RATCHASIMA, TH",14.967,102.083,188.0,2004-07-22,2.5,27.6,31.1,24.3
TH000048431,"NAKHON RATCHASIMA, TH",14.967,102.083,188.0,2004-07-23,6.4,26.2,31.8,23.6
TH000048431,"NAKHON RATCHASIMA, TH",14.967,102.083,188.0,2004-07-24,0.0,28.1,33.2,23.5
TH000048431,"NAKHON RATCHASIMA, TH",14.967,102.083,188.0,2004-07-25,0.5,27.7,33.0,24.3
TH000048431,"NAKHON RATCHASIMA, TH",14.967,102.083,188.0,2004-07-26,0.3,28.2,32.5,24.7
TH000048431,"NAKHON RATCHASIMA, TH",14.967,102.083,188.0,2004-07-27,7.1,26.0,29.4,23.7
TH000048431,"NAKHON RATCHASIMA, TH",14.967,102.083,188.0,2004-07-28,2.0,27.7,31.8,23.5
TH000048431,"NAKHON RATCHASIMA, TH",14.967,102.083,188.0,2004-07-29,0.0,28.6,33.6,24.2
TH000048431,"NAKHON RATCHASIMA, TH",14.967,102.083,188.0,2004-07-30,4.3,28.8,33.7,24.4
TH000048431,"NAKHON RATCHASIMA, TH",14.967,102.083,188.0,2004-07-31,6.1,27.4,,
TH000048431,"NAKHON RATCHASIMA, TH",14.967,102.083,188.0,2004-08-01,65.3,26.5,32.6,23.9
TH000048431,"NAKHON RATCHASIMA, TH",14.967,102.083,188.0,2004-08-02,21.8,26.6,32.7,
TH000048431,"NAKHON RATCHASIMA, TH",14.967,102.083,188.0,2004-08-03,6.9,26.9,31.4,23.7
TH000048431,"NAKHON RATCHASIMA, TH",14.967,102.083,188.0,2004-08-04,5.1,28.0,33.6,24.4
TH000048431,"NAKHON RATCHASIMA, TH",14.967,102.083,188.0,2004-08-05,0.0,28.9,34.5,
TH000048431,"NAKHON RATCHASIMA, TH",14.967,102.083,188.0,2004-08-06,0.0,28.3,33.1,24.1
TH000048431,"NAKHON RATCHASIMA, TH",14.967,102.083,188.0,2004-08-07,9.9,28.5,34.0,24.8
TH000048431,"NAKHON RATCHASIMA, TH",14.967,102.083,188.0,2004-08-08,5.1,27.7,32.1,
TH000048431,"NAKHON RATCHASIMA, TH",14.967,102.083,188.0,2004-08-09,4.3,27.5,32.6,23.9
TH000048431,"NAKHON RATCHASIMA, TH",14.967,102.083,188.0,2004-08-10,0.0,27.8,32.7,24.4
TH000048431,"NAKHON RATCHASIMA, TH",14.967,102.083,188.0,2004-08-11,0.0,28.1,32.1,23.7
TH000048431,"NAKHON RATCHASIMA, TH",14.967,102.083,188.0,2004-08-12,1.8,28.1,33.0,24.2
TH000048431,"NAKHON RATCHASIMA, TH",14.967,102.083,188.0,2004-08-13,0.0,28.8,33.6,
TH000048431,"NAKHON RATCHASIMA, TH",14.967,102.083,188.0,2004-08-14,0.0,28.8,33.1,24.8
TH000048431,"NAKHON RATCHASIMA, TH",14.967,102.083,188.0,2004-08-15,0.0,28.3,32.7,25.4
TH000048431,"NAKHON RATCHASIMA, TH",14.967,102.083,188.0,2004-08-16,1.3,29.4,33.6,25.0
TH000048431,"NAKHON RATCHASIMA, TH",14.967,102.083,188.0,2004-08-17,0.0,29.5,34.2,25.4
TH000048431,"NAKHON RATCHASIMA, TH",14.967,102.083,188.0,2004-08-18,1.5,29.0,34.5,
TH000048431,"NAKHON RATCHASIMA, TH",14.967,102.083,188.0,2004-08-19,0.5,28.1,32.5,
TH000048431,"NAKHON RATCHASIMA, TH",14.967,102.083,188.0,2004-08-20,0.5,27.4,33.8,24.4
TH000048431,"NAKHON RATCHASIMA, TH",14.967,102.083,188.0,2004-08-21,1.5,28.4,33.4,24.5
TH000048431,"NAKHON RATCHASIMA, TH",14.967,102.083,188.0,2004-08-22,0.0,29.0,33.3,24.7
TH000048431,"NAKHON RATCHASIMA, TH",14.967,102.083,188.0,2004-08-23,7.1,28.8,35.1,
TH000048431,"NAKHON RATCHASIMA, TH",14.967,102.083,188.0,2004-08-24,0.8,29.8,34.9,24.8
TH000048431,"NAKHON RATCHASIMA, TH",14.967,102.083,188.0,2004-08-25,0.0,30.8,35.9,25.4
TH000048431,"NAKHON RATCHASIMA, TH",14.967,102.083,188.0,2004-08-26,0.0,30.5,35.3,26.2
TH000048431,"NAKHON RATCHASIMA, TH",14.967,102.083,188.0,2004-08-27,0.0,30.0,35.1,
TH000048431,"NAKHON RATCHASIMA, TH",14.967,102.083,188.0,2004-08-28,0.0,30.7,36.0,25.7
TH000048431,"NAKHON RATCHASIMA, TH",14.967,102.083,188.0,2004-08-29,0.0,29.1,32.2,
TH000048431,"NAKHON RATCHASIMA, TH",14.967,102.083,188.0,2004-08-30,0.0,29.4,33.8,26.0
TH000048431,"NAKHON RATCHASIMA, TH",14.967,102.083,188.0,2004-08-31,0.0,30.1,36.0,25.9
TH000048431,"NAKHON RATCHASIMA, TH",14.967,102.083,188.0,2004-09-01,0.3,28.3,33.7,25.8
TH000048431,"NAKHON RATCHASIMA, TH",14.967,102.083,188.0,2004-09-02,0.8,27.8,33.3,
TH000048431,"NAKHON RATCHASIMA, TH",14.967,102.083,188.0,2004-09-03,5.1,27.0,34.0,
TH000048431,"NAKHON RATCHASIMA, TH",14.967,102.083,188.0,2004-09-04,0.0,27.3,33.4,23.6
TH000048431,"NAKHON RATCHASIMA, TH",14.967,102.083,188.0,2004-09-05,14.0,26.5,34.0,24.4
TH000048431,"NAKHON RATCHASIMA, TH",14.967,102.083,188.0,2004-09-06,13.7,29.0,34.9,24.3
TH000048431,"NAKHON RATCHASIMA, TH",14.967,102.083,188.0,2004-09-07,0.0,28.7,32.8,25.0
TH000048431,"NAKHON RATCHASIMA, TH",14.967,102.083,188.0,2004-09-08,0.0,28.4,33.0,25.0
TH000048431,"NAKHON RATCHASIMA, TH",14.967,102.083,188.0,2004-09-09,0.8,28.2,34.0,
TH000048431,"NAKHON RATCHASIMA, TH",14.967,102.083,188.0,2004-09-10,0.0,27.6,31.7,23.5
TH000048431,"NAKHON RATCHASIMA, TH",14.967,102.083,188.0,2004-09-11,0.0,30.1,35.9,24.9
TH000048431,"NAKHON RATCHASIMA, TH",14.967,102.083,188.0,2004-09-12,11.2,25.8,28.9,
TH000048431,"NAKHON RATCHASIMA, TH",14.967,102.083,188.0,2004-09-13,7.6,27.5,31.4,22.7
TH000048431,"NAKHON RATCHASIMA, TH",14.967,102.083,188.0,2004-09-14,37.3,26.5,32.0,23.7
TH000048431,"NAKHON RATCHASIMA, TH",14.967,102.083,188.0,2004-09-15,0.0,27.1,31.6,24.0
TH000048431,"NAKHON RATCHASIMA, TH",14.967,102.083,188.0,2004-09-16,5.6,28.0,33.3,24.0
TH000048431,"NAKHON RATCHASIMA, TH",14.967,102.083,188.0,2004-09-17,43.4,26.7,31.1,24.0
TH000048431,"NAKHON RATCHASIMA, TH",14.967,102.083,188.0,2004-09-18,13.7,27.2,,
TH000048431,"NAKHON RATCHASIMA, TH",14.967,102.083,188.0,2004-09-19,2.3,25.8,29.8,23.3
TH000048431,"NAKHON RATCHASIMA, TH",14.967,102.083,188.0,2004-09-20,43.4,26.0,32.1,23.1
TH000048431,"NAKHON RATCHASIMA, TH",14.967,102.083,188.0,2004-09-21,9.9,25.6,31.2,
TH000048431,"NAKHON RATCHASIMA, TH",14.967,102.083,188.0,2004-09-22,0.0,27.7,32.3,23.3
TH000048431,"NAKHON RATCHASIMA, TH",14.967,102.083,188.0,2004-09-23,0.0,27.4,32.4,
TH000048431,"NAKHON RATCHASIMA, TH",14.967,102.083,188.0,2004-09-24,0.0,28.8,,22.6
TH000048431,"NAKHON RATCHASIMA, TH",14.967,102.083,188.0,2004-09-25,0.0,29.5,33.7,25.1
TH000048431,"NAKHON RATCHASIMA, TH",14.967,102.083,188.0,2004-09-26,0.0,29.0,32.5,25.8
TH000048431,"NAKHON RATCHASIMA, TH",14.967,102.083,188.0,2004-09-27,0.0,28.7,32.7,
TH000048431,"NAKHON RATCHASIMA, TH",14.967,102.083,188.0,2004-09-28,0.0,27.4,32.0,
TH000048431,"NAKHON RATCHASIMA, TH",14.967,102.083,188.0,2004-09-29,0.0,28.8,33.2,23.3
TH000048431,"NAKHON RATCHASIMA, TH",14.967,102.083,188.0,2004-09-30,7.1,27.4,32.1,
TH000048431,"NAKHON RATCHASIMA, TH",14.967,102.083,188.0,2004-10-01,2.8,27.9,32.3,24.2
TH000048431,"NAKHON RATCHASIMA, TH",14.967,102.083,188.0,2004-10-02,0.0,26.1,31.6,
TH000048431,"NAKHON RATCHASIMA, TH",14.967,102.083,188.0,2004-10-03,0.0,25.9,29.9,22.0
TH000048431,"NAKHON RATCHASIMA, TH",14.967,102.083,188.0,2004-10-04,0.0,27.1,30.6,22.5
TH000048431,"NAKHON RATCHASIMA, TH",14.967,102.083,188.0,2004-10-05,0.0,26.4,30.0,24.0
TH000048431,"NAKHON RATCHASIMA, TH",14.967,102.083,188.0,2004-10-06,0.0,26.8,,23.7
TH000048431,"NAKHON RATCHASIMA, TH",14.967,102.083,188.0,2004-10-07,0.0,27.2,31.6,
TH000048431,"NAKHON RATCHASIMA, TH",14.967,102.083,188.0,2004-10-08,0.0,27.5,33.0,21.7
TH000048431,"NAKHON RATCHASIMA, TH",14.967,102.083,188.0,2004-10-09,0.0,27.4,32.6,23.0
TH000048431,"NAKHON RATCHASIMA, TH",14.967,102.083,188.0,2004-10-10,0.0,27.5,33.0,22.0
TH000048431,"NAKHON RATCHASIMA, TH",14.967,102.083,188.0,2004-10-11,0.0,27.8,33.2,23.0
TH000048431,"NAKHON RATCHASIMA, TH",14.967,102.083,188.0,2004-10-12,0.0,27.0,31.7,23.1
TH000048431,"NAKHON RATCHASIMA, TH",14.967,102.083,188.0,2004-10-13,0.0,27.2,32.6,22.6
TH000048431,"NAKHON RATCHASIMA, TH",14.967,102.083,188.0,2004-10-14,0.0,28.1,32.4,22.4
TH000048431,"NAKHON RATCHASIMA, TH",14.967,102.083,188.0,2004-10-15,0.0,27.1,31.2,23.4
TH000048431,"NAKHON RATCHASIMA, TH",14.967,102.083,188.0,2004-10-16,0.0,27.3,31.7,
TH000048431,"NAKHON RATCHASIMA, TH",14.967,102.083,188.0,2004-10-17,0.0,26.1,32.1,
TH000048431,"NAKHON RATCHASIMA, TH",14.967,102.083,188.0,2004-10-18,0.0,26.8,32.2,20.5
TH000048431,"NAKHON RATCHASIMA, TH",14.967,102.083,188.0,2004-10-19,0.0,26.7,32.7,21.7
TH000048431,"NAKHON RATCHASIMA, TH",14.967,102.083,188.0,2004-10-20,0.0,27.4,33.2,21.8
TH000048431,"NAKHON RATCHASIMA, TH",14.967,102.083,188.0,2004-10-21,0.0,27.6,32.8,21.9
TH000048431,"NAKHON RATCHASIMA, TH",14.967,102.083,188.0,2004-10-22,0.0,26.8,31.8,
TH000048431,"NAKHON RATCHASIMA, TH",14.967,102.083,188.0,2004-10-23,0.0,26.6,31.4,21.5
TH000048431,"NAKHON RATCHASIMA, TH",14.967,102.083,188.0,2004-10-24,0.0,26.1,31.1,22.1
TH000048431,"NAKHON RATCHASIMA, TH",14.967,102.083,188.0,2004-10-25,0.0,26.7,32.1,21.7
TH000048431,"NAKHON RATCHASIMA, TH",14.967,102.083,188.0,2004-10-26,0.0,25.5,30.6,21.2
TH000048431,"NAKHON RATCHASIMA, TH",14.967,102.083,188.0,2004-10-27,0.0,26.2,31.4,20.0
TH000048431,"NAKHON RATCHASIMA, TH",14.967,102.083,188.0,2004-10-28,0.0,27.3,32.2,21.8
TH000048431,"NAKHON RATCHASIMA, TH",14.967,102.083,188.0,2004-10-29,0.0,27.6,32.5,23.7
TH000048431,"NAKHON RATCHASIMA, TH",14.967,102.083,188.0,2004-10-30,0.0,27.4,33.0,22.4
TH000048431,"NAKHON RATCHASIMA, TH",14.967,102.083,188.0,2004-10-31,0.0,27.2,32.9,22.2
TH000048431,"NAKHON RATCHASIMA, TH",14.967,102.083,188.0,2004-11-01,0.0,27.2,32.9,22.3
TH000048431,"NAKHON RATCHASIMA, TH",14.967,102.083,188.0,2004-11-02,0.0,26.8,31.7,21.9
TH000048431,"NAKHON RATCHASIMA, TH",14.967,102.083,188.0,2004-11-03,0.0,26.4,32.2,21.4
TH000048431,"NAKHON RATCHASIMA, TH",14.967,102.083,188.0,2004-11-04,0.0,26.3,32.0,21.0
TH000048431,"NAKHON RATCHASIMA, TH",14.967,102.083,188.0,2004-11-05,0.0,27.4,33.1,21.1
TH000048431,"NAKHON RATCHASIMA, TH",14.967,102.083,188.0,2004-11-06,0.0,27.6,33.2,22.8
TH000048431,"NAKHON RATCHASIMA, TH",14.967,102.083,188.0,2004-11-07,0.0,27.2,33.0,21.8
TH000048431,"NAKHON RATCHASIMA, TH",14.967,102.083,188.0,2004-11-08,0.0,27.6,33.8,21.9
TH000048431,"NAKHON RATCHASIMA, TH",14.967,102.083,188.0,2004-11-09,0.0,27.5,34.7,
TH000048431,"NAKHON RATCHASIMA, TH",14.967,102.083,188.0,2004-11-10,0.0,29.2,35.7,22.9
TH000048431,"NAKHON RATCHASIMA, TH",14.967,102.083,188.0,2004-11-11,0.0,29.1,35.8,22.6
TH000048431,"NAKHON RATCHASIMA, TH",14.967,102.083,188.0,2004-11-12,0.0,29.7,35.6,22.8
TH000048431,"NAKHON RATCHASIMA, TH",14.967,102.083,188.0,2004-11-13,0.0,28.3,34.5,22.9
TH000048431,"NAKHON RATCHASIMA, TH",14.967,102.083,188.0,2004-11-14,0.0,28.4,35.1,21.7
TH000048431,"NAKHON RATCHASIMA, TH",14.967,102.083,188.0,2004-11-15,0.0,29.7,35.6,23.2
TH000048431,"NAKHON RATCHASIMA, TH",14.967,102.083,188.0,2004-11-16,0.0,27.1,32.7,
TH000048431,"NAKHON RATCHASIMA, TH",14.967,102.083,188.0,2004-11-17,0.0,25.7,31.2,20.7
TH000048431,"NAKHON RATCHASIMA, TH",14.967,102.083,188.0,2004-11-18,0.0,25.2,31.0,20.3
TH000048431,"NAKHON RATCHASIMA, TH",14.967,102.083,188.0,2004-11-19,0.0,24.9,30.4,19.7
TH000048431,"NAKHON RATCHASIMA, TH",14.967,102.083,188.0,2004-11-20,0.0,25.4,31.4,19.7
TH000048431,"NAKHON RATCHASIMA, TH",14.967,102.083,188.0,2004-11-21,0.0,24.5,30.7,
TH000048431,"NAKHON RATCHASIMA, TH",14.967,102.083,188.0,2004-11-22,0.0,24.1,29.7,17.1
TH000048431,"NAKHON RATCHASIMA, TH",14.967,102.083,188.0,2004-11-23,0.0,25.3,30.3,18.8
TH000048431,"NAKHON RATCHASIMA, TH",14.967,102.083,188.0,2004-11-24,0.0,26.6,31.6,21.1
TH000048431,"NAKHON RATCHASIMA, TH",14.967,102.083,188.0,2004-11-25,3.0,25.4,30.7,
TH000048431,"NAKHON RATCHASIMA, TH",14.967,102.083,188.0,2004-11-26,8.4,24.1,28.3,21.7
TH000048431,"NAKHON RATCHASIMA, TH",14.967,102.083,188.0,2004-11-27,0.5,25.9,30.8,21.5
TH000048431,"NAKHON RATCHASIMA, TH",14.967,102.083,188.0,2004-11-28,0.0,25.8,30.9,21.3
TH000048431,"NAKHON RATCHASIMA, TH",14.967,102.083,188.0,2004-11-29,0.0,25.9,30.4,21.1
TH000048431,"NAKHON RATCHASIMA, TH",14.967,102.083,188.0,2004-11-30,0.0,25.2,30.4,20.6
TH000048431,"NAKHON RATCHASIMA, TH",14.967,102.083,188.0,2004-12-01,0.0,25.5,30.7,19.5
TH000048431,"NAKHON RATCHASIMA, TH",14.967,102.083,188.0,2004-12-02,0.0,25.9,31.7,20.5
TH000048431,"NAKHON RATCHASIMA, TH",14.967,102.083,188.0,2004-12-03,0.0,25.4,31.8,19.6
TH000048431,"NAKHON RATCHASIMA, TH",14.967,102.083,188.0,2004-12-04,0.0,25.3,31.3,20.7
TH000048431,"NAKHON RATCHASIMA, TH",14.967,102.083,188.0,2004-12-05,0.0,23.1,29.2,18.3
TH000048431,"NAKHON RATCHASIMA, TH",14.967,102.083,188.0,2004-12-06,0.0,23.8,29.7,17.3
TH000048431,"NAKHON RATCHASIMA, TH",14.967,102.083,188.0,2004-12-07,0.0,22.9,29.7,
TH000048431,"NAKHON RATCHASIMA, TH",14.967,102.083,188.0,2004-12-08,0.0,21.4,26.8,16.0
TH000048431,"NAKHON RATCHASIMA, TH",14.967,102.083,188.0,2004-12-09,0.0,21.9,27.9,16.0
TH000048431,"NAKHON RATCHASIMA, TH",14.967,102.083,188.0,2004-12-10,0.0,22.7,29.3,17.7
TH000048431,"NAKHON RATCHASIMA, TH",14.967,102.083,188.0,2004-12-11,0.0,23.8,29.7,17.7
TH000048431,"NAKHON RATCHASIMA, TH",14.967,102.083,188.0,2004-12-12,0.0,23.8,29.8,
TH000048431,"NAKHON RATCHASIMA, TH",14.967,102.083,188.0,2004-12-13,0.0,22.2,29.0,16.5
TH000048431,"NAKHON RATCHASIMA, TH",14.967,102.083,188.0,2004-12-14,0.0,21.6,29.3,15.2
TH000048431,"NAKHON RATCHASIMA, TH",14.967,102.083,188.0,2004-12-15,0.0,22.3,29.6,14.8
TH000048431,"NAKHON RATCHASIMA, TH",14.967,102.083,188.0,2004-12-16,0.0,23.5,30.3,15.7
TH000048431,"NAKHON RATCHASIMA, TH",14.967,102.083,188.0,2004-12-17,0.0,23.1,31.5,17.6
TH000048431,"NAKHON RATCHASIMA, TH",14.967,102.083,188.0,2004-12-18,0.0,23.8,32.1,
TH000048431,"NAKHON RATCHASIMA, TH",14.967,102.083,188.0,2004-12-19,0.0,22.8,30.8,16.1
TH000048431,"NAKHON RATCHASIMA, TH",14.967,102.083,188.0,2004-12-20,0.0,23.3,30.9,15.4
TH000048431,"NAKHON RATCHASIMA, TH",14.967,102.083,188.0,2004-12-21,0.0,24.0,31.5,15.8
TH000048431,"NAKHON RATCHASIMA, TH",14.967,102.083,188.0,2004-12-22,0.0,24.2,32.0,17.5
TH000048431,"NAKHON RATCHASIMA, TH",14.967,102.083,188.0,2004-12-23,0.0,24.3,31.9,17.7
TH000048431,"NAKHON RATCHASIMA, TH",14.967,102.083,188.0,2004-12-24,0.0,24.4,32.1,17.0
TH000048431,"NAKHON RATCHASIMA, TH",14.967,102.083,188.0,2004-12-25,0.0,24.1,31.7,16.9
TH000048431,"NAKHON RATCHASIMA, TH",14.967,102.083,188.0,2004-12-26,0.0,23.7,31.9,16.6
TH000048431,"NAKHON RATCHASIMA, TH",14.967,102.083,188.0,2004-12-27,0.0,24.1,31.8,16.2
TH000048431,"NAKHON RATCHASIMA, TH",14.967,102.083,188.0,2004-12-28,0.0,23.9,31.1,16.0
TH000048431,"NAKHON RATCHASIMA, TH",14.967,102.083,188.0,2004-12-29,0.0,21.6,28.7,
TH000048431,"NAKHON RATCHASIMA, TH",14.967,102.083,188.0,2004-12-30,0.0,23.4,,15.6
TH000048431,"NAKHON RATCHASIMA, TH",14.967,102.083,188.0,2004-12-31,0.0,21.2,27.5,
TH000048431,"NAKHON RATCHASIMA, TH",14.967,102.083,188.0,2005-01-01,0.0,18.6,24.6,13.0
TH000048431,"NAKHON RATCHASIMA, TH",14.967,102.083,188.0,2005-01-02,0.0,18.7,25.7,12.8
TH000048431,"NAKHON RATCHASIMA, TH",14.967,102.083,188.0,2005-01-03,0.0,21.3,30.2,12.3
TH000048431,"NAKHON RATCHASIMA, TH",14.967,102.083,188.0,2005-01-04,0.0,22.8,30.0,14.2
TH000048431,"NAKHON RATCHASIMA, TH",14.967,102.083,188.0,2005-01-05,0.0,23.2,30.5,15.7
TH000048431,"NAKHON RATCHASIMA, TH",14.967,102.083,188.0,2005-01-06,0.0,23.2,29.5,16.8
TH000048431,"NAKHON RATCHASIMA, TH",14.967,102.083,188.0,2005-01-07,0.0,23.3,30.1,16.3
TH000048431,"NAKHON RATCHASIMA, TH",14.967,102.083,188.0,2005-01-08,0.0,24.1,30.8,18.4
TH000048431,"NAKHON RATCHASIMA, TH",14.967,102.083,188.0,2005-01-09,0.0,23.8,30.3,16.8
TH000048431,"NAKHON RATCHASIMA, TH",14.967,102.083,188.0,2005-01-10,0.0,23.4,30.4,17.1
TH000048431,"NAKHON RATCHASIMA, TH",14.967,102.083,188.0,2005-01-11,0.0,24.7,33.2,18.3
TH000048431,"NAKHON RATCHASIMA, TH",14.967,102.083,188.0,2005-01-12,0.0,25.2,32.0,18.4
TH000048431,"NAKHON RATCHASIMA, TH",14.967,102.083,188.0,2005-01-13,0.0,25.8,32.8,19.1
TH000048431,"NAKHON RATCHASIMA, TH",14.967,102.083,188.0,2005-01-14,0.0,20.1,24.0,
TH000048431,"NAKHON RATCHASIMA, TH",14.967,102.083,188.0,2005-01-15,0.0,20.7,,15.8
TH000048431,"NAKHON RATCHASIMA, TH",14.967,102.083,188.0,2005-01-16,0.0,24.1,,18.6
TH000048431,"NAKHON RATCHASIMA, TH",14.967,102.083,188.0,2005-01-17,0.0,24.3,29.5,19.6
TH000048431,"NAKHON RATCHASIMA, TH",14.967,102.083,188.0,2005-01-18,0.0,26.8,32.8,18.5
TH000048431,"NAKHON RATCHASIMA, TH",14.967,102.083,188.0,2005-01-19,0.0,28.8,,21.1
TH000048431,"NAKHON RATCHASIMA, TH",14.967,102.083,188.0,2005-01-20,0.0,26.9,31.2,
TH000048431,"NAKHON RATCHASIMA, TH",14.967,102.083,188.0,2005-01-21,0.0,26.7,32.6,22.2
TH000048431,"NAKHON RATCHASIMA, TH",14.967,102.083,188.0,2005-01-22,0.0,25.1,33.2,20.1
TH000048431,"NAKHON RATCHASIMA, TH",14.967,102.083,188.0,2005-01-23,0.0,26.5,33.7,19.7
TH000048431,"NAKHON RATCHASIMA, TH",14.967,102.083,188.0,2005-01-24,0.0,27.8,34.4,20.7
TH000048431,"NAKHON RATCHASIMA, TH",14.967,102.083,188.0,2005-01-25,0.0,27.2,33.9,
TH000048431,"NAKHON RATCHASIMA, TH",14.967,102.083,188.0,2005-01-26,0.0,27.8,35.4,20.8
TH000048431,"NAKHON RATCHASIMA, TH",14.967,102.083,188.0,2005-01-27,0.0,28.4,35.7,20.9
TH000048431,"NAKHON RATCHASIMA, TH",14.967,102.083,188.0,2005-01-28,0.0,28.7,36.7,21.5
TH000048431,"NAKHON RATCHASIMA, TH",14.967,102.083,188.0,2005-01-29,0.0,28.7,36.7,21.6
TH000048431,"NAKHON RATCHASIMA, TH",14.967,102.083,188.0,2005-01-30,0.0,29.2,37.1,21.8
TH000048431,"NAKHON RATCHASIMA, TH",14.967,102.083,188.0,2005-01-31,0.0,29.9,37.7,22.7
TH000048431,"NAKHON RATCHASIMA, TH",14.967,102.083,188.0,2005-02-01,5.6,28.3,35.7,22.8
TH000048431,"NAKHON RATCHASIMA, TH",14.967,102.083,188.0,2005-02-02,0.0,28.8,35.2,23.5
TH000048431,"NAKHON RATCHASIMA, TH",14.967,102.083,188.0,2005-02-03,0.0,28.8,35.1,23.4
TH000048431,"NAKHON RATCHASIMA, TH",14.967,102.083,188.0,2005-02-04,0.0,28.8,35.7,22.8
TH000048431,"NAKHON RATCHASIMA, TH",14.967,102.083,188.0,2005-02-05,0.0,28.8,35.4,23.0
TH000048431,"NAKHON RATCHASIMA, TH",14.967,102.083,188.0,2005-02-06,0.0,29.4,37.0,22.3
TH000048431,"NAKHON RATCHASIMA, TH",14.967,102.083,188.0,2005-02-07,0.0,29.7,36.2,23.6
TH000048431,"NAKHON RATCHASIMA, TH",14.967,102.083,188.0,2005-02-08,0.0,29.9,37.0,23.4
TH000048431,"NAKHON RATCHASIMA, TH",14.967,102.083,188.0,2005-02-09,0.0,30.3,36.8,23.9
TH000048431,"NAKHON RATCHASIMA, TH",14.967,102.083,188.0,2005-02-10,0.0,30.1,36.2,24.6
TH000048431,"NAKHON RATCHASIMA, TH",14.967,102.083,188.0,2005-02-11,0.0,28.2,34.2,
TH000048431,"NAKHON RATCHASIMA, TH",14.967,102.083,188.0,2005-02-12,0.0,28.0,34.3,22.9
TH000048431,"NAKHON RATCHASIMA, TH",14.967,102.083,188.0,2005-02-13,0.0,28.8,36.2,21.8
TH000048431,"NAKHON RATCHASIMA, TH",14.967,102.083,188.0,2005-02-14,0.0,29.6,36.9,23.0
TH000048431,"NAKHON RATCHASIMA, TH",14.967,102.083,188.0,2005-02-15,0.0,29.3,37.5,22.5
TH000048431,"NAKHON RATCHASIMA, TH",14.967,102.083,188.0,2005-02-16,0.0,29.8,38.2,21.6
TH000048431,"NAKHON RATCHASIMA, TH",14.967,102.083,188.0,2005-02-17,0.0,29.8,38.2,23.0
TH000048431,"NAKHON RATCHASIMA, TH",14.967,102.083,188.0,2005-02-18,0.0,30.1,38.6,21.1
TH000048431,"NAKHON RATCHASIMA, TH",14.967,102.083,188.0,2005-02-19,0.0,30.0,39.4,22.4
TH000048431,"NAKHON RATCHASIMA, TH",14.967,102.083,188.0,2005-02-20,0.0,25.5,31.5,
TH000048431,"NAKHON RATCHASIMA, TH",14.967,102.083,188.0,2005-02-21,0.0,26.2,32.8,20.0
TH000048431,"NAKHON RATCHASIMA, TH",14.967,102.083,188.0,2005-02-22,0.0,28.5,35.8,21.3
TH000048431,"NAKHON RATCHASIMA, TH",14.967,102.083,188.0,2005-02-23,0.0,30.4,37.3,23.3
TH000048431,"NAKHON RATCHASIMA, TH",14.967,102.083,188.0,2005-02-24,0.0,30.5,38.4,22.7
TH000048431,"NAKHON RATCHASIMA, TH",14.967,102.083,188.0,2005-02-25,0.0,30.5,39.0,22.4
TH000048431,"NAKHON RATCHASIMA, TH",14.967,102.083,188.0,2005-02-26,0.0,30.5,39.1,21.6
TH000048431,"NAKHON RATCHASIMA, TH",14.967,102.083,188.0,2005-02-27,0.0,30.2,38.8,21.7
TH000048431,"NAKHON RATCHASIMA, TH",14.967,102.083,188.0,2005-02-28,0.0,30.9,38.8,23.6
TH000048431,"NAKHON RATCHASIMA, TH",14.967,102.083,188.0,2005-03-01,0.0,30.4,36.1,23.4
TH000048431,"NAKHON RATCHASIMA, TH",14.967,102.083,188.0,2005-03-02,0.0,30.3,37.1,25.6
TH000048431,"NAKHON RATCHASIMA, TH",14.967,102.083,188.0,2005-03-03,0.0,27.7,34.1,
TH000048431,"NAKHON RATCHASIMA, TH",14.967,102.083,188.0,2005-03-04,0.0,23.0,27.5,
TH000048431,"NAKHON RATCHASIMA, TH",14.967,102.083,188.0,2005-03-05,0.0,20.9,25.9,
TH000048431,"NAKHON RATCHASIMA, TH",14.967,102.083,188.0,2005-03-06,0.0,22.0,28.4,14.8
TH000048431,"NAKHON RATCHASIMA, TH",14.967,102.083,188.0,2005-03-07,0.0,23.6,30.7,17.4
TH000048431,"NAKHON RATCHASIMA, TH",14.967,102.083,188.0,2005-03-08,0.0,26.6,34.8,17.8
TH000048431,"NAKHON RATCHASIMA, TH",14.967,102.083,188.0,2005-03-09,0.0,29.4,37.8,20.4
TH000048431,"NAKHON RATCHASIMA, TH",14.967,102.083,188.0,2005-03-10,0.0,30.6,38.2,22.5
TH000048431,"NAKHON RATCHASIMA, TH",14.967,102.083,188.0,2005-03-11,2.3,29.8,38.2,23.1
TH000048431,"NAKHON RATCHASIMA, TH",14.967,102.083,188.0,2005-03-12,0.0,31.3,39.4,22.8
TH000048431,"NAKHON RATCHASIMA, TH",14.967,102.083,188.0,2005-03-13,0.5,29.6,38.2,
TH000048431,"NAKHON RATCHASIMA, TH",14.967,102.083,188.0,2005-03-14,0.0,25.4,30.9,21.2
TH000048431,"NAKHON RATCHASIMA, TH",14.967,102.083,188.0,2005-03-15,0.0,28.0,34.2,21.8
TH000048431,"NAKHON RATCHASIMA, TH",14.967,102.083,188.0,2005-03-16,2.3,26.7,34.8,23.6
TH000048431,"NAKHON RATCHASIMA, TH",14.967,102.083,188.0,2005-03-17,0.0,30.1,36.4,23.2
TH000048431,"NAKHON RATCHASIMA, TH",14.967,102.083,188.0,2005-03-18,0.0,30.1,,25.4
TH000048431,"NAKHON RATCHASIMA, TH",14.967,102.083,188.0,2005-03-19,0.0,28.9,34.1,24.3
TH000048431,"NAKHON RATCHASIMA, TH",14.967,102.083,188.0,2005-03-20,0.0,30.0,36.2,24.4
TH000048431,"NAKHON RATCHASIMA, TH",14.967,102.083,188.0,2005-03-21,0.0,30.1,36.6,
TH000048431,"NAKHON RATCHASIMA, TH",14.967,102.083,188.0,2005-03-22,1.0,30.8,39.3,24.7
TH000048431,"NAKHON RATCHASIMA, TH",14.967,102.083,188.0,2005-03-23,0.0,31.3,39.1,25.1
TH000048431,"NAKHON RATCHASIMA, TH",14.967,102.083,188.0,2005-03-24,12.7,27.2,34.1,
TH000048431,"NAKHON RATCHASIMA, TH",14.967,102.083,188.0,2005-03-25,0.5,24.7,30.4,21.1
TH000048431,"NAKHON RATCHASIMA, TH",14.967,102.083,188.0,2005-03-26,1.3,26.1,33.3,21.1
TH000048431,"NAKHON RATCHASIMA, TH",14.967,102.083,188.0,2005-03-27,0.0,29.3,36.0,24.4
TH000048431,"NAKHON RATCHASIMA, TH",14.967,102.083,188.0,2005-03-28,0.0,31.3,38.6,24.3
TH000048431,"NAKHON RATCHASIMA, TH",14.967,102.083,188.0,2005-03-29,0.0,31.4,39.0,25.9
TH000048431,"NAKHON RATCHASIMA, TH",14.967,102.083,188.0,2005-03-30,0.0,31.9,38.2,27.0
TH000048431,"NAKHON RATCHASIMA, TH",14.967,102.083,188.0,2005-03-31,0.0,32.6,39.3,26.7
TH000048431,"NAKHON RATCHASIMA, TH",14.967,102.083,188.0,2005-04-01,15.7,29.9,38.3,
TH000048431,"NAKHON RATCHASIMA, TH",14.967,102.083,188.0,2005-04-02,0.0,30.7,37.9,25.9
TH000048431,"NAKHON RATCHASIMA, TH",14.967,102.083,188.0,2005-04-03,0.0,29.4,34.1,
TH000048431,"NAKHON RATCHASIMA, TH",14.967,102.083,188.0,2005-04-04,4.6,22.7,26.6,
TH000048431,"NAKHON RATCHASIMA, TH",14.967,102.083,188.0,2005-04-05,1.0,24.8,29.7,21.4
TH000048431,"NAKHON RATCHASIMA, TH",14.967,102.083,188.0,2005-04-06,0.0,28.6,35.3,21.6
TH000048431,"NAKHON RATCHASIMA, TH",14.967,102.083,188.0,2005-04-07,0.0,31.2,38.3,24.4
TH000048431,"NAKHON RATCHASIMA, TH",14.967,102.083,188.0,2005-04-08,0.0,31.5,38.9,25.9
TH000048431,"NAKHON RATCHASIMA, TH",14.967,102.083,188.0,2005-04-09,0.0,30.1,39.1,
TH000048431,"NAKHON RATCHASIMA, TH",14.967,102.083,188.0,2005-04-10,0.0,32.8,40.2,24.6
TH000048431,"NAKHON RATCHASIMA, TH",14.967,102.083,188.0,2005-04-11,0.0,32.6,40.3,26.5
TH000048431,"NAKHON RATCHASIMA, TH",14.967,102.083,188.0,2005-04-12,0.0,32.7,40.4,26.4
TH000048431,"NAKHON RATCHASIMA, TH",14.967,102.083,188.0,2005-04-13,1.0,27.4,30.4,24.2
TH000048431,"NAKHON RATCHASIMA, TH",14.967,102.083,188.0,2005-04-14,0.0,29.8,35.1,24.7
TH000048431,"NAKHON RATCHASIMA, TH",14.967,102.083,188.0,2005-04-15,0.0,30.2,37.8,25.5
TH000048431,"NAKHON RATCHASIMA, TH",14.967,102.083,188.0,2005-04-16,0.0,31.6,38.7,25.2
TH000048431,"NAKHON RATCHASIMA, TH",14.967,102.083,188.0,2005-04-17,5.6,28.4,34.0,25.3
TH000048431,"NAKHON RATCHASIMA, TH",14.967,102.083,188.0,2005-04-18,0.0,29.1,36.4,
TH000048431,"NAKHON RATCHASIMA, TH",14.967,102.083,188.0,2005-04-19,0.0,28.2,37.0,
TH000048431,"NAKHON RATCHASIMA, TH",14.967,102.083,188.0,2005-04-20,0.0,29.9,35.7,23.6
TH000048431,"NAKHON RATCHASIMA, TH",14.967,102.083,188.0,2005-04-21,0.0,30.3,37.0,25.6
TH000048431,"NAKHON RATCHASIMA, TH",14.967,102.083,188.0,2005-04-22,2.0,31.1,39.0,26.1
TH000048431,"NAKHON RATCHASIMA, TH",14.967,102.083,188.0,2005-04-23,0.0,31.3,38.2,25.5
TH000048431,"NAKHON RATCHASIMA, TH",14.967,102.083,188.0,2005-04-24,0.0,32.2,38.1,26.9
TH000048431,"NAKHON RATCHASIMA, TH",14.967,102.083,188.0,2005-04-25,0.0,32.7,39.1,26.6
TH000048431,"NAKHON RATCHASIMA, TH",14.967,102.083,188.0,2005-04-26,0.0,31.4,40.3,
TH000048431,"NAKHON RATCHASIMA, TH",14.967,102.083,188.0,2005-04-27,20.8,29.6,37.5,24.8
TH000048431,"NAKHON RATCHASIMA, TH",14.967,102.083,188.0,2005-04-28,0.0,31.5,38.4,25.8
TH000048431,"NAKHON RATCHASIMA, TH",14.967,102.083,188.0,2005-04-29,0.0,31.9,38.3,25.7
TH000048431,"NAKHON RATCHASIMA, TH",14.967,102.083,188.0,2005-04-30,0.0,30.4,38.1,
TH000048431,"NAKHON RATCHASIMA, TH",14.967,102.083,188.0,2005-05-01,0.0,31.1,39.1,25.0
TH000048431,"NAKHON RATCHASIMA, TH",14.967,102.083,188.0,2005-05-02,0.0,32.3,39.7,25.8
TH000048431,"NAKHON RATCHASIMA, TH",14.967,102.083,188.0,2005-05-03,0.0,33.1,41.0,27.5
TH000048431,"NAKHON RATCHASIMA, TH",14.967,102.083,188.0,2005-05-04,0.0,32.8,39.2,26.7
TH000048431,"NAKHON RATCHASIMA, TH",14.967,102.083,188.0,2005-05-05,11.2,30.4,38.3,27.4
TH000048431,"NAKHON RATCHASIMA, TH",14.967,102.083,188.0,2005-05-06,0.0,31.2,40.2,
TH000048431,"NAKHON RATCHASIMA, TH",14.967,102.083,188.0,2005-05-07,0.0,31.7,38.1,25.5
TH000048431,"NAKHON RATCHASIMA, TH",14.967,102.083,188.0,2005-05-08,0.0,29.7,35.4,26.2
TH000048431,"NAKHON RATCHASIMA, TH",14.967,102.083,188.0,2005-05-09,0.5,30.5,37.3,25.7
TH000048431,"NAKHON RATCHASIMA, TH",14.967,102.083,188.0,2005-05-10,0.0,32.3,38.2,27.1
TH000048431,"NAKHON RATCHASIMA, TH",14.967,102.083,188.0,2005-05-11,0.0,31.7,38.1,
TH000048431,"NAKHON RATCHASIMA, TH",14.967,102.083,188.0,2005-05-12,0.0,30.7,35.6,26.3
TH000048431,"NAKHON RATCHASIMA, TH",14.967,102.083,188.0,2005-05-13,0.0,31.7,38.7,26.3
TH000048431,"NAKHON RATCHASIMA, TH",14.967,102.083,188.0,2005-05-14,4.3,28.8,35.0,
TH000048431,"NAKHON RATCHASIMA, TH",14.967,102.083,188.0,2005-05-15,8.9,28.1,32.7,25.7
TH000048431,"NAKHON RATCHASIMA, TH",14.967,102.083,188.0,2005-05-16,23.6,28.4,37.2,
TH000048431,"NAKHON RATCHASIMA, TH",14.967,102.083,188.0,2005-05-17,2.3,30.0,35.4,25.3
TH000048431,"NAKHON RATCHASIMA, TH",14.967,102.083,188.0,2005-05-18,0.0,30.7,36.9,26.7
TH000048431,"NAKHON RATCHASIMA, TH",14.967,102.083,188.0,2005-05-19,32.0,29.0,35.6,
TH000048431,"NAKHON RATCHASIMA, TH",14.967,102.083,188.0,2005-05-20,0.5,28.9,35.7,
TH000048431,"NAKHON RATCHASIMA, TH",14.967,102.083,188.0,2005-05-21,10.4,28.3,35.1,25.0
TH000048431,"NAKHON RATCHASIMA, TH",14.967,102.083,188.0,2005-05-22,4.3,27.6,34.8,24.5
TH000048431,"NAKHON RATCHASIMA, TH",14.967,102.083,188.0,2005-05-23,0.0,29.0,35.5,24.5
TH000048431,"NAKHON RATCHASIMA, TH",14.967,102.083,188.0,2005-05-24,6.6,28.9,35.9,25.3
TH000048431,"NAKHON RATCHASIMA, TH",14.967,102.083,188.0,2005-05-25,1.5,29.4,35.5,24.9
TH000048431,"NAKHON RATCHASIMA, TH",14.967,102.083,188.0,2005-05-26,0.0,30.6,,25.8
TH000048431,"NAKHON RATCHASIMA, TH",14.967,102.083,188.0,2005-05-27,0.0,31.4,37.1,26.0
TH000048431,"NAKHON RATCHASIMA, TH",14.967,102.083,188.0,2005-05-28,0.0,31.9,37.2,26.7
TH000048431,"NAKHON RATCHASIMA, TH",14.967,102.083,188.0,2005-05-29,46.0,29.7,36.9,
TH000048431,"NAKHON RATCHASIMA, TH",14.967,102.083,188.0,2005-05-30,42.7,26.9,32.2,24.4
TH000048431,"NAKHON RATCHASIMA, TH",14.967,102.083,188.0,2005-05-31,0.3,29.2,34.6,24.6
TH000048431,"NAKHON RATCHASIMA, TH",14.967,102.083,188.0,2005-06-01,0.0,29.4,35.1,25.2
TH000048431,"NAKHON RATCHASIMA, TH",14.967,102.083,188.0,2005-06-02,0.0,30.6,34.8,25.7
TH000048431,"NAKHON RATCHASIMA, TH",14.967,102.083,188.0,2005-06-03,0.0,29.9,35.5,25.9
TH000048431,"NAKHON RATCHASIMA, TH",14.967,102.083,188.0,2005-06-04,0.8,30.6,35.7,25.9
TH000048431,"NAKHON RATCHASIMA, TH",14.967,102.083,188.0,2005-06-05,1.5,29.9,35.7,25.7
TH000048431,"NAKHON RATCHASIMA, TH",14.967,102.083,188.0,2005-06-06,0.0,30.6,35.7,25.2
TH000048431,"NAKHON RATCHASIMA, TH",14.967,102.083,188.0,2005-06-07,0.0,30.5,34.7,26.4
TH000048431,"NAKHON RATCHASIMA, TH",14.967,102.083,188.0,2005-06-08,0.0,30.4,36.0,26.3
TH000048431,"NAKHON RATCHASIMA, TH",14.967,102.083,188.0,2005-06-09,0.0,29.9,35.1,26.2
TH000048431,"NAKHON RATCHASIMA, TH",14.967,102.083,188.0,2005-06-10,4.8,28.6,34.4,25.3
TH000048431,"NAKHON RATCHASIMA, TH",14.967,102.083,188.0,2005-06-11,1.0,30.1,34.9,26.0
TH000048431,"NAKHON RATCHASIMA, TH",14.967,102.083,188.0,2005-06-12,0.0,30.8,36.0,26.0
TH000048431,"NAKHON RATCHASIMA, TH",14.967,102.083,188.0,2005-06-13,0.0,30.9,35.5,26.2
TH000048431,"NAKHON RATCHASIMA, TH",14.967,102.083,188.0,2005-06-14,0.0,30.9,35.6,26.6
TH000048431,"NAKHON RATCHASIMA, TH",14.967,102.083,188.0,2005-06-15,0.0,30.0,34.2,26.5
TH000048431,"NAKHON RATCHASIMA, TH",14.967,102.083,188.0,2005-06-16,4.8,29.7,35.0,
TH000048431,"NAKHON RATCHASIMA, TH",14.967,102.083,188.0,2005-06-17,0.0,30.6,36.9,25.7
TH000048431,"NAKHON RATCHASIMA, TH",14.967,102.083,188.0,2005-06-18,0.0,30.2,35.5,26.2
TH000048431,"NAKHON RATCHASIMA, TH",14.967,102.083,188.0,2005-06-19,0.0,30.7,37.2,25.6
TH000048431,"NAKHON RATCHASIMA, TH",14.967,102.083,188.0,2005-06-20,0.0,30.6,36.5,25.5
TH000048431,"NAKHON RATCHASIMA, TH",14.967,102.083,188.0,2005-06-21,21.6,29.3,36.6,25.7
TH000048431,"NAKHON RATCHASIMA, TH",14.967,102.083,188.0,2005-06-22,6.1,30.4,34.5,27.1
TH000048431,"NAKHON RATCHASIMA, TH",14.967,102.083,188.0,2005-06-23,28.7,28.4,34.5,
TH000048431,"NAKHON RATCHASIMA, TH",14.967,102.083,188.0,2005-06-24,4.8,28.4,33.8,23.8
TH000048431,"NAKHON RATCHASIMA, TH",14.967,102.083,188.0,2005-06-25,6.9,27.3,32.5,23.6
TH000048431,"NAKHON RATCHASIMA, TH",14.967,102.083,188.0,2005-06-26,2.5,29.2,34.1,25.3
TH000048431,"NAKHON RATCHASIMA, TH",14.967,102.083,188.0,2005-06-27,0.0,30.1,34.5,
TH000048431,"NAKHON RATCHASIMA, TH",14.967,102.083,188.0,2005-06-28,0.0,28.5,33.6,
TH000048431,"NAKHON RATCHASIMA, TH",14.967,102.083,188.0,2005-06-29,0.0,29.8,34.7,24.0
TH000048431,"NAKHON RATCHASIMA, TH",14.967,102.083,188.0,2005-06-30,0.0,29.9,34.5,25.9
TH000048431,"NAKHON RATCHASIMA, TH",14.967,102.083,188.0,2005-07-01,3.3,29.9,35.7,25.8
TH000048431,"NAKHON RATCHASIMA, TH",14.967,102.083,188.0,2005-07-02,0.0,30.9,,25.8
TH000048431,"NAKHON RATCHASIMA, TH",14.967,102.083,188.0,2005-07-03,15.0,28.9,35.5,
TH000048431,"NAKHON RATCHASIMA, TH",14.967,102.083,188.0,2005-07-04,14.5,27.7,33.5,
TH000048431,"NAKHON RATCHASIMA, TH",14.967,102.083,188.0,2005-07-05,41.1,27.3,33.5,23.2
TH000048431,"NAKHON RATCHASIMA, TH",14.967,102.083,188.0,2005-07-06,2.3,27.2,31.5,24.4
TH000048431,"NAKHON RATCHASIMA, TH",14.967,102.083,188.0,2005-07-07,0.0,28.9,34.0,24.3
TH000048431,"NAKHON RATCHASIMA, TH",14.967,102.083,188.0,2005-07-08,0.0,29.6,34.1,24.8
TH000048431,"NAKHON RATCHASIMA, TH",14.967,102.083,188.0,2005-07-09,0.0,28.8,33.9,25.4
TH000048431,"NAKHON RATCHASIMA, TH",14.967,102.083,188.0,2005-07-10,0.0,29.9,35.1,25.3
TH000048431,"NAKHON RATCHASIMA, TH",14.967,102.083,188.0,2005-07-11,0.0,29.9,35.8,25.2
TH000048431,"NAKHON RATCHASIMA, TH",14.967,102.083,188.0,2005-07-12,2.8,27.8,,
TH000048431,"NAKHON RATCHASIMA, TH",14.967,102.083,188.0,2005-07-13,3.6,25.9,30.7,24.0
TH000048431,"NAKHON RATCHASIMA, TH",14.967,102.083,188.0,2005-07-14,0.0,28.1,32.7,24.2
TH000048431,"NAKHON RATCHASIMA, TH",14.967,102.083,188.0,2005-07-15,29.7,27.7,34.9,
TH000048431,"NAKHON RATCHASIMA, TH",14.967,102.083,188.0,2005-07-16,0.0,29.9,35.2,23.4
TH000048431,"NAKHON RATCHASIMA, TH",14.967,102.083,188.0,2005-07-17,26.4,30.0,36.2,26.0
TH000048431,"NAKHON RATCHASIMA, TH",14.967,102.083,188.0,2005-07-18,0.0,30.3,36.3,25.2
TH000048431,"NAKHON RATCHASIMA, TH",14.967,102.083,188.0,2005-07-19,,30.0,34.5,25.6
TH000048431,"NAKHON RATCHASIMA, TH",14.967,102.083,188.0,2005-07-20,,30.5,35.7,25.6
TH000048431,"NAKHON RATCHASIMA, TH",14.967,102.083,188.0,2005-07-21,,29.9,35.2,25.7
TH000048431,"NAKHON RATCHASIMA, TH",14.967,102.083,188.0,2005-07-22,5.8,28.2,33.4,
TH000048431,"NAKHON RATCHASIMA, TH",14.967,102.083,188.0,2005-07-23,0.3,28.3,33.2,
TH000048431,"NAKHON RATCHASIMA, TH",14.967,102.083,188.0,2005-07-24,1.0,28.1,32.0,24.4
TH000048431,"NAKHON RATCHASIMA, TH",14.967,102.083,188.0,2005-07-25,0.0,27.5,31.3,25.4
TH000048431,"NAKHON RATCHASIMA, TH",14.967,102.083,188.0,2005-07-26,8.1,26.6,29.6,
TH000048431,"NAKHON RATCHASIMA, TH",14.967,102.083,188.0,2005-07-27,0.5,28.6,33.2,
TH000048431,"NAKHON RATCHASIMA, TH",14.967,102.083,188.0,2005-07-28,0.0,28.8,33.9,25.6
TH000048431,"NAKHON RATCHASIMA, TH",14.967,102.083,188.0,2005-07-29,25.1,28.3,,
TH000048431,"NAKHON RATCHASIMA, TH",14.967,102.083,188.0,2005-07-30,1.8,28.3,31.7,24.5
TH000048431,"NAKHON RATCHASIMA, TH",14.967,102.083,188.0,2005-07-31,0.0,28.5,33.4,25.1
TH000048431,"NAKHON RATCHASIMA, TH",14.967,102.083,188.0,2005-08-01,0.0,28.5,33.0,25.4
TH000048431,"NAKHON RATCHASIMA, TH",14.967,102.083,188.0,2005-08-02,0.3,29.0,33.2,25.4
TH000048431,"NAKHON RATCHASIMA, TH",14.967,102.083,188.0,2005-08-03,0.3,28.7,34.2,25.5
TH000048431,"NAKHON RATCHASIMA, TH",14.967,102.083,188.0,2005-08-04,,29.2,34.4,26.2
TH000048431,"NAKHON RATCHASIMA, TH",14.967,102.083,188.0,2005-08-05,0.0,28.1,32.7,
TH000048431,"NAKHON RATCHASIMA, TH",14.967,102.083,188.0,2005-08-06,1.0,28.6,31.8,25.1
TH000048431,"NAKHON RATCHASIMA, TH",14.967,102.083,188.0,2005-08-07,0.0,28.9,32.8,25.9
TH000048431,"NAKHON RATCHASIMA, TH",14.967,102.083,188.0,2005-08-08,1.8,27.1,34.0,
TH000048431,"NAKHON RATCHASIMA, TH",14.967,102.083,188.0,2005-08-09,1.8,26.9,31.7,24.0
TH000048431,"NAKHON RATCHASIMA, TH",14.967,102.083,188.0,2005-08-10,0.0,29.1,33.5,24.8
TH000048431,"NAKHON RATCHASIMA, TH",14.967,102.083,188.0,2005-08-11,0.0,29.0,32.9,24.6
TH000048431,"NAKHON RATCHASIMA, TH",14.967,102.083,188.0,2005-08-12,1.5,28.3,,
TH000048431,"NAKHON RATCHASIMA, TH",14.967,102.083,188.0,2005-08-13,0.0,28.7,34.1,25.0
TH000048431,"NAKHON RATCHASIMA, TH",14.967,102.083,188.0,2005-08-14,0.5,28.3,33.6,25.2
TH000048431,"NAKHON RATCHASIMA, TH",14.967,102.083,188.0,2005-08-15,0.0,28.6,34.1,25.1
TH000048431,"NAKHON RATCHASIMA, TH",14.967,102.083,188.0,2005-08-16,0.0,29.6,34.7,24.8
TH000048431,"NAKHON RATCHASIMA, TH",14.967,102.083,188.0,2005-08-17,1.5,28.9,33.3,
TH000048431,"NAKHON RATCHASIMA, TH",14.967,102.083,188.0,2005-08-18,1.0,28.6,34.4,24.9
TH000048431,"NAKHON RATCHASIMA, TH",14.967,102.083,188.0,2005-08-19,0.5,28.2,34.2,24.8
TH000048431,"NAKHON RATCHASIMA, TH",14.967,102.083,188.0,2005-08-20,0.5,29.2,35.2,25.0
TH000048431,"NAKHON RATCHASIMA, TH",14.967,102.083,188.0,2005-08-21,0.3,29.9,36.4,
TH000048431,"NAKHON RATCHASIMA, TH",14.967,102.083,188.0,2005-08-22,4.8,27.8,34.2,24.8
TH000048431,"NAKHON RATCHASIMA, TH",14.967,102.083,188.0,2005-08-23,,29.0,36.0,24.4
TH000048431,"NAKHON RATCHASIMA, TH",14.967,102.083,188.0,2005-08-24,2.3,29.5,37.0,23.9
TH000048431,"NAKHON RATCHASIMA, TH",14.967,102.083,188.0,2005-08-25,0.3,30.2,37.2,24.8
TH000048431,"NAKHON RATCHASIMA, TH",14.967,102.083,188.0,2005-08-26,4.8,28.3,37.1,
TH000048431,"NAKHON RATCHASIMA, TH",14.967,102.083,188.0,2005-08-27,0.0,28.4,35.2,23.3
TH000048431,"NAKHON RATCHASIMA, TH",14.967,102.083,188.0,2005-08-28,2.3,27.9,35.4,24.8
TH000048431,"NAKHON RATCHASIMA, TH",14.967,102.083,188.0,2005-08-29,0.5,28.8,35.1,24.8
TH000048431,"NAKHON RATCHASIMA, TH",14.967,102.083,188.0,2005-08-30,3.0,28.8,35.7,25.0
TH000048431,"NAKHON RATCHASIMA, TH",14.967,102.083,188.0,2005-08-31,0.0,29.6,34.8,25.8
TH000048431,"NAKHON RATCHASIMA, TH",14.967,102.083,188.0,2005-09-01,114.6,26.7,32.5,23.1
TH000048431,"NAKHON RATCHASIMA, TH",14.967,102.083,188.0,2005-09-02,129.8,26.9,34.6,
TH000048431,"NAKHON RATCHASIMA, TH",14.967,102.083,188.0,2005-09-03,0.0,28.5,33.1,23.6
TH000048431,"NAKHON RATCHASIMA, TH",14.967,102.083,188.0,2005-09-04,5.1,26.8,33.1,24.2
TH000048431,"NAKHON RATCHASIMA, TH",14.967,102.083,188.0,2005-09-05,1.0,28.3,33.2,25.1
TH000048431,"NAKHON RATCHASIMA, TH",14.967,102.083,188.0,2005-09-06,51.3,26.2,32.2,
TH000048431,"NAKHON RATCHASIMA, TH",14.967,102.083,188.0,2005-09-07,0.3,26.6,32.3,24.9
TH000048431,"NAKHON RATCHASIMA, TH",14.967,102.083,188.0,2005-09-08,126.2,26.4,32.1,
TH000048431,"NAKHON RATCHASIMA, TH",14.967,102.083,188.0,2005-09-09,12.2,26.2,30.5,23.4
TH000048431,"NAKHON RATCHASIMA, TH",14.967,102.083,188.0,2005-09-10,11.4,27.3,31.6,23.2
TH000048431,"NAKHON RATCHASIMA, TH",14.967,102.083,188.0,2005-09-11,0.0,28.2,32.7,24.3
TH000048431,"NAKHON RATCHASIMA, TH",14.967,102.083,188.0,2005-09-12,17.5,26.6,30.7,24.3
TH000048431,"NAKHON RATCHASIMA, TH",14.967,102.083,188.0,2005-09-13,13.2,26.2,30.6,
TH000048431,"NAKHON RATCHASIMA, TH",14.967,102.083,188.0,2005-09-14,30.5,24.8,26.6,23.5
TH000048431,"NAKHON RATCHASIMA, TH",14.967,102.083,188.0,2005-09-15,2.8,27.3,32.7,23.0
TH000048431,"NAKHON RATCHASIMA, TH",14.967,102.083,188.0,2005-09-16,4.3,28.1,33.4,24.6
TH000048431,"NAKHON RATCHASIMA, TH",14.967,102.083,188.0,2005-09-17,1.5,28.8,,25.3
TH000048431,"NAKHON RATCHASIMA, TH",14.967,102.083,188.0,2005-09-18,0.0,27.9,33.1,24.8
TH000048431,"NAKHON RATCHASIMA, TH",14.967,102.083,188.0,2005-09-19,8.6,27.3,31.5,
TH000048431,"NAKHON RATCHASIMA, TH",14.967,102.083,188.0,2005-09-20,0.3,27.4,32.2,23.4
TH000048431,"NAKHON RATCHASIMA, TH",14.967,102.083,188.0,2005-09-21,25.4,25.5,30.0,23.8
TH000048431,"NAKHON RATCHASIMA, TH",14.967,102.083,188.0,2005-09-22,2.0,27.8,31.9,23.7
TH000048431,"NAKHON RATCHASIMA, TH",14.967,102.083,188.0,2005-09-23,19.3,28.2,33.3,25.2
TH000048431,"NAKHON RATCHASIMA, TH",14.967,102.083,188.0,2005-09-24,,28.2,33.2,24.5
TH000048431,"NAKHON RATCHASIMA, TH",14.967,102.083,188.0,2005-09-25,,28.8,33.5,25.0
TH000048431,"NAKHON RATCHASIMA, TH",14.967,102.083,188.0,2005-09-26,,28.8,33.2,24.8
TH000048431,"NAKHON RATCHASIMA, TH",14.967,102.083,188.0,2005-09-27,,28.7,32.8,25.3
TH000048431,"NAKHON RATCHASIMA, TH",14.967,102.083,188.0,2005-09-28,1.5,26.8,33.3,
TH000048431,"NAKHON RATCHASIMA, TH",14.967,102.083,188.0,2005-09-29,0.5,27.2,31.2,24.7
TH000048431,"NAKHON RATCHASIMA, TH",14.967,102.083,188.0,2005-09-30,68.3,25.9,32.6,
TH000048431,"NAKHON RATCHASIMA, TH",14.967,102.083,188.0,2005-10-01,0.5,28.3,32.4,23.7
TH000048431,"NAKHON RATCHASIMA, TH",14.967,102.083,188.0,2005-10-02,0.0,28.3,33.6,
TH000048431,"NAKHON RATCHASIMA, TH",14.967,102.083,188.0,2005-10-03,,28.5,34.1,24.1
TH000048431,"NAKHON RATCHASIMA, TH",14.967,102.083,188.0,2005-10-04,,28.1,32.7,24.9
TH000048431,"NAKHON RATCHASIMA, TH",14.967,102.083,188.0,2005-10-05,0.0,27.4,31.2,25.2
TH000048431,"NAKHON RATCHASIMA, TH",14.967,102.083,188.0,2005-10-06,0.0,28.4,32.0,24.5
TH000048431,"NAKHON RATCHASIMA, TH",14.967,102.083,188.0,2005-10-07,,28.8,32.3,
TH000048431,"NAKHON RATCHASIMA, TH",14.967,102.083,188.0,2005-10-08,23.1,26.1,28.8,
TH000048431,"NAKHON RATCHASIMA, TH",14.967,102.083,188.0,2005-10-09,0.0,26.4,29.5,22.7
TH000048431,"NAKHON RATCHASIMA, TH",14.967,102.083,188.0,2005-10-10,,27.4,31.4,23.8
TH000048431,"NAKHON RATCHASIMA, TH",14.967,102.083,188.0,2005-10-11,0.0,27.4,31.2,24.2
TH000048431,"NAKHON RATCHASIMA, TH",14.967,102.083,188.0,2005-10-12,1.8,26.0,28.6,24.0
TH000048431,"NAKHON RATCHASIMA, TH",14.967,102.083,188.0,2005-10-13,5.6,27.4,31.7,
TH000048431,"NAKHON RATCHASIMA, TH",14.967,102.083,188.0,2005-10-14,16.3,25.9,31.5,23.8
TH000048431,"NAKHON RATCHASIMA, TH",14.967,102.083,188.0,2005-10-15,12.7,27.7,31.5,23.8
TH000048431,"NAKHON RATCHASIMA, TH",14.967,102.083,188.0,2005-10-16,0.0,27.4,31.3,23.8
TH000048431,"NAKHON RATCHASIMA, TH",14.967,102.083,188.0,2005-10-17,,27.7,31.7,24.5
TH000048431,"NAKHON RATCHASIMA, TH",14.967,102.083,188.0,2005-10-18,,27.9,31.4,24.5
TH000048431,"NAKHON RATCHASIMA, TH",14.967,102.083,188.0,2005-10-19,,27.8,31.2,24.0
TH000048431,"NAKHON RATCHASIMA, TH",14.967,102.083,188.0,2005-10-20,,27.6,31.4,
TH000048431,"NAKHON RATCHASIMA, TH",14.967,102.083,188.0,2005-10-21,,27.0,31.5,23.5
TH000048431,"NAKHON RATCHASIMA, TH",14.967,102.083,188.0,2005-10-22,,27.0,31.1,22.5
TH000048431,"NAKHON RATCHASIMA, TH",14.967,102.083,188.0,2005-10-23,5.1,26.3,30.2,21.5
TH000048431,"NAKHON RATCHASIMA, TH",14.967,102.083,188.0,2005-10-24,17.8,25.7,29.5,
TH000048431,"NAKHON RATCHASIMA, TH",14.967,102.083,188.0,2005-10-25,2.8,25.8,29.2,23.0
TH000048431,"NAKHON RATCHASIMA, TH",14.967,102.083,188.0,2005-10-26,17.8,25.9,30.4,22.7
TH000048431,"NAKHON RATCHASIMA, TH",14.967,102.083,188.0,2005-10-27,7.9,26.7,31.2,23.7
TH000048431,"NAKHON RATCHASIMA, TH",14.967,102.083,188.0,2005-10-28,2.8,27.6,32.0,23.7
TH000048431,"NAKHON RATCHASIMA, TH",14.967,102.083,188.0,2005-10-29,0.0,28.2,31.8,23.3
TH000048431,"NAKHON RATCHASIMA, TH",14.967,102.083,188.0,2005-10-30,,26.8,30.7,23.3
TH000048431,"NAKHON RATCHASIMA, TH",14.967,102.083,188.0,2005-10-31,,25.7,29.1,21.8
TH000048431,"NAKHON RATCHASIMA, TH",14.967,102.083,188.0,2005-11-01,,26.3,30.4,22.4
TH000048431,"NAKHON RATCHASIMA, TH",14.967,102.083,188.0,2005-11-02,,26.7,31.7,22.5
TH000048431,"NAKHON RATCHASIMA, TH",14.967,102.083,188.0,2005-11-03,,27.6,32.5,23.7
TH000048431,"NAKHON RATCHASIMA, TH",14.967,102.083,188.0,2005-11-04,44.7,27.3,33.4,
TH000048431,"NAKHON RATCHASIMA, TH",14.967,102.083,188.0,2005-11-05,18.3,26.1,29.5,23.1
TH000048431,"NAKHON RATCHASIMA, TH",14.967,102.083,188.0,2005-11-06,1.0,27.2,31.8,
TH000048431,"NAKHON RATCHASIMA, TH",14.967,102.083,188.0,2005-11-07,,27.6,,24.2
TH000048431,"NAKHON RATCHASIMA, TH",14.967,102.083,188.0,2005-11-08,27.2,26.0,31.5,
TH000048431,"NAKHON RATCHASIMA, TH",14.967,102.083,188.0,2005-11-09,20.3,27.1,,23.5
TH000048431,"NAKHON RATCHASIMA, TH",14.967,102.083,188.0,2005-11-10,0.0,27.7,33.0,23.7
TH000048431,"NAKHON RATCHASIMA, TH",14.967,102.083,188.0,2005-11-11,0.0,28.3,33.2,24.0
TH000048431,"NAKHON RATCHASIMA, TH",14.967,102.083,188.0,2005-11-12,,28.2,33.2,24.4
TH000048431,"NAKHON RATCHASIMA, TH",14.967,102.083,188.0,2005-11-13,,27.9,33.0,24.2
TH000048431,"NAKHON RATCHASIMA, TH",14.967,102.083,188.0,2005-11-14,,28.3,33.0,23.8
TH000048431,"NAKHON RATCHASIMA, TH",14.967,102.083,188.0,2005-11-15,4.6,26.6,29.0,
TH000048431,"NAKHON RATCHASIMA, TH",14.967,102.083,188.0,2005-11-16,7.4,26.8,31.2,
TH000048431,"NAKHON RATCHASIMA, TH",14.967,102.083,188.0,2005-11-17,,26.9,31.3,22.8
TH000048431,"NAKHON RATCHASIMA, TH",14.967,102.083,188.0,2005-11-18,,26.0,30.3,22.9
TH000048431,"NAKHON RATCHASIMA, TH",14.967,102.083,188.0,2005-11-19,,25.2,29.4,
TH000048431,"NAKHON RATCHASIMA, TH",14.967,102.083,188.0,2005-11-20,,23.3,28.2,14.6
TH000048431,"NAKHON RATCHASIMA, TH",14.967,102.083,188.0,2005-11-21,,22.3,26.6,
TH000048431,"NAKHON RATCHASIMA, TH",14.967,102.083,188.0,2005-11-22,,22.0,26.5,17.3
TH000048431,"NAKHON RATCHASIMA, TH",14.967,102.083,188.0,2005-11-23,,22.1,25.7,18.6
TH000048431,"NAKHON RATCHASIMA, TH",14.967,102.083,188.0,2005-11-24,,23.3,28.0,18.2
TH000048431,"NAKHON RATCHASIMA, TH",14.967,102.083,188.0,2005-11-25,0.0,23.6,27.6,19.4
TH000048431,"NAKHON RATCHASIMA, TH",14.967,102.083,188.0,2005-11-26,0.0,25.1,28.7,22.2
TH000048431,"NAKHON RATCHASIMA, TH",14.967,102.083,188.0,2005-11-27,,25.8,30.4,21.3
TH000048431,"NAKHON RATCHASIMA, TH",14.967,102.083,188.0,2005-11-28,,26.8,31.2,21.9
TH000048431,"NAKHON RATCHASIMA, TH",14.967,102.083,188.0,2005-11-29,,26.2,30.8,22.1
TH000048431,"NAKHON RATCHASIMA, TH",14.967,102.083,188.0,2005-11-30,,24.8,30.6,21.3
TH000048431,"NAKHON RATCHASIMA, TH",14.967,102.083,188.0,2005-12-01,,26.6,31.2,20.3
TH000048431,"NAKHON RATCHASIMA, TH",14.967,102.083,188.0,2005-12-02,,27.5,32.1,23.4
TH000048431,"NAKHON RATCHASIMA, TH",14.967,102.083,188.0,2005-12-03,,27.1,32.0,
TH000048431,"NAKHON RATCHASIMA, TH",14.967,102.083,188.0,2005-12-04,0.5,27.0,31.7,23.3
TH000048431,"NAKHON RATCHASIMA, TH",14.967,102.083,188.0,2005-12-05,,25.9,29.0,22.3
TH000048431,"NAKHON RATCHASIMA, TH",14.967,102.083,188.0,2005-12-06,0.0,24.3,27.5,
TH000048431,"NAKHON RATCHASIMA, TH",14.967,102.083,188.0,2005-12-07,,22.6,27.5,
TH000048431,"NAKHON RATCHASIMA, TH",14.967,102.083,188.0,2005-12-08,,22.5,27.0,17.3
TH000048431,"NAKHON RATCHASIMA, TH",14.967,102.083,188.0,2005-12-09,,23.6,28.5,17.5
TH000048431,"NAKHON RATCHASIMA, TH",14.967,102.083,188.0,2005-12-10,,24.1,29.3,19.8
TH000048431,"NAKHON RATCHASIMA, TH",14.967,102.083,188.0,2005-12-11,,26.2,31.2,20.9
TH000048431,"NAKHON RATCHASIMA, TH",14.967,102.083,188.0,2005-12-12,0.0,24.9,29.5,
TH000048431,"NAKHON RATCHASIMA, TH",14.967,102.083,188.0,2005-12-13,,23.1,27.5,18.5
TH000048431,"NAKHON RATCHASIMA, TH",14.967,102.083,188.0,2005-12-14,,23.3,28.0,18.2
TH000048431,"NAKHON RATCHASIMA, TH",14.967,102.083,188.0,2005-12-15,0.0,21.6,24.2,
TH000048431,"NAKHON RATCHASIMA, TH",14.967,102.083,188.0,2005-12-16,0.0,22.1,26.3,17.9
TH000048431,"NAKHON RATCHASIMA, TH",14.967,102.083,188.0,2005-12-17,,21.5,26.6,
TH000048431,"NAKHON RATCHASIMA, TH",14.967,102.083,188.0,2005-12-18,,19.6,24.7,
TH000048431,"NAKHON RATCHASIMA, TH",14.967,102.083,188.0,2005-12-19,,18.4,24.8,13.2
TH000048431,"NAKHON RATCHASIMA, TH",14.967,102.083,188.0,2005-12-20,,22.3,26.7,15.2
TH000048431,"NAKHON RATCHASIMA, TH",14.967,102.083,188.0,2005-12-21,0.0,19.1,23.5,
TH000048431,"NAKHON RATCHASIMA, TH",14.967,102.083,188.0,2005-12-22,0.3,18.8,21.3,15.0
TH000048431,"NAKHON RATCHASIMA, TH",14.967,102.083,188.0,2005-12-23,0.0,19.1,22.6,
TH000048431,"NAKHON RATCHASIMA, TH",14.967,102.083,188.0,2005-12-24,0.0,23.2,28.5,15.9
TH000048431,"NAKHON RATCHASIMA, TH",14.967,102.083,188.0,2005-12-25,,26.4,31.2,22.2
TH000048431,"NAKHON RATCHASIMA, TH",14.967,102.083,188.0,2005-12-26,,26.6,30.7,23.1
TH000048431,"NAKHON RATCHASIMA, TH",14.967,102.083,188.0,2005-12-27,,26.2,30.7,23.0
TH000048431,"NAKHON RATCHASIMA, TH",14.967,102.083,188.0,2005-12-28,,25.3,30.0,
TH000048431,"NAKHON RATCHASIMA, TH",14.967,102.083,188.0,2005-12-29,,24.3,29.6,19.9
TH000048431,"NAKHON RATCHASIMA, TH",14.967,102.083,188.0,2005-12-30,,23.7,30.0,19.0
TH000048431,"NAKHON RATCHASIMA, TH",14.967,102.083,188.0,2005-12-31,,26.8,31.2,
TH000048431,"NAKHON RATCHASIMA, TH",14.967,102.083,188.0,2006-01-01,,26.0,30.9,22.2
TH000048431,"NAKHON RATCHASIMA, TH",14.967,102.083,188.0,2006-01-02,,26.6,31.7,21.7
TH000048431,"NAKHON RATCHASIMA, TH",14.967,102.083,188.0,2006-01-03,,25.9,31.4,20.6
TH000048431,"NAKHON RATCHASIMA, TH",14.967,102.083,188.0,2006-01-04,,27.7,34.4,21.1
TH000048431,"NAKHON RATCHASIMA, TH",14.967,102.083,188.0,2006-01-05,,29.5,35.0,22.5
TH000048431,"NAKHON RATCHASIMA, TH",14.967,102.083,188.0,2006-01-06,,25.4,31.5,
TH000048431,"NAKHON RATCHASIMA, TH",14.967,102.083,188.0,2006-01-07,,22.0,27.0,17.4
TH000048431,"NAKHON RATCHASIMA, TH",14.967,102.083,188.0,2006-01-08,,22.2,28.0,16.3
TH000048431,"NAKHON RATCHASIMA, TH",14.967,102.083,188.0,2006-01-09,,21.3,26.4,16.1
TH000048431,"NAKHON RATCHASIMA, TH",14.967,102.083,188.0,2006-01-10,,22.2,27.3,15.4
TH000048431,"NAKHON RATCHASIMA, TH",14.967,102.083,188.0,2006-01-11,,21.8,28.7,15.6
TH000048431,"NAKHON RATCHASIMA, TH",14.967,102.083,188.0,2006-01-12,,23.8,32.0,16.1
TH000048431,"NAKHON RATCHASIMA, TH",14.967,102.083,188.0,2006-01-13,,25.3,33.5,17.2
TH000048431,"NAKHON RATCHASIMA, TH",14.967,102.083,188.0,2006-01-14,,26.8,34.5,18.6
TH000048431,"NAKHON RATCHASIMA, TH",14.967,102.083,188.0,2006-01-15,,26.8,34.1,20.1
TH000048431,"NAKHON RATCHASIMA, TH",14.967,102.083,188.0,2006-01-16,,27.7,34.6,20.5
TH000048431,"NAKHON RATCHASIMA, TH",14.967,102.083,188.0,2006-01-17,,27.4,35.2,21.0
TH000048431,"NAKHON RATCHASIMA, TH",14.967,102.083,188.0,2006-01-18,,27.2,36.0,19.0
TH000048431,"NAKHON RATCHASIMA, TH",14.967,102.083,188.0,2006-01-19,,26.8,35.4,19.0
TH000048431,"NAKHON RATCHASIMA, TH",14.967,102.083,188.0,2006-01-20,,26.6,36.0,
TH000048431,"NAKHON RATCHASIMA, TH",14.967,102.083,188.0,2006-01-21,,26.7,35.7,17.7
TH000048431,"NAKHON RATCHASIMA, TH",14.967,102.083,188.0,2006-01-22,,25.2,31.1,19.9
TH000048431,"NAKHON RATCHASIMA, TH",14.967,102.083,188.0,2006-01-23,,23.9,29.7,
TH000048431,"NAKHON RATCHASIMA, TH",14.967,102.083,188.0,2006-01-24,,21.9,27.2,16.7
TH000048431,"NAKHON RATCHASIMA, TH",14.967,102.083,188.0,2006-01-25,,21.9,28.0,16.2
TH000048431,"NAKHON RATCHASIMA, TH",14.967,102.083,188.0,2006-01-26,,22.3,27.0,15.7
TH000048431,"NAKHON RATCHASIMA, TH",14.967,102.083,188.0,2006-01-27,,22.4,28.6,
TH000048431,"NAKHON RATCHASIMA, TH",14.967,102.083,188.0,2006-01-28,,24.0,31.7,16.4
TH000048431,"NAKHON RATCHASIMA, TH",14.967,102.083,188.0,2006-01-29,,25.3,33.0,17.2
TH000048431,"NAKHON RATCHASIMA, TH",14.967,102.083,188.0,2006-01-30,,26.6,33.4,18.5
TH000048431,"NAKHON RATCHASIMA, TH",14.967,102.083,188.0,2006-01-31,,27.2,33.7,20.7
TH000048431,"NAKHON RATCHASIMA, TH",14.967,102.083,188.0,2006-02-01,,27.1,33.4,21.9
TH000048431,"NAKHON RATCHASIMA, TH",14.967,102.083,188.0,2006-02-02,,27.5,35.0,20.9
TH000048431,"NAKHON RATCHASIMA, TH",14.967,102.083,188.0,2006-02-03,,28.2,34.7,20.5
TH000048431,"NAKHON RATCHASIMA, TH",14.967,102.083,188.0,2006-02-04,,25.9,,21.6
TH000048431,"NAKHON RATCHASIMA, TH",14.967,102.083,188.0,2006-02-05,,25.4,31.0,20.3
TH000048431,"NAKHON RATCHASIMA, TH",14.967,102.083,188.0,2006-02-06,,25.7,32.0,19.2
TH000048431,"NAKHON RATCHASIMA, TH",14.967,102.083,188.0,2006-02-07,,26.0,31.9,19.8
TH000048431,"NAKHON RATCHASIMA, TH",14.967,102.083,188.0,2006-02-08,,25.8,31.5,20.5
TH000048431,"NAKHON RATCHASIMA, TH",14.967,102.083,188.0,2006-02-09,,25.3,31.5,20.0
TH000048431,"NAKHON RATCHASIMA, TH",14.967,102.083,188.0,2006-02-10,,26.4,31.6,21.2
TH000048431,"NAKHON RATCHASIMA, TH",14.967,102.083,188.0,2006-02-11,0.3,27.2,32.8,21.0
TH000048431,"NAKHON RATCHASIMA, TH",14.967,102.083,188.0,2006-02-12,,25.2,30.6,
TH000048431,"NAKHON RATCHASIMA, TH",14.967,102.083,188.0,2006-02-13,0.5,22.6,26.0,20.6
TH000048431,"NAKHON RATCHASIMA, TH",14.967,102.083,188.0,2006-02-14,0.0,27.6,33.8,20.8
TH000048431,"NAKHON RATCHASIMA, TH",14.967,102.083,188.0,2006-02-15,,29.4,35.9,22.8
TH000048431,"NAKHON RATCHASIMA, TH",14.967,102.083,188.0,2006-02-16,1.5,27.6,35.4,
TH000048431,"NAKHON RATCHASIMA, TH",14.967,102.083,188.0,2006-02-17,1.8,26.3,33.6,
TH000048431,"NAKHON RATCHASIMA, TH",14.967,102.083,188.0,2006-02-18,0.5,26.7,31.2,22.4
TH000048431,"NAKHON RATCHASIMA, TH",14.967,102.083,188.0,2006-02-19,0.0,27.8,32.8,23.2
TH000048431,"NAKHON RATCHASIMA, TH",14.967,102.083,188.0,2006-02-20,,27.7,33.1,23.0
TH000048431,"NAKHON RATCHASIMA, TH",14.967,102.083,188.0,2006-02-21,,28.2,34.1,23.4
TH000048431,"NAKHON RATCHASIMA, TH",14.967,102.083,188.0,2006-02-22,,29.4,35.5,22.9
TH000048431,"NAKHON RATCHASIMA, TH",14.967,102.083,188.0,2006-02-23,,27.4,32.5,21.8
TH000048431,"NAKHON RATCHASIMA, TH",14.967,102.083,188.0,2006-02-24,,27.9,34.1,22.3
TH000048431,"NAKHON RATCHASIMA, TH",14.967,102.083,188.0,2006-02-25,,28.9,36.3,23.5
TH000048431,"NAKHON RATCHASIMA, TH",14.967,102.083,188.0,2006-02-26,,30.3,36.5,23.7
TH000048431,"NAKHON RATCHASIMA, TH",14.967,102.083,188.0,2006-02-27,,31.6,37.4,24.4
TH000048431,"NAKHON RATCHASIMA, TH",14.967,102.083,188.0,2006-02-28,0.0,29.8,38.0,23.9
TH000048431,"NAKHON RATCHASIMA, TH",14.967,102.083,188.0,2006-03-01,0.0,24.9,30.4,
TH000048431,"NAKHON RATCHASIMA, TH",14.967,102.083,188.0,2006-03-02,0.0,23.8,28.9,
TH000048431,"NAKHON RATCHASIMA, TH",14.967,102.083,188.0,2006-03-03,,25.3,31.2,19.0
TH000048431,"NAKHON RATCHASIMA, TH",14.967,102.083,188.0,2006-03-04,,28.0,33.9,21.3
TH000048431,"NAKHON RATCHASIMA, TH",14.967,102.083,188.0,2006-03-05,,29.0,36.7,23.4
TH000048431,"NAKHON RATCHASIMA, TH",14.967,102.083,188.0,2006-03-06,,30.8,37.6,23.9
TH000048431,"NAKHON RATCHASIMA, TH",14.967,102.083,188.0,2006-03-07,,29.6,37.4,24.3
TH000048431,"NAKHON RATCHASIMA, TH",14.967,102.083,188.0,2006-03-08,0.0,30.2,38.4,23.6
TH000048431,"NAKHON RATCHASIMA, TH",14.967,102.083,188.0,2006-03-09,22.4,28.6,37.5,
TH000048431,"NAKHON RATCHASIMA, TH",14.967,102.083,188.0,2006-03-10,,29.6,36.3,22.6
TH000048431,"NAKHON RATCHASIMA, TH",14.967,102.083,188.0,2006-03-11,,30.5,37.6,24.6
TH000048431,"NAKHON RATCHASIMA, TH",14.967,102.083,188.0,2006-03-12,,31.1,38.7,24.4
TH000048431,"NAKHON RATCHASIMA, TH",14.967,102.083,188.0,2006-03-13,1.8,28.9,37.7,
TH000048431,"NAKHON RATCHASIMA, TH",14.967,102.083,188.0,2006-03-14,0.0,21.1,24.6,
TH000048431,"NAKHON RATCHASIMA, TH",14.967,102.083,188.0,2006-03-15,,25.7,31.1,19.8
TH000048431,"NAKHON RATCHASIMA, TH",14.967,102.083,188.0,2006-03-16,,29.4,35.7,22.4
TH000048431,"NAKHON RATCHASIMA, TH",14.967,102.083,188.0,2006-03-17,,30.6,36.6,22.4
TH000048431,"NAKHON RATCHASIMA, TH",14.967,102.083,188.0,2006-03-18,,31.0,38.0,25.8
TH000048431,"NAKHON RATCHASIMA, TH",14.967,102.083,188.0,2006-03-19,,30.2,37.3,25.3
TH000048431,"NAKHON RATCHASIMA, TH",14.967,102.083,188.0,2006-03-20,,29.6,36.2,25.1
TH000048431,"NAKHON RATCHASIMA, TH",14.967,102.083,188.0,2006-03-21,,29.4,36.1,24.6
TH000048431,"NAKHON RATCHASIMA, TH",14.967,102.083,188.0,2006-03-22,,30.1,37.0,24.6
TH000048431,"NAKHON RATCHASIMA, TH",14.967,102.083,188.0,2006-03-23,,31.1,38.2,24.3
TH000048431,"NAKHON RATCHASIMA, TH",14.967,102.083,188.0,2006-03-24,,31.7,38.4,25.2
TH000048431,"NAKHON RATCHASIMA, TH",14.967,102.083,188.0,2006-03-25,,31.9,38.2,25.7
TH000048431,"NAKHON RATCHASIMA, TH",14.967,102.083,188.0,2006-03-26,14.5,30.3,37.5,26.2
TH000048431,"NAKHON RATCHASIMA, TH",14.967,102.083,188.0,2006-03-27,,31.3,37.3,25.1
TH000048431,"NAKHON RATCHASIMA, TH",14.967,102.083,188.0,2006-03-28,2.0,28.6,37.0,
TH000048431,"NAKHON RATCHASIMA, TH",14.967,102.083,188.0,2006-03-29,0.0,28.6,34.0,23.8
TH000048431,"NAKHON RATCHASIMA, TH",14.967,102.083,188.0,2006-03-30,1.0,26.4,33.3,
TH000048431,"NAKHON RATCHASIMA, TH",14.967,102.083,188.0,2006-03-31,,27.5,33.1,23.0
TH000048431,"NAKHON RATCHASIMA, TH",14.967,102.083,188.0,2006-04-01,11.7,27.0,32.4,23.7
TH000048431,"NAKHON RATCHASIMA, TH",14.967,102.083,188.0,2006-04-02,1.5,27.4,33.5,
TH000048431,"NAKHON RATCHASIMA, TH",14.967,102.083,188.0,2006-04-03,,28.8,35.3,23.0
TH000048431,"NAKHON RATCHASIMA, TH",14.967,102.083,188.0,2006-04-04,13.5,29.5,37.2,23.9
TH000048431,"NAKHON RATCHASIMA, TH",14.967,102.083,188.0,2006-04-05,,30.6,37.5,24.4
TH000048431,"NAKHON RATCHASIMA, TH",14.967,102.083,188.0,2006-04-06,,31.7,38.1,25.9
TH000048431,"NAKHON RATCHASIMA, TH",14.967,102.083,188.0,2006-04-07,35.3,27.4,38.1,
TH000048431,"NAKHON RATCHASIMA, TH",14.967,102.083,188.0,2006-04-08,2.5,28.0,32.2,23.3
TH000048431,"NAKHON RATCHASIMA, TH",14.967,102.083,188.0,2006-04-09,0.0,29.7,35.6,25.0
TH000048431,"NAKHON RATCHASIMA, TH",14.967,102.083,188.0,2006-04-10,,30.6,36.3,25.4
TH000048431,"NAKHON RATCHASIMA, TH",14.967,102.083,188.0,2006-04-11,,30.7,36.7,25.9
TH000048431,"NAKHON RATCHASIMA, TH",14.967,102.083,188.0,2006-04-12,,31.3,36.8,25.6
TH000048431,"NAKHON RATCHASIMA, TH",14.967,102.083,188.0,2006-04-13,,32.2,37.8,26.2
TH000048431,"NAKHON RATCHASIMA, TH",14.967,102.083,188.0,2006-04-14,,30.1,37.7,
TH000048431,"NAKHON RATCHASIMA, TH",14.967,102.083,188.0,2006-04-15,61.7,24.8,32.2,
TH000048431,"NAKHON RATCHASIMA, TH",14.967,102.083,188.0,2006-04-16,1.0,27.1,31.2,22.5
TH000048431,"NAKHON RATCHASIMA, TH",14.967,102.083,188.0,2006-04-17,0.0,28.7,33.7,23.9
TH000048431,"NAKHON RATCHASIMA, TH",14.967,102.083,188.0,2006-04-18,,29.7,35.0,24.8
TH000048431,"NAKHON RATCHASIMA, TH",14.967,102.083,188.0,2006-04-19,14.7,28.4,35.8,
TH000048431,"NAKHON RATCHASIMA, TH",14.967,102.083,188.0,2006-04-20,0.3,29.3,,23.9
TH000048431,"NAKHON RATCHASIMA, TH",14.967,102.083,188.0,2006-04-21,0.0,28.6,35.4,
TH000048431,"NAKHON RATCHASIMA, TH",14.967,102.083,188.0,2006-04-22,,30.3,36.5,25.3
TH000048431,"NAKHON RATCHASIMA, TH",14.967,102.083,188.0,2006-04-23,,30.6,37.0,25.0
TH000048431,"NAKHON RATCHASIMA, TH",14.967,102.083,188.0,2006-04-24,4.8,29.3,34.6,
TH000048431,"NAKHON RATCHASIMA, TH",14.967,102.083,188.0,2006-04-25,,29.9,35.2,25.0
TH000048431,"NAKHON RATCHASIMA, TH",14.967,102.083,188.0,2006-04-26,,30.4,36.3,26.0
TH000048431,"NAKHON RATCHASIMA, TH",14.967,102.083,188.0,2006-04-27,0.3,29.9,36.2,25.3
TH000048431,"NAKHON RATCHASIMA, TH",14.967,102.083,188.0,2006-04-28,0.3,30.3,35.9,25.2
TH000048431,"NAKHON RATCHASIMA, TH",14.967,102.083,188.0,2006-04-29,0.3,30.2,35.1,25.9
TH000048431,"NAKHON RATCHASIMA, TH",14.967,102.083,188.0,2006-04-30,,30.6,37.0,26.1
TH000048431,"NAKHON RATCHASIMA, TH",14.967,102.083,188.0,2006-05-01,1.0,30.2,35.5,25.8
TH000048431,"NAKHON RATCHASIMA, TH",14.967,102.083,188.0,2006-05-02,5.3,28.3,36.7,
TH000048431,"NAKHON RATCHASIMA, TH",14.967,102.083,188.0,2006-05-03,,31.4,37.7,24.4
TH000048431,"NAKHON RATCHASIMA, TH",14.967,102.083,188.0,2006-05-04,,29.5,38.1,26.4
TH000048431,"NAKHON RATCHASIMA, TH",14.967,102.083,188.0,2006-05-05,,29.8,37.5,25.5
TH000048431,"NAKHON RATCHASIMA, TH",14.967,102.083,188.0,2006-05-06,,29.3,36.5,25.3
TH000048431,"NAKHON RATCHASIMA, TH",14.967,102.083,188.0,2006-05-07,5.1,28.4,34.5,
TH000048431,"NAKHON RATCHASIMA, TH",14.967,102.083,188.0,2006-05-08,3.6,30.1,37.1,24.6
TH000048431,"NAKHON RATCHASIMA, TH",14.967,102.083,188.0,2006-05-09,0.3,28.9,36.4,24.8
TH000048431,"NAKHON RATCHASIMA, TH",14.967,102.083,188.0,2006-05-10,0.0,29.4,34.5,24.7
TH000048431,"NAKHON RATCHASIMA, TH",14.967,102.083,188.0,2006-05-11,0.0,28.9,34.6,
TH000048431,"NAKHON RATCHASIMA, TH",14.967,102.083,188.0,2006-05-12,0.0,29.9,36.5,24.0
TH000048431,"NAKHON RATCHASIMA, TH",14.967,102.083,188.0,2006-05-13,,29.9,36.4,26.5
TH000048431,"NAKHON RATCHASIMA, TH",14.967,102.083,188.0,2006-05-14,,29.2,33.3,
TH000048431,"NAKHON RATCHASIMA, TH",14.967,102.083,188.0,2006-05-15,,27.6,32.4,22.8
TH000048431,"NAKHON RATCHASIMA, TH",14.967,102.083,188.0,2006-05-16,,29.1,34.0,23.1
TH000048431,"NAKHON RATCHASIMA, TH",14.967,102.083,188.0,2006-05-17,,29.4,33.8,
TH000048431,"NAKHON RATCHASIMA, TH",14.967,102.083,188.0,2006-05-18,34.5,26.1,33.2,23.7
TH000048431,"NAKHON RATCHASIMA, TH",14.967,102.083,188.0,2006-05-19,12.2,25.0,29.1,23.9
TH000048431,"NAKHON RATCHASIMA, TH",14.967,102.083,188.0,2006-05-20,6.6,26.3,31.5,23.6
TH000048431,"NAKHON RATCHASIMA, TH",14.967,102.083,188.0,2006-05-21,1.0,27.8,32.8,24.5
TH000048431,"NAKHON RATCHASIMA, TH",14.967,102.083,188.0,2006-05-22,2.8,27.6,32.3,24.3
TH000048431,"NAKHON RATCHASIMA, TH",14.967,102.083,188.0,2006-05-23,0.0,27.6,32.7,24.7
TH000048431,"NAKHON RATCHASIMA, TH",14.967,102.083,188.0,2006-05-24,0.0,29.0,34.8,24.9
TH000048431,"NAKHON RATCHASIMA, TH",14.967,102.083,188.0,2006-05-25,,29.1,34.4,25.6
TH000048431,"NAKHON RATCHASIMA, TH",14.967,102.083,188.0,2006-05-26,0.0,29.2,33.7,25.2
TH000048431,"NAKHON RATCHASIMA, TH",14.967,102.083,188.0,2006-05-27,0.0,30.1,35.3,26.0
TH000048431,"NAKHON RATCHASIMA, TH",14.967,102.083,188.0,2006-05-28,26.7,29.1,34.5,
TH000048431,"NAKHON RATCHASIMA, TH",14.967,102.083,188.0,2006-05-29,12.2,29.2,35.5,25.7
TH000048431,"NAKHON RATCHASIMA, TH",14.967,102.083,188.0,2006-05-30,,28.9,33.8,
TH000048431,"NAKHON RATCHASIMA, TH",14.967,102.083,188.0,2006-05-31,2.0,27.9,33.8,24.7
TH000048431,"NAKHON RATCHASIMA, TH",14.967,102.083,188.0,2006-06-01,0.3,28.4,33.0,
TH000048431,"NAKHON RATCHASIMA, TH",14.967,102.083,188.0,2006-06-02,3.6,29.1,34.5,24.1
TH000048431,"NAKHON RATCHASIMA, TH",14.967,102.083,188.0,2006-06-03,,29.3,33.7,24.3
TH000048431,"NAKHON RATCHASIMA, TH",14.967,102.083,188.0,2006-06-04,,30.0,34.7,24.7
TH000048431,"NAKHON RATCHASIMA, TH",14.967,102.083,188.0,2006-06-05,,29.4,34.9,25.6
TH000048431,"NAKHON RATCHASIMA, TH",14.967,102.083,188.0,2006-06-06,,30.0,35.0,25.1
TH000048431,"NAKHON RATCHASIMA, TH",14.967,102.083,188.0,2006-06-07,,30.7,36.0,24.9
TH000048431,"NAKHON RATCHASIMA, TH",14.967,102.083,188.0,2006-06-08,,30.8,36.1,25.5
TH000048431,"NAKHON RATCHASIMA, TH",14.967,102.083,188.0,2006-06-09,,30.5,36.2,25.9
TH000048431,"NAKHON RATCHASIMA, TH",14.967,102.083,188.0,2006-06-10,,30.1,35.0,25.6
TH000048431,"NAKHON RATCHASIMA, TH",14.967,102.083,188.0,2006-06-11,,30.1,35.0,26.1
TH000048431,"NAKHON RATCHASIMA, TH",14.967,102.083,188.0,2006-06-12,,31.4,37.2,
TH000048431,"NAKHON RATCHASIMA, TH",14.967,102.083,188.0,2006-06-13,,31.5,37.6,25.6
TH000048431,"NAKHON RATCHASIMA, TH",14.967,102.083,188.0,2006-06-14,2.3,30.9,38.0,26.0
TH000048431,"NAKHON RATCHASIMA, TH",14.967,102.083,188.0,2006-06-15,5.6,28.8,35.9,25.9
TH000048431,"NAKHON RATCHASIMA, TH",14.967,102.083,188.0,2006-06-16,,29.8,36.1,25.4
TH000048431,"NAKHON RATCHASIMA, TH",14.967,102.083,188.0,2006-06-17,4.1,29.2,37.6,
TH000048431,"NAKHON RATCHASIMA, TH",14.967,102.083,188.0,2006-06-18,31.0,27.4,32.6,
TH000048431,"NAKHON RATCHASIMA, TH",14.967,102.083,188.0,2006-06-19,3.3,27.6,32.3,24.4
TH000048431,"NAKHON RATCHASIMA, TH",14.967,102.083,188.0,2006-06-20,2.5,27.8,32.1,25.3
TH000048431,"NAKHON RATCHASIMA, TH",14.967,102.083,188.0,2006-06-21,1.3,28.5,32.3,25.3
TH000048431,"NAKHON RATCHASIMA, TH",14.967,102.083,188.0,2006-06-22,,28.8,33.2,25.4
TH000048431,"NAKHON RATCHASIMA, TH",14.967,102.083,188.0,2006-06-23,,29.1,34.0,
TH000048431,"NAKHON RATCHASIMA, TH",14.967,102.083,188.0,2006-06-24,0.0,27.1,32.2,25.3
TH000048431,"NAKHON RATCHASIMA, TH",14.967,102.083,188.0,2006-06-25,0.0,28.5,33.1,24.8
TH000048431,"NAKHON RATCHASIMA, TH",14.967,102.083,188.0,2006-06-26,8.9,27.6,35.4,24.8
TH000048431,"NAKHON RATCHASIMA, TH",14.967,102.083,188.0,2006-06-27,0.3,28.2,33.7,24.8
TH000048431,"NAKHON RATCHASIMA, TH",14.967,102.083,188.0,2006-06-28,0.5,28.3,34.6,24.6
TH000048431,"NAKHON RATCHASIMA, TH",14.967,102.083,188.0,2006-06-29,0.0,28.7,33.2,25.3
TH000048431,"NAKHON RATCHASIMA, TH",14.967,102.083,188.0,2006-06-30,0.0,28.5,32.5,25.6
TH000048431,"NAKHON RATCHASIMA, TH",14.967,102.083,188.0,2006-07-01,1.8,28.4,33.6,
TH000048431,"NAKHON RATCHASIMA, TH",14.967,102.083,188.0,2006-07-02,0.3,28.1,32.2,25.2
TH000048431,"NAKHON RATCHASIMA, TH",14.967,102.083,188.0,2006-07-03,0.0,28.8,32.8,25.9
TH000048431,"NAKHON RATCHASIMA, TH",14.967,102.083,188.0,2006-07-04,0.0,29.6,34.1,26.2
TH000048431,"NAKHON RATCHASIMA, TH",14.967,102.083,188.0,2006-07-05,2.8,29.6,34.2,
TH000048431,"NAKHON RATCHASIMA, TH",14.967,102.083,188.0,2006-07-06,2.3,29.9,35.4,24.9
TH000048431,"NAKHON RATCHASIMA, TH",14.967,102.083,188.0,2006-07-07,0.0,30.3,35.1,25.7
TH000048431,"NAKHON RATCHASIMA, TH",14.967,102.083,188.0,2006-07-08,0.0,30.6,35.6,25.9
TH000048431,"NAKHON RATCHASIMA, TH",14.967,102.083,188.0,2006-07-09,0.0,31.1,36.5,26.5
TH000048431,"NAKHON RATCHASIMA, TH",14.967,102.083,188.0,2006-07-10,8.1,29.7,36.3,
TH000048431,"NAKHON RATCHASIMA, TH",14.967,102.083,188.0,2006-07-11,2.8,28.4,33.0,25.1
TH000048431,"NAKHON RATCHASIMA, TH",14.967,102.083,188.0,2006-07-12,1.8,28.9,33.1,25.9
TH000048431,"NAKHON RATCHASIMA, TH",14.967,102.083,188.0,2006-07-13,,29.4,34.6,25.8
TH000048431,"NAKHON RATCHASIMA, TH",14.967,102.083,188.0,2006-07-14,,30.2,36.2,25.3
TH000048431,"NAKHON RATCHASIMA, TH",14.967,102.083,188.0,2006-07-15,,30.0,34.8,25.1
TH000048431,"NAKHON RATCHASIMA, TH",14.967,102.083,188.0,2006-07-16,4.1,28.8,35.0,
TH000048431,"NAKHON RATCHASIMA, TH",14.967,102.083,188.0,2006-07-17,,28.9,33.0,24.3
TH000048431,"NAKHON RATCHASIMA, TH",14.967,102.083,188.0,2006-07-18,10.4,27.8,33.1,25.8
TH000048431,"NAKHON RATCHASIMA, TH",14.967,102.083,188.0,2006-07-19,8.4,26.3,37.0,
TH000048431,"NAKHON RATCHASIMA, TH",14.967,102.083,188.0,2006-07-20,0.5,28.6,34.5,23.7
TH000048431,"NAKHON RATCHASIMA, TH",14.967,102.083,188.0,2006-07-21,0.0,29.0,34.5,24.4
TH000048431,"NAKHON RATCHASIMA, TH",14.967,102.083,188.0,2006-07-22,0.0,28.5,34.5,25.6
TH000048431,"NAKHON RATCHASIMA, TH",14.967,102.083,188.0,2006-07-23,0.0,30.1,35.0,25.4
TH000048431,"NAKHON RATCHASIMA, TH",14.967,102.083,188.0,2006-07-24,,30.3,35.7,25.6
TH000048431,"NAKHON RATCHASIMA, TH",14.967,102.083,188.0,2006-07-25,1.0,29.4,34.9,
TH000048431,"NAKHON RATCHASIMA, TH",14.967,102.083,188.0,2006-07-26,1.3,27.2,33.2,
TH000048431,"NAKHON RATCHASIMA, TH",14.967,102.083,188.0,2006-07-27,0.8,27.0,30.0,23.4
TH000048431,"NAKHON RATCHASIMA, TH",14.967,102.083,188.0,2006-07-28,2.3,27.4,31.0,24.9
TH000048431,"NAKHON RATCHASIMA, TH",14.967,102.083,188.0,2006-07-29,2.0,29.4,35.4,24.9
TH000048431,"NAKHON RATCHASIMA, TH",14.967,102.083,188.0,2006-07-30,0.0,30.1,34.7,25.8
TH000048431,"NAKHON RATCHASIMA, TH",14.967,102.083,188.0,2006-07-31,12.2,27.9,33.3,
TH000048431,"NAKHON RATCHASIMA, TH",14.967,102.083,188.0,2006-08-01,8.6,26.3,30.2,23.4
TH000048431,"NAKHON RATCHASIMA, TH",14.967,102.083,188.0,2006-08-02,0.3,28.1,31.6,24.4
TH000048431,"NAKHON RATCHASIMA, TH",14.967,102.083,188.0,2006-08-03,0.0,28.4,32.3,25.2
TH000048431,"NAKHON RATCHASIMA, TH",14.967,102.083,188.0,2006-08-04,0.0,27.8,31.9,
TH000048431,"NAKHON RATCHASIMA, TH",14.967,102.083,188.0,2006-08-05,0.0,28.3,34.0,24.8
TH000048431,"NAKHON RATCHASIMA, TH",14.967,102.083,188.0,2006-08-06,,28.9,33.5,25.0
TH000048431,"NAKHON RATCHASIMA, TH",14.967,102.083,188.0,2006-08-07,0.0,28.7,31.8,25.2
TH000048431,"NAKHON RATCHASIMA, TH",14.967,102.083,188.0,2006-08-08,0.0,29.3,35.4,
TH000048431,"NAKHON RATCHASIMA, TH",14.967,102.083,188.0,2006-08-09,,29.3,35.3,24.6
TH000048431,"NAKHON RATCHASIMA, TH",14.967,102.083,188.0,2006-08-10,1.3,29.7,35.7,24.1
TH000048431,"NAKHON RATCHASIMA, TH",14.967,102.083,188.0,2006-08-11,,29.9,34.5,26.2
TH000048431,"NAKHON RATCHASIMA, TH",14.967,102.083,188.0,2006-08-12,,29.6,34.1,26.0
TH000048431,"NAKHON RATCHASIMA, TH",14.967,102.083,188.0,2006-08-13,2.0,28.8,34.5,
TH000048431,"NAKHON RATCHASIMA, TH",14.967,102.083,188.0,2006-08-14,1.5,28.5,33.4,24.1
TH000048431,"NAKHON RATCHASIMA, TH",14.967,102.083,188.0,2006-08-15,0.0,29.4,35.7,24.5
TH000048431,"NAKHON RATCHASIMA, TH",14.967,102.083,188.0,2006-08-16,,29.4,35.0,25.2
TH000048431,"NAKHON RATCHASIMA, TH",14.967,102.083,188.0,2006-08-17,,30.4,36.5,24.7
TH000048431,"NAKHON RATCHASIMA, TH",14.967,102.083,188.0,2006-08-18,,30.5,36.2,25.9
TH000048431,"NAKHON RATCHASIMA, TH",14.967,102.083,188.0,2006-08-19,,29.3,34.1,
TH000048431,"NAKHON RATCHASIMA, TH",14.967,102.083,188.0,2006-08-20,,29.6,34.3,25.4
TH000048431,"NAKHON RATCHASIMA, TH",14.967,102.083,188.0,2006-08-21,1.5,28.9,36.3,
TH000048431,"NAKHON RATCHASIMA, TH",14.967,102.083,188.0,2006-08-22,1.8,28.0,31.7,24.9
TH000048431,"NAKHON RATCHASIMA, TH",14.967,102.083,188.0,2006-08-23,0.0,28.8,32.7,25.8
TH000048431,"NAKHON RATCHASIMA, TH",14.967,102.083,188.0,2006-08-24,0.0,30.1,36.3,25.1
TH000048431,"NAKHON RATCHASIMA, TH",14.967,102.083,188.0,2006-08-25,0.0,29.3,36.5,25.9
TH000048431,"NAKHON RATCHASIMA, TH",14.967,102.083,188.0,2006-08-26,6.1,27.1,33.4,
TH000048431,"NAKHON RATCHASIMA, TH",14.967,102.083,188.0,2006-08-27,2.0,28.7,33.8,23.7
TH000048431,"NAKHON RATCHASIMA, TH",14.967,102.083,188.0,2006-08-28,21.8,27.9,33.0,25.4
TH000048431,"NAKHON RATCHASIMA, TH",14.967,102.083,188.0,2006-08-29,2.5,27.2,31.8,
TH000048431,"NAKHON RATCHASIMA, TH",14.967,102.083,188.0,2006-08-30,21.6,24.3,25.6,22.6
TH000048431,"NAKHON RATCHASIMA, TH",14.967,102.083,188.0,2006-08-31,1.0,27.4,32.7,23.7
TH000048431,"NAKHON RATCHASIMA, TH",14.967,102.083,188.0,2006-09-01,0.3,27.6,33.3,23.3
TH000048431,"NAKHON RATCHASIMA, TH",14.967,102.083,188.0,2006-09-02,1.8,28.4,34.0,23.9
TH000048431,"NAKHON RATCHASIMA, TH",14.967,102.083,188.0,2006-09-03,,29.5,34.4,24.2
TH000048431,"NAKHON RATCHASIMA, TH",14.967,102.083,188.0,2006-09-04,,30.3,35.3,25.2
TH000048431,"NAKHON RATCHASIMA, TH",14.967,102.083,188.0,2006-09-05,10.7,29.2,35.7,
TH000048431,"NAKHON RATCHASIMA, TH",14.967,102.083,188.0,2006-09-06,2.3,27.7,34.4,24.2
TH000048431,"NAKHON RATCHASIMA, TH",14.967,102.083,188.0,2006-09-07,1.3,29.2,33.5,24.5
TH000048431,"NAKHON RATCHASIMA, TH",14.967,102.083,188.0,2006-09-08,11.4,28.6,33.7,25.4
TH000048431,"NAKHON RATCHASIMA, TH",14.967,102.083,188.0,2006-09-09,17.5,27.0,33.1,
TH000048431,"NAKHON RATCHASIMA, TH",14.967,102.083,188.0,2006-09-10,43.7,26.8,31.1,22.7
TH000048431,"NAKHON RATCHASIMA, TH",14.967,102.083,188.0,2006-09-11,0.3,27.1,31.1,24.5
TH000048431,"NAKHON RATCHASIMA, TH",14.967,102.083,188.0,2006-09-12,0.0,27.7,31.3,24.8
TH000048431,"NAKHON RATCHASIMA, TH",14.967,102.083,188.0,2006-09-13,,27.6,31.1,23.8
TH000048431,"NAKHON RATCHASIMA, TH",14.967,102.083,188.0,2006-09-14,26.9,26.8,31.9,24.9
TH000048431,"NAKHON RATCHASIMA, TH",14.967,102.083,188.0,2006-09-15,3.3,28.6,33.3,24.6
TH000048431,"NAKHON RATCHASIMA, TH",14.967,102.083,188.0,2006-09-16,24.4,27.4,32.2,
TH000048431,"NAKHON RATCHASIMA, TH",14.967,102.083,188.0,2006-09-17,7.6,27.3,32.7,
TH000048431,"NAKHON RATCHASIMA, TH",14.967,102.083,188.0,2006-09-18,10.7,26.3,31.1,24.2
TH000048431,"NAKHON RATCHASIMA, TH",14.967,102.083,188.0,2006-09-19,9.4,26.9,31.1,24.3
TH000048431,"NAKHON RATCHASIMA, TH",14.967,102.083,188.0,2006-09-20,0.0,26.0,29.6,24.2
TH000048431,"NAKHON RATCHASIMA, TH",14.967,102.083,188.0,2006-09-21,15.5,25.9,29.6,24.4
TH000048431,"NAKHON RATCHASIMA, TH",14.967,102.083,188.0,2006-09-22,5.6,26.7,31.0,24.1
TH000048431,"NAKHON RATCHASIMA, TH",14.967,102.083,188.0,2006-09-23,0.5,27.7,31.1,
TH000048431,"NAKHON RATCHASIMA, TH",14.967,102.083,188.0,2006-09-24,0.0,27.9,32.2,23.3
TH000048431,"NAKHON RATCHASIMA, TH",14.967,102.083,188.0,2006-09-25,14.2,24.3,26.7,
TH000048431,"NAKHON RATCHASIMA, TH",14.967,102.083,188.0,2006-09-26,18.8,25.7,28.7,23.0
TH000048431,"NAKHON RATCHASIMA, TH",14.967,102.083,188.0,2006-09-27,10.4,26.9,32.0,23.7
TH000048431,"NAKHON RATCHASIMA, TH",14.967,102.083,188.0,2006-09-28,14.2,25.6,31.2,
TH000048431,"NAKHON RATCHASIMA, TH",14.967,102.083,188.0,2006-09-29,2.3,27.9,32.0,23.4
TH000048431,"NAKHON RATCHASIMA, TH",14.967,102.083,188.0,2006-09-30,0.0,27.3,31.3,24.8
TH000048431,"NAKHON RATCHASIMA, TH",14.967,102.083,188.0,2006-10-01,46.0,26.4,32.2,
TH000048431,"NAKHON RATCHASIMA, TH",14.967,102.083,188.0,2006-10-02,83.3,23.7,24.2,23.0
TH000048431,"NAKHON RATCHASIMA, TH",14.967,102.083,188.0,2006-10-03,2.8,26.9,31.9,23.1
TH000048431,"NAKHON RATCHASIMA, TH",14.967,102.083,188.0,2006-10-04,74.9,27.1,33.1,
TH000048431,"NAKHON RATCHASIMA, TH",14.967,102.083,188.0,2006-10-05,1.5,26.7,31.2,23.1
TH000048431,"NAKHON RATCHASIMA, TH",14.967,102.083,188.0,2006-10-06,5.1,26.8,31.0,24.2
TH000048431,"NAKHON RATCHASIMA, TH",14.967,102.083,188.0,2006-10-07,2.3,27.6,31.6,24.6
TH000048431,"NAKHON RATCHASIMA, TH",14.967,102.083,188.0,2006-10-08,1.0,27.3,31.0,24.4
TH000048431,"NAKHON RATCHASIMA, TH",14.967,102.083,188.0,2006-10-09,23.6,25.8,29.5,
TH000048431,"NAKHON RATCHASIMA, TH",14.967,102.083,188.0,2006-10-10,6.6,26.5,31.5,
TH000048431,"NAKHON RATCHASIMA, TH",14.967,102.083,188.0,2006-10-11,0.0,27.3,31.2,23.0
TH000048431,"NAKHON RATCHASIMA, TH",14.967,102.083,188.0,2006-10-12,1.0,27.6,32.0,24.2
TH000048431,"NAKHON RATCHASIMA, TH",14.967,102.083,188.0,2006-10-13,7.1,28.1,31.5,24.0
TH000048431,"NAKHON RATCHASIMA, TH",14.967,102.083,188.0,2006-10-14,,28.1,32.5,
TH000048431,"NAKHON RATCHASIMA, TH",14.967,102.083,188.0,2006-10-15,,28.6,32.8,23.1
TH000048431,"NAKHON RATCHASIMA, TH",14.967,102.083,188.0,2006-10-16,,29.3,33.3,
TH000048431,"NAKHON RATCHASIMA, TH",14.967,102.083,188.0,2006-10-17,,29.4,33.7,25.0
TH000048431,"NAKHON RATCHASIMA, TH",14.967,102.083,188.0,2006-10-18,,27.7,32.6,
TH000048431,"NAKHON RATCHASIMA, TH",14.967,102.083,188.0,2006-10-19,,29.0,33.0,23.7
TH000048431,"NAKHON RATCHASIMA, TH",14.967,102.083,188.0,2006-10-20,,28.3,31.7,24.2
TH000048431,"NAKHON RATCHASIMA, TH",14.967,102.083,188.0,2006-10-21,,27.8,31.6,24.5
TH000048431,"NAKHON RATCHASIMA, TH",14.967,102.083,188.0,2006-10-22,,28.4,32.0,23.6
TH000048431,"NAKHON RATCHASIMA, TH",14.967,102.083,188.0,2006-10-23,,28.2,32.0,24.4
TH000048431,"NAKHON RATCHASIMA, TH",14.967,102.083,188.0,2006-10-24,,27.9,32.3,24.6
TH000048431,"NAKHON RATCHASIMA, TH",14.967,102.083,188.0,2006-10-25,,27.6,31.9,23.8
TH000048431,"NAKHON RATCHASIMA, TH",14.967,102.083,188.0,2006-10-26,,28.3,32.0,23.5
TH000048431,"NAKHON RATCHASIMA, TH",14.967,102.083,188.0,2006-10-27,,28.2,31.8,
TH000048431,"NAKHON RATCHASIMA, TH",14.967,102.083,188.0,2006-10-28,,27.4,31.3,23.7
TH000048431,"NAKHON RATCHASIMA, TH",14.967,102.083,188.0,2006-10-29,,27.0,31.1,23.0
TH000048431,"NAKHON RATCHASIMA, TH",14.967,102.083,188.0,2006-10-30,,27.1,30.8,22.2
TH000048431,"NAKHON RATCHASIMA, TH",14.967,102.083,188.0,2006-10-31,,26.7,30.9,22.7
TH000048431,"NAKHON RATCHASIMA, TH",14.967,102.083,188.0,2006-11-01,,26.9,31.4,22.6
TH000048431,"NAKHON RATCHASIMA, TH",14.967,102.083,188.0,2006-11-02,,25.6,30.3,21.3
TH000048431,"NAKHON RATCHASIMA, TH",14.967,102.083,188.0,2006-11-03,,24.0,29.7,
TH000048431,"NAKHON RATCHASIMA, TH",14.967,102.083,188.0,2006-11-04,,23.8,29.8,18.6
TH000048431,"NAKHON RATCHASIMA, TH",14.967,102.083,188.0,2006-11-05,,24.8,30.8,18.0
TH000048431,"NAKHON RATCHASIMA, TH",14.967,102.083,188.0,2006-11-06,,26.3,31.3,19.2
TH000048431,"NAKHON RATCHASIMA, TH",14.967,102.083,188.0,2006-11-07,,26.1,30.1,21.2
TH000048431,"NAKHON RATCHASIMA, TH",14.967,102.083,188.0,2006-11-08,,26.4,30.6,22.6
TH000048431,"NAKHON RATCHASIMA, TH",14.967,102.083,188.0,2006-11-09,0.5,27.5,31.8,22.7
TH000048431,"NAKHON RATCHASIMA, TH",14.967,102.083,188.0,2006-11-10,0.0,28.1,32.4,23.9
TH000048431,"NAKHON RATCHASIMA, TH",14.967,102.083,188.0,2006-11-11,0.0,27.6,32.5,
TH000048431,"NAKHON RATCHASIMA, TH",14.967,102.083,188.0,2006-11-12,,26.9,31.7,21.9
TH000048431,"NAKHON RATCHASIMA, TH",14.967,102.083,188.0,2006-11-13,,26.1,31.6,
TH000048431,"NAKHON RATCHASIMA, TH",14.967,102.083,188.0,2006-11-14,,26.5,32.1,21.1
TH000048431,"NAKHON RATCHASIMA, TH",14.967,102.083,188.0,2006-11-15,,26.8,32.5,20.7
TH000048431,"NAKHON RATCHASIMA, TH",14.967,102.083,188.0,2006-11-16,,27.4,32.8,22.0
TH000048431,"NAKHON RATCHASIMA, TH",14.967,102.083,188.0,2006-11-17,,28.2,34.0,22.0
TH000048431,"NAKHON RATCHASIMA, TH",14.967,102.083,188.0,2006-11-18,,29.0,34.1,22.0
TH000048431,"NAKHON RATCHASIMA, TH",14.967,102.083,188.0,2006-11-19,,29.6,34.3,
TH000048431,"NAKHON RATCHASIMA, TH",14.967,102.083,188.0,2006-11-20,,28.7,34.6,24.1
TH000048431,"NAKHON RATCHASIMA, TH",14.967,102.083,188.0,2006-11-21,,28.6,33.8,24.2
TH000048431,"NAKHON RATCHASIMA, TH",14.967,102.083,188.0,2006-11-22,,29.3,34.7,24.0
TH000048431,"NAKHON RATCHASIMA, TH",14.967,102.083,188.0,2006-11-23,,29.4,34.5,24.4
TH000048431,"NAKHON RATCHASIMA, TH",14.967,102.083,188.0,2006-11-24,0.0,28.1,33.5,
TH000048431,"NAKHON RATCHASIMA, TH",14.967,102.083,188.0,2006-11-25,2.8,28.0,34.1,
TH000048431,"NAKHON RATCHASIMA, TH",14.967,102.083,188.0,2006-11-26,1.0,28.9,34.5,24.0
TH000048431,"NAKHON RATCHASIMA, TH",14.967,102.083,188.0,2006-11-27,0.0,29.3,35.2,24.7
TH000048431,"NAKHON RATCHASIMA, TH",14.967,102.083,188.0,2006-11-28,,29.3,34.6,23.8
TH000048431,"NAKHON RATCHASIMA, TH",14.967,102.083,188.0,2006-11-29,,29.6,35.0,24.5
TH000048431,"NAKHON RATCHASIMA, TH",14.967,102.083,188.0,2006-11-30,,29.4,35.7,24.3
TH000048431,"NAKHON RATCHASIMA, TH",14.967,102.083,188.0,2006-12-01,,29.1,34.2,24.3
TH000048431,"NAKHON RATCHASIMA, TH",14.967,102.083,188.0,2006-12-02,,27.4,32.1,23.8
TH000048431,"NAKHON RATCHASIMA, TH",14.967,102.083,188.0,2006-12-03,,26.4,30.7,
TH000048431,"NAKHON RATCHASIMA, TH",14.967,102.083,188.0,2006-12-04,,25.8,31.4,21.0
TH000048431,"NAKHON RATCHASIMA, TH",14.967,102.083,188.0,2006-12-05,,26.6,31.2,21.0
TH000048431,"NAKHON RATCHASIMA, TH",14.967,102.083,188.0,2006-12-06,1.5,26.6,,23.5
TH000048431,"NAKHON RATCHASIMA, TH",14.967,102.083,188.0,2006-12-07,,27.7,32.3,23.4
TH000048431,"NAKHON RATCHASIMA, TH",14.967,102.083,188.0,2006-12-08,,28.8,33.3,24.8
TH000048431,"NAKHON RATCHASIMA, TH",14.967,102.083,188.0,2006-12-09,,28.1,33.0,23.4
TH000048431,"NAKHON RATCHASIMA, TH",14.967,102.083,188.0,2006-12-10,,27.4,32.1,22.4
TH000048431,"NAKHON RATCHASIMA, TH",14.967,102.083,188.0,2006-12-11,,27.3,31.7,
TH000048431,"NAKHON RATCHASIMA, TH",14.967,102.083,188.0,2006-12-12,,26.7,31.6,22.0
TH000048431,"NAKHON RATCHASIMA, TH",14.967,102.083,188.0,2006-12-13,,25.8,31.5,21.5
TH000048431,"NAKHON RATCHASIMA, TH",14.967,102.083,188.0,2006-12-14,,24.5,29.6,20.4
TH000048431,"NAKHON RATCHASIMA, TH",14.967,102.083,188.0,2006-12-15,,24.6,29.6,19.6
TH000048431,"NAKHON RATCHASIMA, TH",14.967,102.083,188.0,2006-12-16,,23.7,28.5,
TH000048431,"NAKHON RATCHASIMA, TH",14.967,102.083,188.0,2006-12-17,,21.8,26.3,17.4
TH000048431,"NAKHON RATCHASIMA, TH",14.967,102.083,188.0,2006-12-18,,21.7,26.9,17.4
TH000048431,"NAKHON RATCHASIMA, TH",14.967,102.083,188.0,2006-12-19,,22.2,27.2,16.2
TH000048431,"NAKHON RATCHASIMA, TH",14.967,102.083,188.0,2006-12-20,,21.1,26.5,
TH000048431,"NAKHON RATCHASIMA, TH",14.967,102.083,188.0,2006-12-21,,20.2,25.8,15.5
TH000048431,"NAKHON RATCHASIMA, TH",14.967,102.083,188.0,2006-12-22,,19.8,25.9,15.2
TH000048431,"NAKHON RATCHASIMA, TH",14.967,102.083,188.0,2006-12-23,,19.6,25.8,13.8
TH000048431,"NAKHON RATCHASIMA, TH",14.967,102.083,188.0,2006-12-24,,21.3,26.7,13.1
TH000048431,"NAKHON RATCHASIMA, TH",14.967,102.083,188.0,2006-12-25,,21.7,27.8,17.0
TH000048431,"NAKHON RATCHASIMA, TH",14.967,102.083,188.0,2006-12-26,,23.2,29.2,15.9
TH000048431,"NAKHON RATCHASIMA, TH",14.967,102.083,188.0,2006-12-27,,22.7,29.8,16.0
TH000048431,"NAKHON RATCHASIMA, TH",14.967,102.083,188.0,2006-12-28,,22.8,28.9,15.3
TH000048431,"NAKHON RATCHASIMA, TH",14.967,102.083,188.0,2006-12-29,,23.3,29.1,18.1
TH000048431,"NAKHON RATCHASIMA, TH",14.967,102.083,188.0,2006-12-30,,22.3,28.5,16.4
TH000048431,"NAKHON RATCHASIMA, TH",14.967,102.083,188.0,2006-12-31,,23.5,29.3,16.5
TH000048431,"NAKHON RATCHASIMA, TH",14.967,102.083,188.0,2007-01-01,,24.3,30.5,18.5
TH000048431,"NAKHON RATCHASIMA, TH",14.967,102.083,188.0,2007-01-02,,23.8,32.1,18.3
TH000048431,"NAKHON RATCHASIMA, TH",14.967,102.083,188.0,2007-01-03,,25.1,32.7,17.9
TH000048431,"NAKHON RATCHASIMA, TH",14.967,102.083,188.0,2007-01-04,,25.8,31.8,17.9
TH000048431,"NAKHON RATCHASIMA, TH",14.967,102.083,188.0,2007-01-05,,25.7,31.7,20.5
TH000048431,"NAKHON RATCHASIMA, TH",14.967,102.083,188.0,2007-01-06,,23.7,29.2,
TH000048431,"NAKHON RATCHASIMA, TH",14.967,102.083,188.0,2007-01-07,,22.4,27.0,17.4
TH000048431,"NAKHON RATCHASIMA, TH",14.967,102.083,188.0,2007-01-08,,22.3,27.0,
TH000048431,"NAKHON RATCHASIMA, TH",14.967,102.083,188.0,2007-01-09,,22.9,27.4,17.1
TH000048431,"NAKHON RATCHASIMA, TH",14.967,102.083,188.0,2007-01-10,,22.7,28.1,
TH000048431,"NAKHON RATCHASIMA, TH",14.967,102.083,188.0,2007-01-11,,23.7,30.2,17.5
TH000048431,"NAKHON RATCHASIMA, TH",14.967,102.083,188.0,2007-01-12,,24.8,30.4,18.5
TH000048431,"NAKHON RATCHASIMA, TH",14.967,102.083,188.0,2007-01-13,,24.9,30.3,19.5
TH000048431,"NAKHON RATCHASIMA, TH",14.967,102.083,188.0,2007-01-14,,24.2,30.0,
TH000048431,"NAKHON RATCHASIMA, TH",14.967,102.083,188.0,2007-01-15,,24.4,30.8,17.7
TH000048431,"NAKHON RATCHASIMA, TH",14.967,102.083,188.0,2007-01-16,,24.9,31.4,18.5
TH000048431,"NAKHON RATCHASIMA, TH",14.967,102.083,188.0,2007-01-17,,26.6,33.2,20.0
TH000048431,"NAKHON RATCHASIMA, TH",14.967,102.083,188.0,2007-01-18,,26.7,32.4,20.2
TH000048431,"NAKHON RATCHASIMA, TH",14.967,102.083,188.0,2007-01-19,,26.9,32.5,21.5
TH000048431,"NAKHON RATCHASIMA, TH",14.967,102.083,188.0,2007-01-20,,28.2,33.4,23.4
TH000048431,"NAKHON RATCHASIMA, TH",14.967,102.083,188.0,2007-01-21,,28.7,33.6,24.3
TH000048431,"NAKHON RATCHASIMA, TH",14.967,102.083,188.0,2007-01-22,,24.6,28.5,
TH000048431,"NAKHON RATCHASIMA, TH",14.967,102.083,188.0,2007-01-23,,25.6,30.8,21.6
TH000048431,"NAKHON RATCHASIMA, TH",14.967,102.083,188.0,2007-01-24,,24.1,29.0,19.5
TH000048431,"NAKHON RATCHASIMA, TH",14.967,102.083,188.0,2007-01-25,,23.9,29.0,18.6
TH000048431,"NAKHON RATCHASIMA, TH",14.967,102.083,188.0,2007-01-26,,23.7,29.6,19.0
TH000048431,"NAKHON RATCHASIMA, TH",14.967,102.083,188.0,2007-01-27,,23.1,28.8,
TH000048431,"NAKHON RATCHASIMA, TH",14.967,102.083,188.0,2007-01-28,,20.6,26.1,
TH000048431,"NAKHON RATCHASIMA, TH",14.967,102.083,188.0,2007-01-29,,20.4,25.7,14.9
TH000048431,"NAKHON RATCHASIMA, TH",14.967,102.083,188.0,2007-01-30,,21.2,27.2,15.0
TH000048431,"NAKHON RATCHASIMA, TH",14.967,102.083,188.0,2007-01-31,,21.1,27.0,15.9
TH000048431,"NAKHON RATCHASIMA, TH",14.967,102.083,188.0,2007-02-01,,21.4,28.0,15.5
TH000048431,"NAKHON RATCHASIMA, TH",14.967,102.083,188.0,2007-02-02,,20.8,26.3,14.7
TH000048431,"NAKHON RATCHASIMA, TH",14.967,102.083,188.0,2007-02-03,,19.7,26.8,
TH000048431,"NAKHON RATCHASIMA, TH",14.967,102.083,188.0,2007-02-04,,20.7,28.7,
TH000048431,"NAKHON RATCHASIMA, TH",14.967,102.083,188.0,2007-02-05,,23.0,31.0,13.5
TH000048431,"NAKHON RATCHASIMA, TH",14.967,102.083,188.0,2007-02-06,,25.3,32.1,16.2
TH000048431,"NAKHON RATCHASIMA, TH",14.967,102.083,188.0,2007-02-07,,26.7,32.8,19.5
TH000048431,"NAKHON RATCHASIMA, TH",14.967,102.083,188.0,2007-02-08,,27.1,33.5,20.3
TH000048431,"NAKHON RATCHASIMA, TH",14.967,102.083,188.0,2007-02-09,,26.9,33.7,19.7
TH000048431,"NAKHON RATCHASIMA, TH",14.967,102.083,188.0,2007-02-10,,27.2,35.3,19.3
TH000048431,"NAKHON RATCHASIMA, TH",14.967,102.083,188.0,2007-02-11,,27.9,35.6,19.5
TH000048431,"NAKHON RATCHASIMA, TH",14.967,102.083,188.0,2007-02-12,,27.7,35.5,22.2
TH000048431,"NAKHON RATCHASIMA, TH",14.967,102.083,188.0,2007-02-13,,29.3,36.1,21.9
TH000048431,"NAKHON RATCHASIMA, TH",14.967,102.083,188.0,2007-02-14,,29.4,36.0,22.9
TH000048431,"NAKHON RATCHASIMA, TH",14.967,102.083,188.0,2007-02-15,,29.5,36.7,23.2
TH000048431,"NAKHON RATCHASIMA, TH",14.967,102.083,188.0,2007-02-16,,29.1,36.1,22.6
TH000048431,"NAKHON RATCHASIMA, TH",14.967,102.083,188.0,2007-02-17,,28.4,36.3,22.3
TH000048431,"NAKHON RATCHASIMA, TH",14.967,102.083,188.0,2007-02-18,,29.4,36.8,21.3
TH000048431,"NAKHON RATCHASIMA, TH",14.967,102.083,188.0,2007-02-19,,30.5,37.7,22.7
TH000048431,"NAKHON RATCHASIMA, TH",14.967,102.083,188.0,2007-02-20,,30.4,36.6,24.1
TH000048431,"NAKHON RATCHASIMA, TH",14.967,102.083,188.0,2007-02-21,,30.9,36.8,24.7
TH000048431,"NAKHON RATCHASIMA, TH",14.967,102.083,188.0,2007-02-22,,30.2,36.3,25.4
TH000048431,"NAKHON RATCHASIMA, TH",14.967,102.083,188.0,2007-02-23,,29.9,36.7,25.3
TH000048431,"NAKHON RATCHASIMA, TH",14.967,102.083,188.0,2007-02-24,,30.7,37.8,24.9
TH000048431,"NAKHON RATCHASIMA, TH",14.967,102.083,188.0,2007-02-25,,30.3,37.0,25.3
TH000048431,"NAKHON RATCHASIMA, TH",14.967,102.083,188.0,2007-02-26,,29.7,35.8,24.6
TH000048431,"NAKHON RATCHASIMA, TH",14.967,102.083,188.0,2007-02-27,0.0,29.6,36.3,23.5
TH000048431,"NAKHON RATCHASIMA, TH",14.967,102.083,188.0,2007-02-28,0.0,29.1,,
TH000048431,"NAKHON RATCHASIMA, TH",14.967,102.083,188.0,2007-03-01,0.0,30.4,36.5,24.3
TH000048431,"NAKHON RATCHASIMA, TH",14.967,102.083,188.0,2007-03-02,0.0,29.7,35.8,25.7
TH000048431,"NAKHON RATCHASIMA, TH",14.967,102.083,188.0,2007-03-03,30.7,29.4,38.3,24.8
TH000048431,"NAKHON RATCHASIMA, TH",14.967,102.083,188.0,2007-03-04,,30.6,36.7,24.2
TH000048431,"NAKHON RATCHASIMA, TH",14.967,102.083,188.0,2007-03-05,,31.2,37.4,25.1
TH000048431,"NAKHON RATCHASIMA, TH",14.967,102.083,188.0,2007-03-06,,30.6,37.8,23.8
TH000048431,"NAKHON RATCHASIMA, TH",14.967,102.083,188.0,2007-03-07,,31.6,37.6,23.6
TH000048431,"NAKHON RATCHASIMA, TH",14.967,102.083,188.0,2007-03-08,,31.0,35.9,24.3
TH000048431,"NAKHON RATCHASIMA, TH",14.967,102.083,188.0,2007-03-09,,30.6,36.6,24.2
TH000048431,"NAKHON RATCHASIMA, TH",14.967,102.083,188.0,2007-03-10,0.0,30.5,36.5,26.4
TH000048431,"NAKHON RATCHASIMA, TH",14.967,102.083,188.0,2007-03-11,2.0,30.1,36.6,
TH000048431,"NAKHON RATCHASIMA, TH",14.967,102.083,188.0,2007-03-12,6.4,30.4,35.6,26.1
TH000048431,"NAKHON RATCHASIMA, TH",14.967,102.083,188.0,2007-03-13,45.0,29.6,36.5,25.9
TH000048431,"NAKHON RATCHASIMA, TH",14.967,102.083,188.0,2007-03-14,4.6,30.6,36.3,25.0
TH000048431,"NAKHON RATCHASIMA, TH",14.967,102.083,188.0,2007-03-15,0.0,30.7,37.2,25.2
TH000048431,"NAKHON RATCHASIMA, TH",14.967,102.083,188.0,2007-03-16,,30.8,38.5,24.9
TH000048431,"NAKHON RATCHASIMA, TH",14.967,102.083,188.0,2007-03-17,,31.4,38.5,24.3
TH000048431,"NAKHON RATCHASIMA, TH",14.967,102.083,188.0,2007-03-18,,29.1,35.1,
TH000048431,"NAKHON RATCHASIMA, TH",14.967,102.083,188.0,2007-03-19,,29.1,34.2,23.3
TH000048431,"NAKHON RATCHASIMA, TH",14.967,102.083,188.0,2007-03-20,37.1,24.7,37.6,
TH000048431,"NAKHON RATCHASIMA, TH",14.967,102.083,188.0,2007-03-21,24.4,26.3,31.4,21.8
TH000048431,"NAKHON RATCHASIMA, TH",14.967,102.083,188.0,2007-03-22,0.0,29.0,34.5,23.0
TH000048431,"NAKHON RATCHASIMA, TH",14.967,102.083,188.0,2007-03-23,,29.5,35.7,24.8
TH000048431,"NAKHON RATCHASIMA, TH",14.967,102.083,188.0,2007-03-24,,30.1,35.6,24.8
TH000048431,"NAKHON RATCHASIMA, TH",14.967,102.083,188.0,2007-03-25,0.3,30.8,36.4,24.8
TH000048431,"NAKHON RATCHASIMA, TH",14.967,102.083,188.0,2007-03-26,,30.9,36.8,25.8
TH000048431,"NAKHON RATCHASIMA, TH",14.967,102.083,188.0,2007-03-27,,31.3,37.8,26.2
TH000048431,"NAKHON RATCHASIMA, TH",14.967,102.083,188.0,2007-03-28,,31.9,38.0,26.3
TH000048431,"NAKHON RATCHASIMA, TH",14.967,102.083,188.0,2007-03-29,13.5,30.2,37.9,
TH000048431,"NAKHON RATCHASIMA, TH",14.967,102.083,188.0,2007-03-30,,31.3,36.9,24.0
TH000048431,"NAKHON RATCHASIMA, TH",14.967,102.083,188.0,2007-03-31,,31.9,38.2,26.4
TH000048431,"NAKHON RATCHASIMA, TH",14.967,102.083,188.0,2007-04-01,0.0,32.3,39.9,25.7
TH000048431,"NAKHON RATCHASIMA, TH",14.967,102.083,188.0,2007-04-02,0.5,31.3,39.6,24.6
TH000048431,"NAKHON RATCHASIMA, TH",14.967,102.083,188.0,2007-04-03,,32.1,39.1,24.6
TH000048431,"NAKHON RATCHASIMA, TH",14.967,102.083,188.0,2007-04-04,,27.8,34.4,24.2
TH000048431,"NAKHON RATCHASIMA, TH",14.967,102.083,188.0,2007-04-05,,30.1,35.4,24.0
TH000048431,"NAKHON RATCHASIMA, TH",14.967,102.083,188.0,2007-04-06,,30.3,35.5,25.7
TH000048431,"NAKHON RATCHASIMA, TH",14.967,102.083,188.0,2007-04-07,,30.3,35.5,25.6
TH000048431,"NAKHON RATCHASIMA, TH",14.967,102.083,188.0,2007-04-08,0.3,28.9,35.5,24.5
TH000048431,"NAKHON RATCHASIMA, TH",14.967,102.083,188.0,2007-04-09,,28.8,34.6,24.6
TH000048431,"NAKHON RATCHASIMA, TH",14.967,102.083,188.0,2007-04-10,,28.8,35.6,24.9
TH000048431,"NAKHON RATCHASIMA, TH",14.967,102.083,188.0,2007-04-11,0.0,26.4,29.7,
TH000048431,"NAKHON RATCHASIMA, TH",14.967,102.083,188.0,2007-04-12,0.0,27.8,32.4,24.3
TH000048431,"NAKHON RATCHASIMA, TH",14.967,102.083,188.0,2007-04-13,0.5,27.9,33.5,24.7
TH000048431,"NAKHON RATCHASIMA, TH",14.967,102.083,188.0,2007-04-14,,29.5,36.1,24.6
TH000048431,"NAKHON RATCHASIMA, TH",14.967,102.083,188.0,2007-04-15,9.7,28.3,36.8,
TH000048431,"NAKHON RATCHASIMA, TH",14.967,102.083,188.0,2007-04-16,0.8,30.2,36.2,23.6
TH000048431,"NAKHON RATCHASIMA, TH",14.967,102.083,188.0,2007-04-17,0.0,30.8,38.5,23.9
TH000048431,"NAKHON RATCHASIMA, TH",14.967,102.083,188.0,2007-04-18,2.8,29.6,38.1,
TH000048431,"NAKHON RATCHASIMA, TH",14.967,102.083,188.0,2007-04-19,0.0,27.9,32.1,24.2
TH000048431,"NAKHON RATCHASIMA, TH",14.967,102.083,188.0,2007-04-20,0.0,30.5,39.0,25.2
TH000048431,"NAKHON RATCHASIMA, TH",14.967,102.083,188.0,2007-04-21,,31.2,38.5,26.8
TH000048431,"NAKHON RATCHASIMA, TH",14.967,102.083,188.0,2007-04-22,,32.9,39.6,26.3
TH000048431,"NAKHON RATCHASIMA, TH",14.967,102.083,188.0,2007-04-23,,33.5,40.6,26.5
TH000048431,"NAKHON RATCHASIMA, TH",14.967,102.083,188.0,2007-04-24,,33.3,40.1,27.6
TH000048431,"NAKHON RATCHASIMA, TH",14.967,102.083,188.0,2007-04-25,,29.2,39.0,
TH000048431,"NAKHON RATCHASIMA, TH",14.967,102.083,188.0,2007-04-26,24.1,28.5,35.5,25.0
TH000048431,"NAKHON RATCHASIMA, TH",14.967,102.083,188.0,2007-04-27,6.9,29.8,36.7,24.8
TH000048431,"NAKHON RATCHASIMA, TH",14.967,102.083,188.0,2007-04-28,0.0,29.2,35.2,
TH000048431,"NAKHON RATCHASIMA, TH",14.967,102.083,188.0,2007-04-29,3.6,28.0,33.4,24.2
TH000048431,"NAKHON RATCHASIMA, TH",14.967,102.083,188.0,2007-04-30,11.7,27.3,32.0,23.5
TH000048431,"NAKHON RATCHASIMA, TH",14.967,102.083,188.0,2007-05-01,7.1,25.1,26.6,
TH000048431,"NAKHON RATCHASIMA, TH",14.967,102.083,188.0,2007-05-02,22.1,26.4,33.0,23.9
TH000048431,"NAKHON RATCHASIMA, TH",14.967,102.083,188.0,2007-05-03,0.0,27.9,31.1,24.0
TH000048431,"NAKHON RATCHASIMA, TH",14.967,102.083,188.0,2007-05-04,16.8,26.1,30.5,
TH000048431,"NAKHON RATCHASIMA, TH",14.967,102.083,188.0,2007-05-05,14.0,27.4,33.2,
TH000048431,"NAKHON RATCHASIMA, TH",14.967,102.083,188.0,2007-05-06,54.1,25.8,29.6,23.7
TH000048431,"NAKHON RATCHASIMA, TH",14.967,102.083,188.0,2007-05-07,10.4,26.7,29.8,24.2
TH000048431,"NAKHON RATCHASIMA, TH",14.967,102.083,188.0,2007-05-08,0.0,28.1,32.6,24.8
TH000048431,"NAKHON RATCHASIMA, TH",14.967,102.083,188.0,2007-05-09,36.6,26.8,31.9,24.8
TH000048431,"NAKHON RATCHASIMA, TH",14.967,102.083,188.0,2007-05-10,21.6,27.0,30.6,
TH000048431,"NAKHON RATCHASIMA, TH",14.967,102.083,188.0,2007-05-11,23.4,26.7,31.6,
TH000048431,"NAKHON RATCHASIMA, TH",14.967,102.083,188.0,2007-05-12,23.9,26.3,31.0,24.5
TH000048431,"NAKHON RATCHASIMA, TH",14.967,102.083,188.0,2007-05-13,0.3,26.9,30.0,25.2
TH000048431,"NAKHON RATCHASIMA, TH",14.967,102.083,188.0,2007-05-14,0.3,28.2,31.7,25.0
TH000048431,"NAKHON RATCHASIMA, TH",14.967,102.083,188.0,2007-05-15,6.9,26.8,30.2,25.4
TH000048431,"NAKHON RATCHASIMA, TH",14.967,102.083,188.0,2007-05-16,0.3,27.8,33.0,24.9
TH000048431,"NAKHON RATCHASIMA, TH",14.967,102.083,188.0,2007-05-17,1.5,28.1,34.1,
TH000048431,"NAKHON RATCHASIMA, TH",14.967,102.083,188.0,2007-05-18,4.3,28.5,32.8,24.7
TH000048431,"NAKHON RATCHASIMA, TH",14.967,102.083,188.0,2007-05-19,,29.7,35.0,25.0
TH000048431,"NAKHON RATCHASIMA, TH",14.967,102.083,188.0,2007-05-20,,29.9,35.5,25.3
TH000048431,"NAKHON RATCHASIMA, TH",14.967,102.083,188.0,2007-05-21,,30.2,35.5,25.3
TH000048431,"NAKHON RATCHASIMA, TH",14.967,102.083,188.0,2007-05-22,,29.7,34.6,25.7
TH000048431,"NAKHON RATCHASIMA, TH",14.967,102.083,188.0,2007-05-23,0.0,30.2,36.2,25.7
TH000048431,"NAKHON RATCHASIMA, TH",14.967,102.083,188.0,2007-05-24,0.0,30.7,35.7,25.5
TH000048431,"NAKHON RATCHASIMA, TH",14.967,102.083,188.0,2007-05-25,,31.1,36.0,25.5
TH000048431,"NAKHON RATCHASIMA, TH",14.967,102.083,188.0,2007-05-26,,31.7,37.3,26.7
TH000048431,"NAKHON RATCHASIMA, TH",14.967,102.083,188.0,2007-05-27,,29.7,36.0,
TH000048431,"NAKHON RATCHASIMA, TH",14.967,102.083,188.0,2007-05-28,1.8,28.8,35.9,25.8
TH000048431,"NAKHON RATCHASIMA, TH",14.967,102.083,188.0,2007-05-29,8.1,28.9,35.7,
TH000048431,"NAKHON RATCHASIMA, TH",14.967,102.083,188.0,2007-05-30,0.5,29.4,35.4,24.7
TH000048431,"NAKHON RATCHASIMA, TH",14.967,102.083,188.0,2007-05-31,0.0,29.7,34.8,26.2
TH000048431,"NAKHON RATCHASIMA, TH",14.967,102.083,188.0,2007-06-01,,30.1,35.3,25.6
TH000048431,"NAKHON RATCHASIMA, TH",14.967,102.083,188.0,2007-06-02,,30.8,36.3,25.7
TH000048431,"NAKHON RATCHASIMA, TH",14.967,102.083,188.0,2007-06-03,,29.3,35.4,
TH000048431,"NAKHON RATCHASIMA, TH",14.967,102.083,188.0,2007-06-04,,30.2,,25.2
TH000048431,"NAKHON RATCHASIMA, TH",14.967,102.083,188.0,2007-06-05,0.0,29.6,36.6,25.6
TH000048431,"NAKHON RATCHASIMA, TH",14.967,102.083,188.0,2007-06-06,0.0,30.2,36.3,25.5
TH000048431,"NAKHON RATCHASIMA, TH",14.967,102.083,188.0,2007-06-07,0.0,30.6,36.6,25.7
TH000048431,"NAKHON RATCHASIMA, TH",14.967,102.083,188.0,2007-06-08,,31.3,37.4,25.7
TH000048431,"NAKHON RATCHASIMA, TH",14.967,102.083,188.0,2007-06-09,,31.5,37.6,26.1
TH000048431,"NAKHON RATCHASIMA, TH",14.967,102.083,188.0,2007-06-10,,31.5,38.6,26.5
TH000048431,"NAKHON RATCHASIMA, TH",14.967,102.083,188.0,2007-06-11,,31.8,39.2,26.8
TH000048431,"NAKHON RATCHASIMA, TH",14.967,102.083,188.0,2007-06-12,0.0,30.5,39.1,27.2
TH000048431,"NAKHON RATCHASIMA, TH",14.967,102.083,188.0,2007-06-13,0.0,31.8,38.9,26.4
TH000048431,"NAKHON RATCHASIMA, TH",14.967,102.083,188.0,2007-06-14,,31.1,37.5,26.5
TH000048431,"NAKHON RATCHASIMA, TH",14.967,102.083,188.0,2007-06-15,1.8,30.7,37.7,26.7
TH000048431,"NAKHON RATCHASIMA, TH",14.967,102.083,188.0,2007-06-16,12.4,29.8,37.0,
TH000048431,"NAKHON RATCHASIMA, TH",14.967,102.083,188.0,2007-06-17,19.6,27.7,34.1,25.8
TH000048431,"NAKHON RATCHASIMA, TH",14.967,102.083,188.0,2007-06-18,0.0,29.0,35.0,25.3
TH000048431,"NAKHON RATCHASIMA, TH",14.967,102.083,188.0,2007-06-19,0.0,30.6,35.7,26.0
TH000048431,"NAKHON RATCHASIMA, TH",14.967,102.083,188.0,2007-06-20,60.2,28.8,35.6,
TH000048431,"NAKHON RATCHASIMA, TH",14.967,102.083,188.0,2007-06-21,8.6,28.9,33.0,24.1
TH000048431,"NAKHON RATCHASIMA, TH",14.967,102.083,188.0,2007-06-22,0.0,29.8,34.5,25.6
TH000048431,"NAKHON RATCHASIMA, TH",14.967,102.083,188.0,2007-06-23,0.3,29.6,35.5,26.3
TH000048431,"NAKHON RATCHASIMA, TH",14.967,102.083,188.0,2007-06-24,,29.9,34.5,26.0
TH000048431,"NAKHON RATCHASIMA, TH",14.967,102.083,188.0,2007-06-25,0.0,29.7,34.7,26.4
TH000048431,"NAKHON RATCHASIMA, TH",14.967,102.083,188.0,2007-06-26,8.9,28.7,34.2,25.9
TH000048431,"NAKHON RATCHASIMA, TH",14.967,102.083,188.0,2007-06-27,1.8,27.4,32.2,
TH000048431,"NAKHON RATCHASIMA, TH",14.967,102.083,188.0,2007-06-28,1.0,27.4,32.5,
TH000048431,"NAKHON RATCHASIMA, TH",14.967,102.083,188.0,2007-06-29,0.5,28.2,32.7,24.5
TH000048431,"NAKHON RATCHASIMA, TH",14.967,102.083,188.0,2007-06-30,,28.7,32.6,24.5
TH000048431,"NAKHON RATCHASIMA, TH",14.967,102.083,188.0,2007-07-01,,28.7,33.0,25.3
TH000048431,"NAKHON RATCHASIMA, TH",14.967,102.083,188.0,2007-07-02,,29.1,33.4,25.4
TH000048431,"NAKHON RATCHASIMA, TH",14.967,102.083,188.0,2007-07-03,,29.4,34.4,25.0
TH000048431,"NAKHON RATCHASIMA, TH",14.967,102.083,188.0,2007-07-04,3.6,29.2,34.8,25.2
TH000048431,"NAKHON RATCHASIMA, TH",14.967,102.083,188.0,2007-07-05,,29.2,35.0,25.7
TH000048431,"NAKHON RATCHASIMA, TH",14.967,102.083,188.0,2007-07-06,,28.9,32.6,25.5
TH000048431,"NAKHON RATCHASIMA, TH",14.967,102.083,188.0,2007-07-07,1.8,29.1,34.4,25.5
TH000048431,"NAKHON RATCHASIMA, TH",14.967,102.083,188.0,2007-07-08,0.0,29.6,35.5,25.2
TH000048431,"NAKHON RATCHASIMA, TH",14.967,102.083,188.0,2007-07-09,,30.0,36.2,24.8
TH000048431,"NAKHON RATCHASIMA, TH",14.967,102.083,188.0,2007-07-10,,30.0,35.2,24.6
TH000048431,"NAKHON RATCHASIMA, TH",14.967,102.083,188.0,2007-07-11,,30.4,35.5,25.4
TH000048431,"NAKHON RATCHASIMA, TH",14.967,102.083,188.0,2007-07-12,,30.4,35.6,25.7
TH000048431,"NAKHON RATCHASIMA, TH",14.967,102.083,188.0,2007-07-13,,30.6,35.3,26.1
TH000048431,"NAKHON RATCHASIMA, TH",14.967,102.083,188.0,2007-07-14,,30.4,35.2,
TH000048431,"NAKHON RATCHASIMA, TH",14.967,102.083,188.0,2007-07-15,,30.8,36.3,25.6
TH000048431,"NAKHON RATCHASIMA, TH",14.967,102.083,188.0,2007-07-16,18.5,29.4,36.2,
TH000048431,"NAKHON RATCHASIMA, TH",14.967,102.083,188.0,2007-07-17,55.6,27.4,34.0,
TH000048431,"NAKHON RATCHASIMA, TH",14.967,102.083,188.0,2007-07-18,55.4,28.8,34.8,23.7
TH000048431,"NAKHON RATCHASIMA, TH",14.967,102.083,188.0,2007-07-19,0.0,29.5,34.5,25.5
TH000048431,"NAKHON RATCHASIMA, TH",14.967,102.083,188.0,2007-07-20,,29.2,35.0,25.4
TH000048431,"NAKHON RATCHASIMA, TH",14.967,102.083,188.0,2007-07-21,,29.1,34.7,24.7
TH000048431,"NAKHON RATCHASIMA, TH",14.967,102.083,188.0,2007-07-22,,29.2,34.6,
TH000048431,"NAKHON RATCHASIMA, TH",14.967,102.083,188.0,2007-07-23,0.5,28.6,35.6,
TH000048431,"NAKHON RATCHASIMA, TH",14.967,102.083,188.0,2007-07-24,,28.4,33.1,24.4
TH000048431,"NAKHON RATCHASIMA, TH",14.967,102.083,188.0,2007-07-25,2.3,28.4,33.7,
TH000048431,"NAKHON RATCHASIMA, TH",14.967,102.083,188.0,2007-07-26,18.0,28.6,35.2,24.0
TH000048431,"NAKHON RATCHASIMA, TH",14.967,102.083,188.0,2007-07-27,7.9,28.0,35.1,24.9
TH000048431,"NAKHON RATCHASIMA, TH",14.967,102.083,188.0,2007-07-28,0.3,28.8,34.5,24.4
TH000048431,"NAKHON RATCHASIMA, TH",14.967,102.083,188.0,2007-07-29,0.0,28.3,33.6,
TH000048431,"NAKHON RATCHASIMA, TH",14.967,102.083,188.0,2007-07-30,23.6,28.6,34.5,
TH000048431,"NAKHON RATCHASIMA, TH",14.967,102.083,188.0,2007-07-31,0.0,28.7,33.5,23.1
TH000048431,"NAKHON RATCHASIMA, TH",14.967,102.083,188.0,2007-08-01,0.0,28.8,33.8,25.1
TH000048431,"NAKHON RATCHASIMA, TH",14.967,102.083,188.0,2007-08-02,0.0,28.4,31.7,25.3
TH000048431,"NAKHON RATCHASIMA, TH",14.967,102.083,188.0,2007-08-03,,29.0,32.3,25.6
TH000048431,"NAKHON RATCHASIMA, TH",14.967,102.083,188.0,2007-08-04,,29.0,32.5,25.3
TH000048431,"NAKHON RATCHASIMA, TH",14.967,102.083,188.0,2007-08-05,0.0,29.1,34.9,
TH000048431,"NAKHON RATCHASIMA, TH",14.967,102.083,188.0,2007-08-06,1.5,26.9,29.2,24.1
TH000048431,"NAKHON RATCHASIMA, TH",14.967,102.083,188.0,2007-08-07,6.6,25.3,27.0,
TH000048431,"NAKHON RATCHASIMA, TH",14.967,102.083,188.0,2007-08-08,0.0,26.3,29.4,23.8
TH000048431,"NAKHON RATCHASIMA, TH",14.967,102.083,188.0,2007-08-09,1.0,27.4,31.3,23.4
TH000048431,"NAKHON RATCHASIMA, TH",14.967,102.083,188.0,2007-08-10,0.0,28.4,33.4,24.5
TH000048431,"NAKHON RATCHASIMA, TH",14.967,102.083,188.0,2007-08-11,0.0,28.6,32.3,25.1
TH000048431,"NAKHON RATCHASIMA, TH",14.967,102.083,188.0,2007-08-12,,29.8,35.1,25.0
TH000048431,"NAKHON RATCHASIMA, TH",14.967,102.083,188.0,2007-08-13,,30.3,35.4,25.3
TH000048431,"NAKHON RATCHASIMA, TH",14.967,102.083,188.0,2007-08-14,,31.2,36.8,25.8
TH000048431,"NAKHON RATCHASIMA, TH",14.967,102.083,188.0,2007-08-15,0.0,30.6,36.2,26.3
TH000048431,"NAKHON RATCHASIMA, TH",14.967,102.083,188.0,2007-08-16,0.8,29.2,34.5,
TH000048431,"NAKHON RATCHASIMA, TH",14.967,102.083,188.0,2007-08-17,8.6,27.7,32.3,
TH000048431,"NAKHON RATCHASIMA, TH",14.967,102.083,188.0,2007-08-18,5.1,29.0,34.7,
TH000048431,"NAKHON RATCHASIMA, TH",14.967,102.083,188.0,2007-08-19,0.5,29.3,34.7,24.1
TH000048431,"NAKHON RATCHASIMA, TH",14.967,102.083,188.0,2007-08-20,0.0,30.4,35.9,25.2
TH000048431,"NAKHON RATCHASIMA, TH",14.967,102.083,188.0,2007-08-21,14.5,28.7,35.4,25.2
TH000048431,"NAKHON RATCHASIMA, TH",14.967,102.083,188.0,2007-08-22,6.1,27.1,32.7,
TH000048431,"NAKHON RATCHASIMA, TH",14.967,102.083,188.0,2007-08-23,0.0,28.6,33.7,25.0
TH000048431,"NAKHON RATCHASIMA, TH",14.967,102.083,188.0,2007-08-24,0.0,29.1,34.6,25.7
TH000048431,"NAKHON RATCHASIMA, TH",14.967,102.083,188.0,2007-08-25,26.4,27.2,35.0,
TH000048431,"NAKHON RATCHASIMA, TH",14.967,102.083,188.0,2007-08-26,0.8,28.7,35.1,24.7
TH000048431,"NAKHON RATCHASIMA, TH",14.967,102.083,188.0,2007-08-27,,28.3,33.9,24.5
TH000048431,"NAKHON RATCHASIMA, TH",14.967,102.083,188.0,2007-08-29,65.0,26.2,31.2,
TH000048431,"NAKHON RATCHASIMA, TH",14.967,102.083,188.0,2007-08-30,3.6,26.5,30.7,22.9
TH000048431,"NAKHON RATCHASIMA, TH",14.967,102.083,188.0,2007-08-31,4.6,27.4,31.7,24.9
TH000048431,"NAKHON RATCHASIMA, TH",14.967,102.083,188.0,2007-09-01,9.9,28.3,33.5,24.7
TH000048431,"NAKHON RATCHASIMA, TH",14.967,102.083,188.0,2007-09-02,0.0,29.0,33.5,25.1
TH000048431,"NAKHON RATCHASIMA, TH",14.967,102.083,188.0,2007-09-03,0.0,28.2,32.3,
TH000048431,"NAKHON RATCHASIMA, TH",14.967,102.083,188.0,2007-09-04,16.8,28.1,33.3,24.5
TH000048431,"NAKHON RATCHASIMA, TH",14.967,102.083,188.0,2007-09-05,0.0,28.8,34.1,25.4
TH000048431,"NAKHON RATCHASIMA, TH",14.967,102.083,188.0,2007-09-06,0.0,28.9,33.0,25.5
TH000048431,"NAKHON RATCHASIMA, TH",14.967,102.083,188.0,2007-09-07,,29.3,34.0,24.8
TH000048431,"NAKHON RATCHASIMA, TH",14.967,102.083,188.0,2007-09-08,,29.6,35.6,25.7
TH000048431,"NAKHON RATCHASIMA, TH",14.967,102.083,188.0,2007-09-09,0.3,28.4,31.7,
TH000048431,"NAKHON RATCHASIMA, TH",14.967,102.083,188.0,2007-09-10,1.3,28.7,32.3,23.9
TH000048431,"NAKHON RATCHASIMA, TH",14.967,102.083,188.0,2007-09-11,19.8,27.2,32.6,
TH000048431,"NAKHON RATCHASIMA, TH",14.967,102.083,188.0,2007-09-12,4.8,27.6,32.5,24.6
TH000048431,"NAKHON RATCHASIMA, TH",14.967,102.083,188.0,2007-09-13,0.3,27.5,32.9,25.1
TH000048431,"NAKHON RATCHASIMA, TH",14.967,102.083,188.0,2007-09-14,6.9,27.6,32.4,24.7
TH000048431,"NAKHON RATCHASIMA, TH",14.967,102.083,188.0,2007-09-15,13.5,27.4,31.7,24.5
TH000048431,"NAKHON RATCHASIMA, TH",14.967,102.083,188.0,2007-09-16,15.5,26.0,29.8,
TH000048431,"NAKHON RATCHASIMA, TH",14.967,102.083,188.0,2007-09-17,3.3,26.6,30.1,23.5
TH000048431,"NAKHON RATCHASIMA, TH",14.967,102.083,188.0,2007-09-18,0.0,26.8,30.2,24.2
TH000048431,"NAKHON RATCHASIMA, TH",14.967,102.083,188.0,2007-09-19,2.0,27.0,31.6,
TH000048431,"NAKHON RATCHASIMA, TH",14.967,102.083,188.0,2007-09-20,18.0,24.3,27.6,
TH000048431,"NAKHON RATCHASIMA, TH",14.967,102.083,188.0,2007-09-21,0.5,26.7,30.3,22.3
TH000048431,"NAKHON RATCHASIMA, TH",14.967,102.083,188.0,2007-09-22,0.0,27.6,31.7,23.1
TH000048431,"NAKHON RATCHASIMA, TH",14.967,102.083,188.0,2007-09-23,,28.1,32.7,24.0
TH000048431,"NAKHON RATCHASIMA, TH",14.967,102.083,188.0,2007-09-24,,29.1,34.0,24.2
TH000048431,"NAKHON RATCHASIMA, TH",14.967,102.083,188.0,2007-09-25,,29.6,34.5,24.8
TH000048431,"NAKHON RATCHASIMA, TH",14.967,102.083,188.0,2007-09-26,,28.9,32.7,25.4
TH000048431,"NAKHON RATCHASIMA, TH",14.967,102.083,188.0,2007-09-27,15.2,27.0,32.7,
TH000048431,"NAKHON RATCHASIMA, TH",14.967,102.083,188.0,2007-09-28,4.8,27.5,32.6,24.0
TH000048431,"NAKHON RATCHASIMA, TH",14.967,102.083,188.0,2007-09-29,11.4,27.4,32.6,23.6
TH000048431,"NAKHON RATCHASIMA, TH",14.967,102.083,188.0,2007-09-30,4.3,27.1,31.0,23.7
TH000048431,"NAKHON RATCHASIMA, TH",14.967,102.083,188.0,2007-10-01,0.0,27.8,32.1,24.0
TH000048431,"NAKHON RATCHASIMA, TH",14.967,102.083,188.0,2007-10-02,,28.3,32.8,24.8
TH000048431,"NAKHON RATCHASIMA, TH",14.967,102.083,188.0,2007-10-03,4.1,26.3,32.2,
TH000048431,"NAKHON RATCHASIMA, TH",14.967,102.083,188.0,2007-10-04,35.6,24.9,25.6,
TH000048431,"NAKHON RATCHASIMA, TH",14.967,102.083,188.0,2007-10-05,0.0,26.9,29.5,24.3
TH000048431,"NAKHON RATCHASIMA, TH",14.967,102.083,188.0,2007-10-06,0.0,27.8,32.6,
TH000048431,"NAKHON RATCHASIMA, TH",14.967,102.083,188.0,2007-10-07,19.6,27.1,32.0,24.3
TH000048431,"NAKHON RATCHASIMA, TH",14.967,102.083,188.0,2007-10-08,4.6,27.1,32.3,24.3
TH000048431,"NAKHON RATCHASIMA, TH",14.967,102.083,188.0,2007-10-09,2.8,26.4,32.0,24.2
TH000048431,"NAKHON RATCHASIMA, TH",14.967,102.083,188.0,2007-10-10,70.1,26.4,31.0,
TH000048431,"NAKHON RATCHASIMA, TH",14.967,102.083,188.0,2007-10-11,31.2,25.6,29.7,22.2
TH000048431,"NAKHON RATCHASIMA, TH",14.967,102.083,188.0,2007-10-12,8.6,25.8,29.8,22.5
TH000048431,"NAKHON RATCHASIMA, TH",14.967,102.083,188.0,2007-10-13,32.5,25.8,29.2,22.8
TH000048431,"NAKHON RATCHASIMA, TH",14.967,102.083,188.0,2007-10-14,9.7,25.5,28.2,23.4
TH000048431,"NAKHON RATCHASIMA, TH",14.967,102.083,188.0,2007-10-15,3.0,26.1,29.2,23.3
TH000048431,"NAKHON RATCHASIMA, TH",14.967,102.083,188.0,2007-10-16,,26.2,28.9,23.5
TH000048431,"NAKHON RATCHASIMA, TH",14.967,102.083,188.0,2007-10-17,0.3,25.8,28.1,23.8
TH000048431,"NAKHON RATCHASIMA, TH",14.967,102.083,188.0,2007-10-18,,26.8,30.0,23.8
TH000048431,"NAKHON RATCHASIMA, TH",14.967,102.083,188.0,2007-10-19,,26.3,29.9,23.1
TH000048431,"NAKHON RATCHASIMA, TH",14.967,102.083,188.0,2007-10-20,,25.9,29.4,
TH000048431,"NAKHON RATCHASIMA, TH",14.967,102.083,188.0,2007-10-21,,25.4,29.2,21.8
TH000048431,"NAKHON RATCHASIMA, TH",14.967,102.083,188.0,2007-10-22,,27.0,30.1,22.5
TH000048431,"NAKHON RATCHASIMA, TH",14.967,102.083,188.0,2007-10-23,,26.9,30.0,
TH000048431,"NAKHON RATCHASIMA, TH",14.967,102.083,188.0,2007-10-24,,26.7,30.1,23.1
TH000048431,"NAKHON RATCHASIMA, TH",14.967,102.083,188.0,2007-10-25,,26.2,29.7,22.7
TH000048431,"NAKHON RATCHASIMA, TH",14.967,102.083,188.0,2007-10-26,,27.3,30.5,23.0
TH000048431,"NAKHON RATCHASIMA, TH",14.967,102.083,188.0,2007-10-27,,28.0,,24.0
TH000048431,"NAKHON RATCHASIMA, TH",14.967,102.083,188.0,2007-10-28,,27.4,30.8,
TH000048431,"NAKHON RATCHASIMA, TH",14.967,102.083,188.0,2007-10-29,,27.1,31.2,
TH000048431,"NAKHON RATCHASIMA, TH",14.967,102.083,188.0,2007-10-30,7.4,24.6,29.7,21.4
TH000048431,"NAKHON RATCHASIMA, TH",14.967,102.083,188.0,2007-10-31,2.0,24.4,26.7,21.9
TH000048431,"NAKHON RATCHASIMA, TH",14.967,102.083,188.0,2007-11-01,0.0,26.7,30.1,
TH000048431,"NAKHON RATCHASIMA, TH",14.967,102.083,188.0,2007-11-02,,25.1,28.0,
TH000048431,"NAKHON RATCHASIMA, TH",14.967,102.083,188.0,2007-11-03,,24.7,28.7,21.1
TH000048431,"NAKHON RATCHASIMA, TH",14.967,102.083,188.0,2007-11-04,,24.8,29.0,20.1
TH000048431,"NAKHON RATCHASIMA, TH",14.967,102.083,188.0,2007-11-05,,24.4,28.6,20.0
TH000048431,"NAKHON RATCHASIMA, TH",14.967,102.083,188.0,2007-11-06,,24.6,28.6,19.9
TH000048431,"NAKHON RATCHASIMA, TH",14.967,102.083,188.0,2007-11-07,,23.8,28.3,
TH000048431,"NAKHON RATCHASIMA, TH",14.967,102.083,188.0,2007-11-08,,22.6,28.2,
TH000048431,"NAKHON RATCHASIMA, TH",14.967,102.083,188.0,2007-11-09,,23.0,28.9,16.1
TH000048431,"NAKHON RATCHASIMA, TH",14.967,102.083,188.0,2007-11-10,,25.1,29.8,18.2
TH000048431,"NAKHON RATCHASIMA, TH",14.967,102.083,188.0,2007-11-11,0.0,24.9,27.5,22.7
TH000048431,"NAKHON RATCHASIMA, TH",14.967,102.083,188.0,2007-11-12,0.0,26.1,29.3,23.0
TH000048431,"NAKHON RATCHASIMA, TH",14.967,102.083,188.0,2007-11-13,0.0,26.0,29.3,
TH000048431,"NAKHON RATCHASIMA, TH",14.967,102.083,188.0,2007-11-14,1.3,25.9,29.7,22.7
TH000048431,"NAKHON RATCHASIMA, TH",14.967,102.083,188.0,2007-11-15,0.3,26.3,30.0,
TH000048431,"NAKHON RATCHASIMA, TH",14.967,102.083,188.0,2007-11-16,0.0,25.7,31.0,
TH000048431,"NAKHON RATCHASIMA, TH",14.967,102.083,188.0,2007-11-17,,26.3,30.5,19.6
TH000048431,"NAKHON RATCHASIMA, TH",14.967,102.083,188.0,2007-11-18,0.0,25.3,28.0,
TH000048431,"NAKHON RATCHASIMA, TH",14.967,102.083,188.0,2007-11-19,0.0,25.5,28.4,22.6
TH000048431,"NAKHON RATCHASIMA, TH",14.967,102.083,188.0,2007-11-20,,25.3,29.6,
TH000048431,"NAKHON RATCHASIMA, TH",14.967,102.083,188.0,2007-11-21,,24.1,28.3,20.2
TH000048431,"NAKHON RATCHASIMA, TH",14.967,102.083,188.0,2007-11-22,,23.1,28.2,
TH000048431,"NAKHON RATCHASIMA, TH",14.967,102.083,188.0,2007-11-23,,23.6,28.4,17.6
TH000048431,"NAKHON RATCHASIMA, TH",14.967,102.083,188.0,2007-11-24,,23.3,27.8,18.0
TH000048431,"NAKHON RATCHASIMA, TH",14.967,102.083,188.0,2007-11-25,,23.0,28.5,17.1
TH000048431,"NAKHON RATCHASIMA, TH",14.967,102.083,188.0,2007-11-26,,24.0,29.1,
TH000048431,"NAKHON RATCHASIMA, TH",14.967,102.083,188.0,2007-11-27,,21.1,27.8,
TH000048431,"NAKHON RATCHASIMA, TH",14.967,102.083,188.0,2007-11-28,,20.0,26.5,14.4
TH000048431,"NAKHON RATCHASIMA, TH",14.967,102.083,188.0,2007-11-29,,20.7,26.5,14.4
TH000048431,"NAKHON RATCHASIMA, TH",14.967,102.083,188.0,2007-11-30,,20.7,27.0,14.7
TH000048431,"NAKHON RATCHASIMA, TH",14.967,102.083,188.0,2007-12-01,,20.8,27.0,14.9
TH000048431,"NAKHON RATCHASIMA, TH",14.967,102.083,188.0,2007-12-02,,22.4,28.4,15.5
TH000048431,"NAKHON RATCHASIMA, TH",14.967,102.083,188.0,2007-12-03,,23.4,29.2,17.0
TH000048431,"NAKHON RATCHASIMA, TH",14.967,102.083,188.0,2007-12-04,,24.1,29.5,17.5
TH000048431,"NAKHON RATCHASIMA, TH",14.967,102.083,188.0,2007-12-05,,24.6,28.5,19.4
TH000048431,"NAKHON RATCHASIMA, TH",14.967,102.083,188.0,2007-12-06,,25.4,29.7,21.2
TH000048431,"NAKHON RATCHASIMA, TH",14.967,102.083,188.0,2007-12-07,,24.9,29.4,20.8
TH000048431,"NAKHON RATCHASIMA, TH",14.967,102.083,188.0,2007-12-08,,24.6,29.2,20.0
TH000048431,"NAKHON RATCHASIMA, TH",14.967,102.083,188.0,2007-12-09,,24.5,30.0,20.0
TH000048431,"NAKHON RATCHASIMA, TH",14.967,102.083,188.0,2007-12-10,,25.4,30.9,
TH000048431,"NAKHON RATCHASIMA, TH",14.967,102.083,188.0,2007-12-11,,25.7,31.7,20.3
TH000048431,"NAKHON RATCHASIMA, TH",14.967,102.083,188.0,2007-12-12,,25.9,32.2,20.2
TH000048431,"NAKHON RATCHASIMA, TH",14.967,102.083,188.0,2007-12-13,,26.9,,19.8
TH000048431,"NAKHON RATCHASIMA, TH",14.967,102.083,188.0,2007-12-14,,26.8,31.8,20.5
TH000048431,"NAKHON RATCHASIMA, TH",14.967,102.083,188.0,2007-12-15,0.0,26.6,31.0,24.3
TH000048431,"NAKHON RATCHASIMA, TH",14.967,102.083,188.0,2007-12-16,0.0,27.7,32.7,22.6
TH000048431,"NAKHON RATCHASIMA, TH",14.967,102.083,188.0,2007-12-17,,28.1,32.8,22.5
TH000048431,"NAKHON RATCHASIMA, TH",14.967,102.083,188.0,2007-12-18,,27.8,32.8,23.2
TH000048431,"NAKHON RATCHASIMA, TH",14.967,102.083,188.0,2007-12-19,,27.9,33.1,22.8
TH000048431,"NAKHON RATCHASIMA, TH",14.967,102.083,188.0,2007-12-20,,26.9,32.7,22.2
TH000048431,"NAKHON RATCHASIMA, TH",14.967,102.083,188.0,2007-12-21,,28.4,34.4,21.2
TH000048431,"NAKHON RATCHASIMA, TH",14.967,102.083,188.0,2007-12-22,,28.2,34.9,22.5
TH000048431,"NAKHON RATCHASIMA, TH",14.967,102.083,188.0,2007-12-23,,27.8,34.5,21.5
TH000048431,"NAKHON RATCHASIMA, TH",14.967,102.083,188.0,2007-12-24,,27.4,34.7,21.8
TH000048431,"NAKHON RATCHASIMA, TH",14.967,102.083,188.0,2007-12-25,,26.5,32.6,22.3
TH000048431,"NAKHON RATCHASIMA, TH",14.967,102.083,188.0,2007-12-26,,26.1,31.5,21.5
TH000048431,"NAKHON RATCHASIMA, TH",14.967,102.083,188.0,2007-12-27,,25.2,30.8,
TH000048431,"NAKHON RATCHASIMA, TH",14.967,102.083,188.0,2007-12-28,,26.6,32.4,20.2
TH000048431,"NAKHON RATCHASIMA, TH",14.967,102.083,188.0,2007-12-29,,25.3,30.5,19.8
TH000048431,"NAKHON RATCHASIMA, TH",14.967,102.083,188.0,2007-12-30,,24.5,29.5,19.0
TH000048431,"NAKHON RATCHASIMA, TH",14.967,102.083,188.0,2007-12-31,,22.5,28.0,
TH000048431,"NAKHON RATCHASIMA, TH",14.967,102.083,188.0,2008-01-01,,20.1,26.1,
TH000048431,"NAKHON RATCHASIMA, TH",14.967,102.083,188.0,2008-01-02,,19.3,24.5,13.8
TH000048431,"NAKHON RATCHASIMA, TH",14.967,102.083,188.0,2008-01-03,,21.2,26.2,15.5
TH000048431,"NAKHON RATCHASIMA, TH",14.967,102.083,188.0,2008-01-04,,22.9,28.4,17.3
TH000048431,"NAKHON RATCHASIMA, TH",14.967,102.083,188.0,2008-01-05,,23.6,29.1,17.5
TH000048431,"NAKHON RATCHASIMA, TH",14.967,102.083,188.0,2008-01-06,,22.9,29.2,
TH000048431,"NAKHON RATCHASIMA, TH",14.967,102.083,188.0,2008-01-07,,23.3,30.4,16.5
TH000048431,"NAKHON RATCHASIMA, TH",14.967,102.083,188.0,2008-01-08,,23.6,30.8,16.7
TH000048431,"NAKHON RATCHASIMA, TH",14.967,102.083,188.0,2008-01-09,,25.3,33.0,17.6
TH000048431,"NAKHON RATCHASIMA, TH",14.967,102.083,188.0,2008-01-10,,26.5,34.9,19.2
TH000048431,"NAKHON RATCHASIMA, TH",14.967,102.083,188.0,2008-01-11,,27.2,34.8,20.3
TH000048431,"NAKHON RATCHASIMA, TH",14.967,102.083,188.0,2008-01-12,,27.1,34.9,20.3
TH000048431,"NAKHON RATCHASIMA, TH",14.967,102.083,188.0,2008-01-13,,27.1,35.2,20.0
TH000048431,"NAKHON RATCHASIMA, TH",14.967,102.083,188.0,2008-01-14,,25.6,30.8,21.6
TH000048431,"NAKHON RATCHASIMA, TH",14.967,102.083,188.0,2008-01-15,,25.0,31.1,
TH000048431,"NAKHON RATCHASIMA, TH",14.967,102.083,188.0,2008-01-16,,23.7,29.6,18.4
TH000048431,"NAKHON RATCHASIMA, TH",14.967,102.083,188.0,2008-01-17,,22.6,28.7,17.4
TH000048431,"NAKHON RATCHASIMA, TH",14.967,102.083,188.0,2008-01-18,,23.3,29.5,17.3
TH000048431,"NAKHON RATCHASIMA, TH",14.967,102.083,188.0,2008-01-19,,24.9,31.8,18.0
TH000048431,"NAKHON RATCHASIMA, TH",14.967,102.083,188.0,2008-01-20,,25.3,33.4,18.1
TH000048431,"NAKHON RATCHASIMA, TH",14.967,102.083,188.0,2008-01-21,,25.9,34.4,19.3
TH000048431,"NAKHON RATCHASIMA, TH",14.967,102.083,188.0,2008-01-22,,25.7,33.7,18.5
TH000048431,"NAKHON RATCHASIMA, TH",14.967,102.083,188.0,2008-01-23,,24.5,30.8,18.6
TH000048431,"NAKHON RATCHASIMA, TH",14.967,102.083,188.0,2008-01-24,0.5,22.6,27.9,19.3
TH000048431,"NAKHON RATCHASIMA, TH",14.967,102.083,188.0,2008-01-25,,21.2,24.1,18.4
TH000048431,"NAKHON RATCHASIMA, TH",14.967,102.083,188.0,2008-01-26,,25.6,31.9,18.4
TH000048431,"NAKHON RATCHASIMA, TH",14.967,102.083,188.0,2008-01-27,,26.3,31.6,
TH000048431,"NAKHON RATCHASIMA, TH",14.967,102.083,188.0,2008-01-28,5.3,26.9,34.4,21.0
TH000048431,"NAKHON RATCHASIMA, TH",14.967,102.083,188.0,2008-01-29,4.8,28.1,33.7,22.8
TH000048431,"NAKHON RATCHASIMA, TH",14.967,102.083,188.0,2008-01-30,0.0,28.8,34.9,23.6
TH000048431,"NAKHON RATCHASIMA, TH",14.967,102.083,188.0,2008-01-31,,28.7,33.9,24.1
TH000048431,"NAKHON RATCHASIMA, TH",14.967,102.083,188.0,2008-02-01,0.5,26.1,31.3,22.1
TH000048431,"NAKHON RATCHASIMA, TH",14.967,102.083,188.0,2008-02-02,0.0,24.6,29.0,
TH000048431,"NAKHON RATCHASIMA, TH",14.967,102.083,188.0,2008-02-03,1.0,20.9,24.4,
TH000048431,"NAKHON RATCHASIMA, TH",14.967,102.083,188.0,2008-02-04,,22.0,25.6,17.5
TH000048431,"NAKHON RATCHASIMA, TH",14.967,102.083,188.0,2008-02-05,,22.7,25.7,21.0
TH000048431,"NAKHON RATCHASIMA, TH",14.967,102.083,188.0,2008-02-06,,26.4,33.0,20.4
TH000048431,"NAKHON RATCHASIMA, TH",14.967,102.083,188.0,2008-02-07,,25.4,32.6,20.1
TH000048431,"NAKHON RATCHASIMA, TH",14.967,102.083,188.0,2008-02-08,,25.8,32.1,20.1
TH000048431,"NAKHON RATCHASIMA, TH",14.967,102.083,188.0,2008-02-09,,22.7,,18.3
TH000048431,"NAKHON RATCHASIMA, TH",14.967,102.083,188.0,2008-02-10,,25.6,30.5,19.0
TH000048431,"NAKHON RATCHASIMA, TH",14.967,102.083,188.0,2008-02-11,,26.2,32.5,20.7
TH000048431,"NAKHON RATCHASIMA, TH",14.967,102.083,188.0,2008-02-12,,23.0,28.6,
TH000048431,"NAKHON RATCHASIMA, TH",14.967,102.083,188.0,2008-02-13,,22.3,27.8,16.4
TH000048431,"NAKHON RATCHASIMA, TH",14.967,102.083,188.0,2008-02-14,,22.5,28.7,
TH000048431,"NAKHON RATCHASIMA, TH",14.967,102.083,188.0,2008-02-15,,21.6,27.0,15.6
TH000048431,"NAKHON RATCHASIMA, TH",14.967,102.083,188.0,2008-02-16,,24.4,31.0,18.1
TH000048431,"NAKHON RATCHASIMA, TH",14.967,102.083,188.0,2008-02-17,,26.3,32.3,20.7
TH000048431,"NAKHON RATCHASIMA, TH",14.967,102.083,188.0,2008-02-18,,24.7,32.4,
TH000048431,"NAKHON RATCHASIMA, TH",14.967,102.083,188.0,2008-02-19,,23.4,29.0,18.0
TH000048431,"NAKHON RATCHASIMA, TH",14.967,102.083,188.0,2008-02-20,,22.1,28.4,16.8
TH000048431,"NAKHON RATCHASIMA, TH",14.967,102.083,188.0,2008-02-21,,22.4,28.9,16.2
TH000048431,"NAKHON RATCHASIMA, TH",14.967,102.083,188.0,2008-02-22,,23.9,31.2,16.7
TH000048431,"NAKHON RATCHASIMA, TH",14.967,102.083,188.0,2008-02-23,,25.7,32.5,18.6
TH000048431,"NAKHON RATCHASIMA, TH",14.967,102.083,188.0,2008-02-24,,26.3,31.9,20.4
TH000048431,"NAKHON RATCHASIMA, TH",14.967,102.083,188.0,2008-02-25,,29.7,35.3,23.4
TH000048431,"NAKHON RATCHASIMA, TH",14.967,102.083,188.0,2008-02-26,,28.1,34.4,
TH000048431,"NAKHON RATCHASIMA, TH",14.967,102.083,188.0,2008-02-27,,24.8,28.4,
TH000048431,"NAKHON RATCHASIMA, TH",14.967,102.083,188.0,2008-02-28,,23.2,27.7,18.0
TH000048431,"NAKHON RATCHASIMA, TH",14.967,102.083,188.0,2008-02-29,,24.9,30.3,
TH000048431,"NAKHON RATCHASIMA, TH",14.967,102.083,188.0,2008-03-01,,24.1,30.4,18.6
TH000048431,"NAKHON RATCHASIMA, TH",14.967,102.083,188.0,2008-03-02,,24.9,31.6,18.5
TH000048431,"NAKHON RATCHASIMA, TH",14.967,102.083,188.0,2008-03-03,,24.0,30.7,18.4
TH000048431,"NAKHON RATCHASIMA, TH",14.967,102.083,188.0,2008-03-04,,24.2,30.2,17.5
TH000048431,"NAKHON RATCHASIMA, TH",14.967,102.083,188.0,2008-03-05,,23.9,31.0,18.4
TH000048431,"NAKHON RATCHASIMA, TH",14.967,102.083,188.0,2008-03-06,,25.9,31.8,19.6
TH000048431,"NAKHON RATCHASIMA, TH",14.967,102.083,188.0,2008-03-07,,27.9,34.0,22.5
TH000048431,"NAKHON RATCHASIMA, TH",14.967,102.083,188.0,2008-03-08,,27.3,32.8,22.7
TH000048431,"NAKHON RATCHASIMA, TH",14.967,102.083,188.0,2008-03-09,,27.0,33.6,21.4
TH000048431,"NAKHON RATCHASIMA, TH",14.967,102.083,188.0,2008-03-10,,28.8,34.5,22.6
TH000048431,"NAKHON RATCHASIMA, TH",14.967,102.083,188.0,2008-03-11,,29.4,35.1,24.0
TH000048431,"NAKHON RATCHASIMA, TH",14.967,102.083,188.0,2008-03-12,,30.1,36.2,25.0
TH000048431,"NAKHON RATCHASIMA, TH",14.967,102.083,188.0,2008-03-13,,31.0,37.3,24.8
TH000048431,"NAKHON RATCHASIMA, TH",14.967,102.083,188.0,2008-03-14,0.0,30.7,37.9,25.4
TH000048431,"NAKHON RATCHASIMA, TH",14.967,102.083,188.0,2008-03-15,0.0,30.7,37.8,25.6
TH000048431,"NAKHON RATCHASIMA, TH",14.967,102.083,188.0,2008-03-16,,31.7,38.0,25.4
TH000048431,"NAKHON RATCHASIMA, TH",14.967,102.083,188.0,2008-03-17,,30.9,38.1,25.6
TH000048431,"NAKHON RATCHASIMA, TH",14.967,102.083,188.0,2008-03-18,,30.6,38.3,25.0
TH000048431,"NAKHON RATCHASIMA, TH",14.967,102.083,188.0,2008-03-19,,31.1,37.9,24.8
TH000048431,"NAKHON RATCHASIMA, TH",14.967,102.083,188.0,2008-03-20,,30.9,37.7,25.5
TH000048431,"NAKHON RATCHASIMA, TH",14.967,102.083,188.0,2008-03-21,,29.7,37.4,
TH000048431,"NAKHON RATCHASIMA, TH",14.967,102.083,188.0,2008-03-22,25.4,29.5,39.0,24.2
TH000048431,"NAKHON RATCHASIMA, TH",14.967,102.083,188.0,2008-03-23,24.9,29.3,36.0,23.7
TH000048431,"NAKHON RATCHASIMA, TH",14.967,102.083,188.0,2008-03-24,0.0,28.6,33.8,23.0
TH000048431,"NAKHON RATCHASIMA, TH",14.967,102.083,188.0,2008-03-25,,29.1,34.2,24.7
TH000048431,"NAKHON RATCHASIMA, TH",14.967,102.083,188.0,2008-03-26,5.6,27.6,35.4,24.5
TH000048431,"NAKHON RATCHASIMA, TH",14.967,102.083,188.0,2008-03-27,,28.7,35.1,24.3
TH000048431,"NAKHON RATCHASIMA, TH",14.967,102.083,188.0,2008-03-28,,30.3,37.5,24.3
TH000048431,"NAKHON RATCHASIMA, TH",14.967,102.083,188.0,2008-03-29,,31.1,37.6,25.3
TH000048431,"NAKHON RATCHASIMA, TH",14.967,102.083,188.0,2008-03-30,,31.9,38.8,25.7
TH000048431,"NAKHON RATCHASIMA, TH",14.967,102.083,188.0,2008-03-31,0.0,28.6,34.6,
TH000048431,"NAKHON RATCHASIMA, TH",14.967,102.083,188.0,2008-04-01,0.0,29.2,35.3,24.4
TH000048431,"NAKHON RATCHASIMA, TH",14.967,102.083,188.0,2008-04-02,0.0,27.8,34.9,23.8
TH000048431,"NAKHON RATCHASIMA, TH",14.967,102.083,188.0,2008-04-03,0.0,28.2,34.5,23.6
TH000048431,"NAKHON RATCHASIMA, TH",14.967,102.083,188.0,2008-04-04,0.0,28.5,34.7,24.2
TH000048431,"NAKHON RATCHASIMA, TH",14.967,102.083,188.0,2008-04-05,0.0,29.6,36.0,
TH000048431,"NAKHON RATCHASIMA, TH",14.967,102.083,188.0,2008-04-06,39.9,26.7,32.1,23.1
TH000048431,"NAKHON RATCHASIMA, TH",14.967,102.083,188.0,2008-04-07,6.1,27.7,35.2,
TH000048431,"NAKHON RATCHASIMA, TH",14.967,102.083,188.0,2008-04-08,,30.1,35.5,23.9
TH000048431,"NAKHON RATCHASIMA, TH",14.967,102.083,188.0,2008-04-09,4.1,30.8,37.3,25.7
TH000048431,"NAKHON RATCHASIMA, TH",14.967,102.083,188.0,2008-04-10,,31.2,37.9,25.1
TH000048431,"NAKHON RATCHASIMA, TH",14.967,102.083,188.0,2008-04-11,,31.8,38.0,25.5
TH000048431,"NAKHON RATCHASIMA, TH",14.967,102.083,188.0,2008-04-12,0.0,31.9,38.0,26.0
TH000048431,"NAKHON RATCHASIMA, TH",14.967,102.083,188.0,2008-04-13,4.8,29.5,37.7,
TH000048431,"NAKHON RATCHASIMA, TH",14.967,102.083,188.0,2008-04-14,,30.0,35.6,24.8
TH000048431,"NAKHON RATCHASIMA, TH",14.967,102.083,188.0,2008-04-15,47.5,29.0,36.2,
TH000048431,"NAKHON RATCHASIMA, TH",14.967,102.083,188.0,2008-04-16,3.6,29.7,35.4,22.3
TH000048431,"NAKHON RATCHASIMA, TH",14.967,102.083,188.0,2008-04-17,0.0,31.4,36.0,26.0
TH000048431,"NAKHON RATCHASIMA, TH",14.967,102.083,188.0,2008-04-18,,31.1,36.0,26.7
TH000048431,"NAKHON RATCHASIMA, TH",14.967,102.083,188.0,2008-04-19,0.0,31.1,37.7,26.3
TH000048431,"NAKHON RATCHASIMA, TH",14.967,102.083,188.0,2008-04-20,0.0,30.9,36.8,26.1
TH000048431,"NAKHON RATCHASIMA, TH",14.967,102.083,188.0,2008-04-21,,30.9,37.4,26.8
TH000048431,"NAKHON RATCHASIMA, TH",14.967,102.083,188.0,2008-04-22,11.7,28.2,,
TH000048431,"NAKHON RATCHASIMA, TH",14.967,102.083,188.0,2008-04-23,4.6,27.7,33.3,
TH000048431,"NAKHON RATCHASIMA, TH",14.967,102.083,188.0,2008-04-24,0.0,28.6,33.2,23.9
TH000048431,"NAKHON RATCHASIMA, TH",14.967,102.083,188.0,2008-04-25,0.0,28.4,33.0,24.6
TH000048431,"NAKHON RATCHASIMA, TH",14.967,102.083,188.0,2008-04-26,,28.9,33.6,25.2
TH000048431,"NAKHON RATCHASIMA, TH",14.967,102.083,188.0,2008-04-27,91.9,28.5,35.0,
TH000048431,"NAKHON RATCHASIMA, TH",14.967,102.083,188.0,2008-04-28,30.0,26.7,32.2,22.5
TH000048431,"NAKHON RATCHASIMA, TH",14.967,102.083,188.0,2008-04-29,14.5,25.8,30.9,23.4
TH000048431,"NAKHON RATCHASIMA, TH",14.967,102.083,188.0,2008-04-30,0.0,27.9,33.0,23.8
TH000048431,"NAKHON RATCHASIMA, TH",14.967,102.083,188.0,2008-05-01,0.0,28.0,32.8,25.5
TH000048431,"NAKHON RATCHASIMA, TH",14.967,102.083,188.0,2008-05-02,9.1,28.5,34.3,25.1
TH000048431,"NAKHON RATCHASIMA, TH",14.967,102.083,188.0,2008-05-03,13.2,28.3,34.6,
TH000048431,"NAKHON RATCHASIMA, TH",14.967,102.083,188.0,2008-05-04,2.8,27.2,32.6,24.7
TH000048431,"NAKHON RATCHASIMA, TH",14.967,102.083,188.0,2008-05-05,0.3,29.1,33.3,25.3
TH000048431,"NAKHON RATCHASIMA, TH",14.967,102.083,188.0,2008-05-06,1.0,29.9,34.7,25.7
TH000048431,"NAKHON RATCHASIMA, TH",14.967,102.083,188.0,2008-05-07,,30.0,34.8,24.8
TH000048431,"NAKHON RATCHASIMA, TH",14.967,102.083,188.0,2008-05-08,,30.4,34.7,26.2
TH000048431,"NAKHON RATCHASIMA, TH",14.967,102.083,188.0,2008-05-09,,29.9,35.5,25.6
TH000048431,"NAKHON RATCHASIMA, TH",14.967,102.083,188.0,2008-05-10,5.3,28.7,35.4,
TH000048431,"NAKHON RATCHASIMA, TH",14.967,102.083,188.0,2008-05-11,18.5,26.3,31.0,23.8
TH000048431,"NAKHON RATCHASIMA, TH",14.967,102.083,188.0,2008-05-12,26.4,25.4,29.3,23.8
TH000048431,"NAKHON RATCHASIMA, TH",14.967,102.083,188.0,2008-05-13,19.8,24.7,27.0,
TH000048431,"NAKHON RATCHASIMA, TH",14.967,102.083,188.0,2008-05-14,4.3,25.3,28.7,21.8
TH000048431,"NAKHON RATCHASIMA, TH",14.967,102.083,188.0,2008-05-15,41.1,26.4,31.5,24.4
TH000048431,"NAKHON RATCHASIMA, TH",14.967,102.083,188.0,2008-05-16,,28.9,34.0,24.5
TH000048431,"NAKHON RATCHASIMA, TH",14.967,102.083,188.0,2008-05-17,,29.6,34.0,25.2
TH000048431,"NAKHON RATCHASIMA, TH",14.967,102.083,188.0,2008-05-18,,29.0,33.8,
TH000048431,"NAKHON RATCHASIMA, TH",14.967,102.083,188.0,2008-05-19,,29.0,33.6,25.1
TH000048431,"NAKHON RATCHASIMA, TH",14.967,102.083,188.0,2008-05-20,,28.3,34.2,25.0
TH000048431,"NAKHON RATCHASIMA, TH",14.967,102.083,188.0,2008-05-21,15.7,27.2,32.3,
TH000048431,"NAKHON RATCHASIMA, TH",14.967,102.083,188.0,2008-05-22,0.0,27.2,32.4,24.2
TH000048431,"NAKHON RATCHASIMA, TH",14.967,102.083,188.0,2008-05-23,0.0,29.0,34.8,24.3
TH000048431,"NAKHON RATCHASIMA, TH",14.967,102.083,188.0,2008-05-24,7.1,27.9,33.6,25.4
TH000048431,"NAKHON RATCHASIMA, TH",14.967,102.083,188.0,2008-05-25,,28.7,32.7,25.2
TH000048431,"NAKHON RATCHASIMA, TH",14.967,102.083,188.0,2008-05-26,0.0,29.5,33.4,25.0
TH000048431,"NAKHON RATCHASIMA, TH",14.967,102.083,188.0,2008-05-27,0.0,30.3,35.6,25.2
TH000048431,"NAKHON RATCHASIMA, TH",14.967,102.083,188.0,2008-05-28,,30.2,35.1,
TH000048431,"NAKHON RATCHASIMA, TH",14.967,102.083,188.0,2008-05-29,,29.1,35.0,25.4
TH000048431,"NAKHON RATCHASIMA, TH",14.967,102.083,188.0,2008-05-30,,28.9,35.0,25.4
TH000048431,"NAKHON RATCHASIMA, TH",14.967,102.083,188.0,2008-05-31,,29.3,33.8,25.0
TH000048431,"NAKHON RATCHASIMA, TH",14.967,102.083,188.0,2008-06-01,,30.2,36.2,26.0
TH000048431,"NAKHON RATCHASIMA, TH",14.967,102.083,188.0,2008-06-02,,28.9,35.3,
TH000048431,"NAKHON RATCHASIMA, TH",14.967,102.083,188.0,2008-06-03,4.8,27.1,33.6,
TH000048431,"NAKHON RATCHASIMA, TH",14.967,102.083,188.0,2008-06-04,3.3,26.7,33.7,24.4
TH000048431,"NAKHON RATCHASIMA, TH",14.967,102.083,188.0,2008-06-05,0.0,28.9,34.2,24.4
TH000048431,"NAKHON RATCHASIMA, TH",14.967,102.083,188.0,2008-06-06,37.1,28.2,34.1,
TH000048431,"NAKHON RATCHASIMA, TH",14.967,102.083,188.0,2008-06-07,1.5,27.4,34.1,24.5
TH000048431,"NAKHON RATCHASIMA, TH",14.967,102.083,188.0,2008-06-08,,28.6,35.0,24.6
TH000048431,"NAKHON RATCHASIMA, TH",14.967,102.083,188.0,2008-06-09,0.8,27.8,32.3,25.8
TH000048431,"NAKHON RATCHASIMA, TH",14.967,102.083,188.0,2008-06-10,0.5,29.2,34.2,25.3
TH000048431,"NAKHON RATCHASIMA, TH",14.967,102.083,188.0,2008-06-11,8.6,27.9,34.1,
TH000048431,"NAKHON RATCHASIMA, TH",14.967,102.083,188.0,2008-06-12,8.9,27.4,33.0,25.1
TH000048431,"NAKHON RATCHASIMA, TH",14.967,102.083,188.0,2008-06-13,5.8,27.2,32.2,
TH000048431,"NAKHON RATCHASIMA, TH",14.967,102.083,188.0,2008-06-14,0.3,28.2,32.6,24.4
TH000048431,"NAKHON RATCHASIMA, TH",14.967,102.083,188.0,2008-06-15,1.3,28.3,32.6,25.7
TH000048431,"NAKHON RATCHASIMA, TH",14.967,102.083,188.0,2008-06-16,0.8,28.9,34.4,
TH000048431,"NAKHON RATCHASIMA, TH",14.967,102.083,188.0,2008-06-17,1.8,27.9,31.7,24.8
TH000048431,"NAKHON RATCHASIMA, TH",14.967,102.083,188.0,2008-06-18,0.5,27.1,30.1,24.7
TH000048431,"NAKHON RATCHASIMA, TH",14.967,102.083,188.0,2008-06-19,0.5,26.7,31.6,
TH000048431,"NAKHON RATCHASIMA, TH",14.967,102.083,188.0,2008-06-20,0.0,28.1,33.5,23.3
TH000048431,"NAKHON RATCHASIMA, TH",14.967,102.083,188.0,2008-06-21,0.0,29.0,34.0,24.2
TH000048431,"NAKHON RATCHASIMA, TH",14.967,102.083,188.0,2008-06-22,,29.6,34.5,25.0
TH000048431,"NAKHON RATCHASIMA, TH",14.967,102.083,188.0,2008-06-23,,29.9,35.0,25.1
TH000048431,"NAKHON RATCHASIMA, TH",14.967,102.083,188.0,2008-06-24,,30.1,35.4,25.2
TH000048431,"NAKHON RATCHASIMA, TH",14.967,102.083,188.0,2008-06-25,,30.3,36.0,25.6
TH000048431,"NAKHON RATCHASIMA, TH",14.967,102.083,188.0,2008-06-26,,29.9,35.0,25.7
TH000048431,"NAKHON RATCHASIMA, TH",14.967,102.083,188.0,2008-06-27,,30.2,35.4,24.9
TH000048431,"NAKHON RATCHASIMA, TH",14.967,102.083,188.0,2008-06-28,,29.9,34.7,25.9
TH000048431,"NAKHON RATCHASIMA, TH",14.967,102.083,188.0,2008-06-29,,30.3,35.7,26.0
TH000048431,"NAKHON RATCHASIMA, TH",14.967,102.083,188.0,2008-06-30,14.0,28.5,35.9,
TH000048431,"NAKHON RATCHASIMA, TH",14.967,102.083,188.0,2008-07-01,9.7,27.1,34.1,
TH000048431,"NAKHON RATCHASIMA, TH",14.967,102.083,188.0,2008-07-02,7.9,25.7,30.6,23.4
TH000048431,"NAKHON RATCHASIMA, TH",14.967,102.083,188.0,2008-07-03,0.5,27.2,32.5,24.1
TH000048431,"NAKHON RATCHASIMA, TH",14.967,102.083,188.0,2008-07-04,0.0,28.8,34.5,24.1
TH000048431,"NAKHON RATCHASIMA, TH",14.967,102.083,188.0,2008-07-05,0.0,29.2,33.8,24.4
TH000048431,"NAKHON RATCHASIMA, TH",14.967,102.083,188.0,2008-07-06,,29.4,34.5,24.8
TH000048431,"NAKHON RATCHASIMA, TH",14.967,102.083,188.0,2008-07-07,1.8,28.4,33.8,25.3
TH000048431,"NAKHON RATCHASIMA, TH",14.967,102.083,188.0,2008-07-08,11.7,27.1,32.4,
TH000048431,"NAKHON RATCHASIMA, TH",14.967,102.083,188.0,2008-07-09,10.4,26.1,32.4,23.4
TH000048431,"NAKHON RATCHASIMA, TH",14.967,102.083,188.0,2008-07-10,0.0,27.6,32.3,23.5
TH000048431,"NAKHON RATCHASIMA, TH",14.967,102.083,188.0,2008-07-11,0.0,28.9,33.4,24.6
TH000048431,"NAKHON RATCHASIMA, TH",14.967,102.083,188.0,2008-07-12,,29.8,35.0,25.3
TH000048431,"NAKHON RATCHASIMA, TH",14.967,102.083,188.0,2008-07-13,0.0,28.6,34.3,25.6
TH000048431,"NAKHON RATCHASIMA, TH",14.967,102.083,188.0,2008-07-14,2.8,29.0,35.3,25.1
TH000048431,"NAKHON RATCHASIMA, TH",14.967,102.083,188.0,2008-07-15,0.3,29.7,35.2,24.8
TH000048431,"NAKHON RATCHASIMA, TH",14.967,102.083,188.0,2008-07-16,,30.2,35.3,25.3
TH000048431,"NAKHON RATCHASIMA, TH",14.967,102.083,188.0,2008-07-17,,30.3,35.5,25.7
TH000048431,"NAKHON RATCHASIMA, TH",14.967,102.083,188.0,2008-07-18,4.3,28.3,34.2,
TH000048431,"NAKHON RATCHASIMA, TH",14.967,102.083,188.0,2008-07-19,33.8,28.2,34.6,
TH000048431,"NAKHON RATCHASIMA, TH",14.967,102.083,188.0,2008-07-20,0.0,27.6,32.7,24.7
TH000048431,"NAKHON RATCHASIMA, TH",14.967,102.083,188.0,2008-07-21,1.8,28.1,34.9,25.2
TH000048431,"NAKHON RATCHASIMA, TH",14.967,102.083,188.0,2008-07-22,0.5,28.5,32.8,25.3
TH000048431,"NAKHON RATCHASIMA, TH",14.967,102.083,188.0,2008-07-23,,29.3,35.2,25.2
TH000048431,"NAKHON RATCHASIMA, TH",14.967,102.083,188.0,2008-07-24,,28.0,32.0,
TH000048431,"NAKHON RATCHASIMA, TH",14.967,102.083,188.0,2008-07-25,,28.6,35.1,25.2
TH000048431,"NAKHON RATCHASIMA, TH",14.967,102.083,188.0,2008-07-26,7.1,28.1,32.7,24.1
TH000048431,"NAKHON RATCHASIMA, TH",14.967,102.083,188.0,2008-07-27,,28.9,33.4,24.3
TH000048431,"NAKHON RATCHASIMA, TH",14.967,102.083,188.0,2008-07-28,,28.6,32.5,25.4
TH000048431,"NAKHON RATCHASIMA, TH",14.967,102.083,188.0,2008-07-29,,29.7,34.3,25.4
TH000048431,"NAKHON RATCHASIMA, TH",14.967,102.083,188.0,2008-07-30,0.5,28.8,34.7,
TH000048431,"NAKHON RATCHASIMA, TH",14.967,102.083,188.0,2008-07-31,5.3,27.9,34.0,24.3
TH000048431,"NAKHON RATCHASIMA, TH",14.967,102.083,188.0,2008-08-01,3.3,27.3,33.0,24.2
TH000048431,"NAKHON RATCHASIMA, TH",14.967,102.083,188.0,2008-08-02,1.5,28.3,32.8,23.5
TH000048431,"NAKHON RATCHASIMA, TH",14.967,102.083,188.0,2008-08-03,19.6,26.9,32.6,
TH000048431,"NAKHON RATCHASIMA, TH",14.967,102.083,188.0,2008-08-04,1.3,29.0,33.6,23.8
TH000048431,"NAKHON RATCHASIMA, TH",14.967,102.083,188.0,2008-08-05,4.8,28.9,33.2,
TH000048431,"NAKHON RATCHASIMA, TH",14.967,102.083,188.0,2008-08-06,0.5,27.3,31.7,24.1
TH000048431,"NAKHON RATCHASIMA, TH",14.967,102.083,188.0,2008-08-07,0.0,27.7,29.9,25.4
TH000048431,"NAKHON RATCHASIMA, TH",14.967,102.083,188.0,2008-08-08,0.0,27.6,32.4,25.3
TH000048431,"NAKHON RATCHASIMA, TH",14.967,102.083,188.0,2008-08-09,0.5,28.9,34.0,24.7
TH000048431,"NAKHON RATCHASIMA, TH",14.967,102.083,188.0,2008-08-10,0.0,28.8,33.6,
TH000048431,"NAKHON RATCHASIMA, TH",14.967,102.083,188.0,2008-08-11,10.9,27.6,32.3,
TH000048431,"NAKHON RATCHASIMA, TH",14.967,102.083,188.0,2008-08-12,0.5,26.9,30.4,
TH000048431,"NAKHON RATCHASIMA, TH",14.967,102.083,188.0,2008-08-13,0.5,27.2,31.4,23.4
TH000048431,"NAKHON RATCHASIMA, TH",14.967,102.083,188.0,2008-08-14,7.4,28.6,33.1,22.8
TH000048431,"NAKHON RATCHASIMA, TH",14.967,102.083,188.0,2008-08-15,0.0,29.2,33.5,24.7
TH000048431,"NAKHON RATCHASIMA, TH",14.967,102.083,188.0,2008-08-16,,29.8,35.0,25.2
TH000048431,"NAKHON RATCHASIMA, TH",14.967,102.083,188.0,2008-08-17,,29.5,34.3,24.4
TH000048431,"NAKHON RATCHASIMA, TH",14.967,102.083,188.0,2008-08-18,1.0,29.6,34.4,
TH000048431,"NAKHON RATCHASIMA, TH",14.967,102.083,188.0,2008-08-19,45.2,25.8,30.6,22.7
TH000048431,"NAKHON RATCHASIMA, TH",14.967,102.083,188.0,2008-08-20,4.8,27.1,32.2,24.4
TH000048431,"NAKHON RATCHASIMA, TH",14.967,102.083,188.0,2008-08-21,9.9,27.6,32.6,24.6
TH000048431,"NAKHON RATCHASIMA, TH",14.967,102.083,188.0,2008-08-22,25.7,27.3,33.9,24.0
TH000048431,"NAKHON RATCHASIMA, TH",14.967,102.083,188.0,2008-08-23,,28.1,34.0,24.7
TH000048431,"NAKHON RATCHASIMA, TH",14.967,102.083,188.0,2008-08-24,0.0,28.6,33.9,25.3
TH000048431,"NAKHON RATCHASIMA, TH",14.967,102.083,188.0,2008-08-25,1.3,29.3,34.2,24.8
TH000048431,"NAKHON RATCHASIMA, TH",14.967,102.083,188.0,2008-08-26,0.0,29.0,34.9,25.3
TH000048431,"NAKHON RATCHASIMA, TH",14.967,102.083,188.0,2008-08-27,11.2,27.9,33.2,24.8
TH000048431,"NAKHON RATCHASIMA, TH",14.967,102.083,188.0,2008-08-28,1.0,27.7,33.2,24.6
TH000048431,"NAKHON RATCHASIMA, TH",14.967,102.083,188.0,2008-08-29,8.4,27.9,33.8,
TH000048431,"NAKHON RATCHASIMA, TH",14.967,102.083,188.0,2008-08-30,26.9,27.5,33.2,23.8
TH000048431,"NAKHON RATCHASIMA, TH",14.967,102.083,188.0,2008-08-31,0.0,27.9,32.8,24.4
TH000048431,"NAKHON RATCHASIMA, TH",14.967,102.083,188.0,2008-09-01,0.3,28.3,34.1,25.2
TH000048431,"NAKHON RATCHASIMA, TH",14.967,102.083,188.0,2008-09-02,,28.3,32.7,24.8
TH000048431,"NAKHON RATCHASIMA, TH",14.967,102.083,188.0,2008-09-03,37.1,27.6,33.0,
TH000048431,"NAKHON RATCHASIMA, TH",14.967,102.083,188.0,2008-09-04,23.9,27.6,32.9,23.8
TH000048431,"NAKHON RATCHASIMA, TH",14.967,102.083,188.0,2008-09-05,0.0,28.2,33.7,23.9
TH000048431,"NAKHON RATCHASIMA, TH",14.967,102.083,188.0,2008-09-06,0.0,28.3,33.0,24.7
TH000048431,"NAKHON RATCHASIMA, TH",14.967,102.083,188.0,2008-09-07,26.9,27.9,32.5,22.3
TH000048431,"NAKHON RATCHASIMA, TH",14.967,102.083,188.0,2008-09-08,4.8,27.9,31.7,24.3
TH000048431,"NAKHON RATCHASIMA, TH",14.967,102.083,188.0,2008-09-09,22.6,26.9,32.2,24.0
TH000048431,"NAKHON RATCHASIMA, TH",14.967,102.083,188.0,2008-09-10,19.8,28.2,,24.1
TH000048431,"NAKHON RATCHASIMA, TH",14.967,102.083,188.0,2008-09-11,46.2,25.4,28.4,24.3
TH000048431,"NAKHON RATCHASIMA, TH",14.967,102.083,188.0,2008-09-12,2.0,26.6,31.0,23.9
TH000048431,"NAKHON RATCHASIMA, TH",14.967,102.083,188.0,2008-09-13,5.1,26.9,32.7,24.0
TH000048431,"NAKHON RATCHASIMA, TH",14.967,102.083,188.0,2008-09-14,0.5,28.2,31.8,24.2
TH000048431,"NAKHON RATCHASIMA, TH",14.967,102.083,188.0,2008-09-15,2.5,27.1,32.5,
TH000048431,"NAKHON RATCHASIMA, TH",14.967,102.083,188.0,2008-09-16,51.8,24.2,28.0,23.1
TH000048431,"NAKHON RATCHASIMA, TH",14.967,102.083,188.0,2008-09-17,2.3,25.9,29.2,
TH000048431,"NAKHON RATCHASIMA, TH",14.967,102.083,188.0,2008-09-18,59.4,26.2,30.5,22.4
TH000048431,"NAKHON RATCHASIMA, TH",14.967,102.083,188.0,2008-09-19,14.0,26.6,30.1,23.7
TH000048431,"NAKHON RATCHASIMA, TH",14.967,102.083,188.0,2008-09-20,7.1,27.1,31.5,24.1
TH000048431,"NAKHON RATCHASIMA, TH",14.967,102.083,188.0,2008-09-21,1.0,27.1,32.2,24.0
TH000048431,"NAKHON RATCHASIMA, TH",14.967,102.083,188.0,2008-09-22,0.0,27.8,32.0,
TH000048431,"NAKHON RATCHASIMA, TH",14.967,102.083,188.0,2008-09-23,,28.3,33.2,23.4
TH000048431,"NAKHON RATCHASIMA, TH",14.967,102.083,188.0,2008-09-24,,28.9,33.4,23.5
TH000048431,"NAKHON RATCHASIMA, TH",14.967,102.083,188.0,2008-09-25,,28.4,32.6,25.2
TH000048431,"NAKHON RATCHASIMA, TH",14.967,102.083,188.0,2008-09-26,0.0,28.1,32.3,
TH000048431,"NAKHON RATCHASIMA, TH",14.967,102.083,188.0,2008-09-27,3.3,28.2,33.1,24.6
TH000048431,"NAKHON RATCHASIMA, TH",14.967,102.083,188.0,2008-09-28,3.8,27.7,34.2,
TH000048431,"NAKHON RATCHASIMA, TH",14.967,102.083,188.0,2008-09-29,12.4,26.7,32.0,23.7
TH000048431,"NAKHON RATCHASIMA, TH",14.967,102.083,188.0,2008-09-30,3.3,26.9,32.9,24.3
TH000048431,"NAKHON RATCHASIMA, TH",14.967,102.083,188.0,2008-10-01,14.5,26.4,30.7,24.0
TH000048431,"NAKHON RATCHASIMA, TH",14.967,102.083,188.0,2008-10-02,2.3,26.4,30.7,
TH000048431,"NAKHON RATCHASIMA, TH",14.967,102.083,188.0,2008-10-03,,26.6,32.2,23.6
TH000048431,"NAKHON RATCHASIMA, TH",14.967,102.083,188.0,2008-10-04,1.5,27.2,33.6,23.7
TH000048431,"NAKHON RATCHASIMA, TH",14.967,102.083,188.0,2008-10-05,2.0,28.2,34.6,23.6
TH000048431,"NAKHON RATCHASIMA, TH",14.967,102.083,188.0,2008-10-06,2.0,26.7,31.8,
TH000048431,"NAKHON RATCHASIMA, TH",14.967,102.083,188.0,2008-10-07,0.5,26.2,31.7,
TH000048431,"NAKHON RATCHASIMA, TH",14.967,102.083,188.0,2008-10-08,46.0,26.1,32.6,23.3
TH000048431,"NAKHON RATCHASIMA, TH",14.967,102.083,188.0,2008-10-09,0.0,26.9,31.3,23.4
TH000048431,"NAKHON RATCHASIMA, TH",14.967,102.083,188.0,2008-10-10,0.0,28.6,32.0,24.1
TH000048431,"NAKHON RATCHASIMA, TH",14.967,102.083,188.0,2008-10-11,,28.4,32.2,
TH000048431,"NAKHON RATCHASIMA, TH",14.967,102.083,188.0,2008-10-12,,28.2,32.3,24.4
TH000048431,"NAKHON RATCHASIMA, TH",14.967,102.083,188.0,2008-10-13,,28.6,32.6,24.4
TH000048431,"NAKHON RATCHASIMA, TH",14.967,102.083,188.0,2008-10-14,,28.4,32.3,25.2
TH000048431,"NAKHON RATCHASIMA, TH",14.967,102.083,188.0,2008-10-15,,28.3,32.7,24.9
TH000048431,"NAKHON RATCHASIMA, TH",14.967,102.083,188.0,2008-10-16,,28.6,32.5,25.5
TH000048431,"NAKHON RATCHASIMA, TH",14.967,102.083,188.0,2008-10-17,0.5,26.5,29.8,25.2
TH000048431,"NAKHON RATCHASIMA, TH",14.967,102.083,188.0,2008-10-18,21.6,25.7,28.8,
TH000048431,"NAKHON RATCHASIMA, TH",14.967,102.083,188.0,2008-10-19,1.5,28.1,32.1,23.7
TH000048431,"NAKHON RATCHASIMA, TH",14.967,102.083,188.0,2008-10-20,0.0,28.2,32.0,25.2
TH000048431,"NAKHON RATCHASIMA, TH",14.967,102.083,188.0,2008-10-21,,28.2,32.0,25.0
TH000048431,"NAKHON RATCHASIMA, TH",14.967,102.083,188.0,2008-10-22,,28.0,32.9,
TH000048431,"NAKHON RATCHASIMA, TH",14.967,102.083,188.0,2008-10-23,,28.2,33.6,23.6
TH000048431,"NAKHON RATCHASIMA, TH",14.967,102.083,188.0,2008-10-24,5.3,26.9,31.4,24.3
TH000048431,"NAKHON RATCHASIMA, TH",14.967,102.083,188.0,2008-10-25,19.8,26.8,31.4,24.7
TH000048431,"NAKHON RATCHASIMA, TH",14.967,102.083,188.0,2008-10-26,4.3,25.9,29.8,
TH000048431,"NAKHON RATCHASIMA, TH",14.967,102.083,188.0,2008-10-27,1.5,26.6,31.0,23.3
TH000048431,"NAKHON RATCHASIMA, TH",14.967,102.083,188.0,2008-10-28,0.5,27.2,30.6,24.3
TH000048431,"NAKHON RATCHASIMA, TH",14.967,102.083,188.0,2008-10-29,1.0,27.1,31.2,24.3
TH000048431,"NAKHON RATCHASIMA, TH",14.967,102.083,188.0,2008-10-30,7.6,25.6,29.6,
TH000048431,"NAKHON RATCHASIMA, TH",14.967,102.083,188.0,2008-10-31,8.1,26.5,30.7,24.0
TH000048431,"NAKHON RATCHASIMA, TH",14.967,102.083,188.0,2008-11-01,37.8,27.0,32.2,23.7
TH000048431,"NAKHON RATCHASIMA, TH",14.967,102.083,188.0,2008-11-02,1.0,27.6,32.2,24.3
TH000048431,"NAKHON RATCHASIMA, TH",14.967,102.083,188.0,2008-11-03,0.0,27.2,33.0,24.1
TH000048431,"NAKHON RATCHASIMA, TH",14.967,102.083,188.0,2008-11-04,11.7,25.0,28.2,
TH000048431,"NAKHON RATCHASIMA, TH",14.967,102.083,188.0,2008-11-05,1.0,26.3,30.4,23.4
TH000048431,"NAKHON RATCHASIMA, TH",14.967,102.083,188.0,2008-11-06,1.0,27.1,31.1,23.5
TH000048431,"NAKHON RATCHASIMA, TH",14.967,102.083,188.0,2008-11-07,,27.9,32.3,24.6
TH000048431,"NAKHON RATCHASIMA, TH",14.967,102.083,188.0,2008-11-08,,27.4,32.0,
TH000048431,"NAKHON RATCHASIMA, TH",14.967,102.083,188.0,2008-11-09,,25.3,29.3,
TH000048431,"NAKHON RATCHASIMA, TH",14.967,102.083,188.0,2008-11-10,,23.7,27.5,20.2
TH000048431,"NAKHON RATCHASIMA, TH",14.967,102.083,188.0,2008-11-11,,23.1,27.4,
TH000048431,"NAKHON RATCHASIMA, TH",14.967,102.083,188.0,2008-11-12,,22.4,26.9,18.5
TH000048431,"NAKHON RATCHASIMA, TH",14.967,102.083,188.0,2008-11-13,,22.9,27.4,18.6
TH000048431,"NAKHON RATCHASIMA, TH",14.967,102.083,188.0,2008-11-14,,24.2,28.1,18.5
TH000048431,"NAKHON RATCHASIMA, TH",14.967,102.083,188.0,2008-11-15,,26.5,30.1,22.2
TH000048431,"NAKHON RATCHASIMA, TH",14.967,102.083,188.0,2008-11-16,,27.1,30.0,23.7
TH000048431,"NAKHON RATCHASIMA, TH",14.967,102.083,188.0,2008-11-17,,27.3,31.8,23.8
TH000048431,"NAKHON RATCHASIMA, TH",14.967,102.083,188.0,2008-11-18,0.0,25.3,27.8,
TH000048431,"NAKHON RATCHASIMA, TH",14.967,102.083,188.0,2008-11-19,0.0,25.0,28.5,
TH000048431,"NAKHON RATCHASIMA, TH",14.967,102.083,188.0,2008-11-20,,24.5,28.3,
TH000048431,"NAKHON RATCHASIMA, TH",14.967,102.083,188.0,2008-11-21,,24.9,28.7,20.4
TH000048431,"NAKHON RATCHASIMA, TH",14.967,102.083,188.0,2008-11-22,,25.2,29.0,22.0
TH000048431,"NAKHON RATCHASIMA, TH",14.967,102.083,188.0,2008-11-23,,26.8,31.6,22.0
TH000048431,"NAKHON RATCHASIMA, TH",14.967,102.083,188.0,2008-11-24,,26.6,30.5,22.4
TH000048431,"NAKHON RATCHASIMA, TH",14.967,102.083,188.0,2008-11-25,,25.4,29.1,
TH000048431,"NAKHON RATCHASIMA, TH",14.967,102.083,188.0,2008-11-26,,25.4,29.7,21.9
TH000048431,"NAKHON RATCHASIMA, TH",14.967,102.083,188.0,2008-11-27,,23.7,28.5,
TH000048431,"NAKHON RATCHASIMA, TH",14.967,102.083,188.0,2008-11-28,,22.1,26.5,18.1
TH000048431,"NAKHON RATCHASIMA, TH",14.967,102.083,188.0,2008-11-29,,21.9,26.4,17.2
TH000048431,"NAKHON RATCHASIMA, TH",14.967,102.083,188.0,2008-11-30,,20.9,25.4,16.7
TH000048431,"NAKHON RATCHASIMA, TH",14.967,102.083,188.0,2008-12-01,,21.3,26.2,16.6
TH000048431,"NAKHON RATCHASIMA, TH",14.967,102.083,188.0,2008-12-02,,21.4,26.5,16.5
TH000048431,"NAKHON RATCHASIMA, TH",14.967,102.083,188.0,2008-12-03,,22.8,28.7,16.7
TH000048431,"NAKHON RATCHASIMA, TH",14.967,102.083,188.0,2008-12-04,,24.1,30.0,17.8
TH000048431,"NAKHON RATCHASIMA, TH",14.967,102.083,188.0,2008-12-05,,24.5,29.1,19.5
TH000048431,"NAKHON RATCHASIMA, TH",14.967,102.083,188.0,2008-12-06,,22.6,25.1,19.8
TH000048431,"NAKHON RATCHASIMA, TH",14.967,102.083,188.0,2008-12-07,,22.8,27.6,19.4
TH000048431,"NAKHON RATCHASIMA, TH",14.967,102.083,188.0,2008-12-08,,22.7,28.0,
TH000048431,"NAKHON RATCHASIMA, TH",14.967,102.083,188.0,2008-12-09,,20.5,26.3,
TH000048431,"NAKHON RATCHASIMA, TH",14.967,102.083,188.0,2008-12-10,,20.7,27.2,14.8
TH000048431,"NAKHON RATCHASIMA, TH",14.967,102.083,188.0,2008-12-11,,21.4,27.4,15.3
TH000048431,"NAKHON RATCHASIMA, TH",14.967,102.083,188.0,2008-12-12,,22.0,28.5,16.0
TH000048431,"NAKHON RATCHASIMA, TH",14.967,102.083,188.0,2008-12-13,,23.6,30.3,16.3
TH000048431,"NAKHON RATCHASIMA, TH",14.967,102.083,188.0,2008-12-14,,23.5,28.7,18.1
TH000048431,"NAKHON RATCHASIMA, TH",14.967,102.083,188.0,2008-12-15,,22.2,27.7,18.4
TH000048431,"NAKHON RATCHASIMA, TH",14.967,102.083,188.0,2008-12-16,,22.6,28.2,16.8
TH000048431,"NAKHON RATCHASIMA, TH",14.967,102.083,188.0,2008-12-17,,22.6,27.8,18.1
TH000048431,"NAKHON RATCHASIMA, TH",14.967,102.083,188.0,2008-12-18,,21.7,26.9,16.8
TH000048431,"NAKHON RATCHASIMA, TH",14.967,102.083,188.0,2008-12-19,,21.7,27.1,
TH000048431,"NAKHON RATCHASIMA, TH",14.967,102.083,188.0,2008-12-20,,22.1,28.5,16.0
TH000048431,"NAKHON RATCHASIMA, TH",14.967,102.083,188.0,2008-12-21,,23.1,29.3,16.6
TH000048431,"NAKHON RATCHASIMA, TH",14.967,102.083,188.0,2008-12-22,,24.0,30.3,17.7
TH000048431,"NAKHON RATCHASIMA, TH",14.967,102.083,188.0,2008-12-23,,24.0,29.4,19.2
TH000048431,"NAKHON RATCHASIMA, TH",14.967,102.083,188.0,2008-12-24,,23.9,28.5,17.9
TH000048431,"NAKHON RATCHASIMA, TH",14.967,102.083,188.0,2008-12-25,,24.6,29.2,19.6
TH000048431,"NAKHON RATCHASIMA, TH",14.967,102.083,188.0,2008-12-26,0.3,22.8,27.4,20.5
TH000048431,"NAKHON RATCHASIMA, TH",14.967,102.083,188.0,2008-12-27,0.0,22.1,24.2,
TH000048431,"NAKHON RATCHASIMA, TH",14.967,102.083,188.0,2008-12-28,0.0,24.0,27.7,21.0
TH000048431,"NAKHON RATCHASIMA, TH",14.967,102.083,188.0,2008-12-29,,26.4,30.7,20.9
TH000048431,"NAKHON RATCHASIMA, TH",14.967,102.083,188.0,2008-12-30,,26.2,30.4,
TH000048431,"NAKHON RATCHASIMA, TH",14.967,102.083,188.0,2008-12-31,,24.7,29.8,
TH000048431,"NAKHON RATCHASIMA, TH",14.967,102.083,188.0,2009-01-01,,22.2,26.1,
TH000048431,"NAKHON RATCHASIMA, TH",14.967,102.083,188.0,2009-01-02,,21.7,25.9,
TH000048431,"NAKHON RATCHASIMA, TH",14.967,102.083,188.0,2009-01-03,,22.2,27.5,17.0
TH000048431,"NAKHON RATCHASIMA, TH",14.967,102.083,188.0,2009-01-04,,22.9,28.8,17.4
TH000048431,"NAKHON RATCHASIMA, TH",14.967,102.083,188.0,2009-01-05,,23.3,29.5,17.3
TH000048431,"NAKHON RATCHASIMA, TH",14.967,102.083,188.0,2009-01-06,,23.6,30.1,16.5
TH000048431,"NAKHON RATCHASIMA, TH",14.967,102.083,188.0,2009-01-07,,24.0,29.8,17.8
TH000048431,"NAKHON RATCHASIMA, TH",14.967,102.083,188.0,2009-01-08,,23.3,28.8,
TH000048431,"NAKHON RATCHASIMA, TH",14.967,102.083,188.0,2009-01-09,,20.4,26.6,
TH000048431,"NAKHON RATCHASIMA, TH",14.967,102.083,188.0,2009-01-10,,17.9,,13.4
TH000048431,"NAKHON RATCHASIMA, TH",14.967,102.083,188.0,2009-01-11,,17.6,23.8,12.0
TH000048431,"NAKHON RATCHASIMA, TH",14.967,102.083,188.0,2009-01-12,,19.4,25.2,12.4
TH000048431,"NAKHON RATCHASIMA, TH",14.967,102.083,188.0,2009-01-13,,19.0,24.3,14.4
TH000048431,"NAKHON RATCHASIMA, TH",14.967,102.083,188.0,2009-01-14,,18.5,24.0,12.6
TH000048431,"NAKHON RATCHASIMA, TH",14.967,102.083,188.0,2009-01-15,,18.7,24.3,13.0
TH000048431,"NAKHON RATCHASIMA, TH",14.967,102.083,188.0,2009-01-16,,19.1,25.7,13.3
TH000048431,"NAKHON RATCHASIMA, TH",14.967,102.083,188.0,2009-01-17,,19.9,26.7,12.9
TH000048431,"NAKHON RATCHASIMA, TH",14.967,102.083,188.0,2009-01-18,,21.7,29.1,14.0
TH000048431,"NAKHON RATCHASIMA, TH",14.967,102.083,188.0,2009-01-19,,22.9,30.4,15.2
TH000048431,"NAKHON RATCHASIMA, TH",14.967,102.083,188.0,2009-01-20,,23.9,31.9,16.4
TH000048431,"NAKHON RATCHASIMA, TH",14.967,102.083,188.0,2009-01-21,,24.6,31.9,16.7
TH000048431,"NAKHON RATCHASIMA, TH",14.967,102.083,188.0,2009-01-22,,23.6,30.8,17.2
TH000048431,"NAKHON RATCHASIMA, TH",14.967,102.083,188.0,2009-01-23,,25.7,33.2,17.2
TH000048431,"NAKHON RATCHASIMA, TH",14.967,102.083,188.0,2009-01-24,,24.1,30.4,18.2
TH000048431,"NAKHON RATCHASIMA, TH",14.967,102.083,188.0,2009-01-25,,22.0,28.3,17.1
TH000048431,"NAKHON RATCHASIMA, TH",14.967,102.083,188.0,2009-01-26,,25.8,32.6,18.1
TH000048431,"NAKHON RATCHASIMA, TH",14.967,102.083,188.0,2009-01-27,,24.4,30.3,
TH000048431,"NAKHON RATCHASIMA, TH",14.967,102.083,188.0,2009-01-28,,25.3,32.1,19.9
TH000048431,"NAKHON RATCHASIMA, TH",14.967,102.083,188.0,2009-01-29,,26.3,33.6,19.6
TH000048431,"NAKHON RATCHASIMA, TH",14.967,102.083,188.0,2009-01-30,,25.1,,20.7
TH000048431,"NAKHON RATCHASIMA, TH",14.967,102.083,188.0,2009-01-31,,25.4,31.5,20.0
TH000048431,"NAKHON RATCHASIMA, TH",14.967,102.083,188.0,2009-02-01,,26.2,32.1,20.3
TH000048431,"NAKHON RATCHASIMA, TH",14.967,102.083,188.0,2009-02-02,,25.8,32.0,20.7
TH000048431,"NAKHON RATCHASIMA, TH",14.967,102.083,188.0,2009-02-03,,25.8,31.7,20.2
TH000048431,"NAKHON RATCHASIMA, TH",14.967,102.083,188.0,2009-02-04,,26.4,32.9,20.3
TH000048431,"NAKHON RATCHASIMA, TH",14.967,102.083,188.0,2009-02-05,,27.2,33.3,20.7
TH000048431,"NAKHON RATCHASIMA, TH",14.967,102.083,188.0,2009-02-06,,25.1,30.2,20.8
TH000048431,"NAKHON RATCHASIMA, TH",14.967,102.083,188.0,2009-02-07,,24.6,30.6,19.6
TH000048431,"NAKHON RATCHASIMA, TH",14.967,102.083,188.0,2009-02-08,,25.1,31.7,19.3
TH000048431,"NAKHON RATCHASIMA, TH",14.967,102.083,188.0,2009-02-09,,25.7,32.4,18.7
TH000048431,"NAKHON RATCHASIMA, TH",14.967,102.083,188.0,2009-02-10,,25.3,31.7,19.0
TH000048431,"NAKHON RATCHASIMA, TH",14.967,102.083,188.0,2009-02-11,,26.7,32.2,20.7
TH000048431,"NAKHON RATCHASIMA, TH",14.967,102.083,188.0,2009-02-12,,28.4,35.9,21.6
TH000048431,"NAKHON RATCHASIMA, TH",14.967,102.083,188.0,2009-02-13,,27.0,35.3,
TH000048431,"NAKHON RATCHASIMA, TH",14.967,102.083,188.0,2009-02-14,,27.8,36.7,18.3
TH000048431,"NAKHON RATCHASIMA, TH",14.967,102.083,188.0,2009-02-15,,28.9,36.8,20.1
TH000048431,"NAKHON RATCHASIMA, TH",14.967,102.083,188.0,2009-02-16,,29.3,37.1,21.8
TH000048431,"NAKHON RATCHASIMA, TH",14.967,102.083,188.0,2009-02-17,,28.8,34.7,23.7
TH000048431,"NAKHON RATCHASIMA, TH",14.967,102.083,188.0,2009-02-18,,29.0,,23.4
TH000048431,"NAKHON RATCHASIMA, TH",14.967,102.083,188.0,2009-02-19,,30.6,36.3,24.2
TH000048431,"NAKHON RATCHASIMA, TH",14.967,102.083,188.0,2009-02-20,0.0,30.7,37.9,25.7
TH000048431,"NAKHON RATCHASIMA, TH",14.967,102.083,188.0,2009-02-21,0.0,30.2,36.3,25.6
TH000048431,"NAKHON RATCHASIMA, TH",14.967,102.083,188.0,2009-02-22,,30.4,37.1,24.8
TH000048431,"NAKHON RATCHASIMA, TH",14.967,102.083,188.0,2009-02-23,,31.4,38.5,23.7
TH000048431,"NAKHON RATCHASIMA, TH",14.967,102.083,188.0,2009-02-24,,31.6,38.5,24.8
TH000048431,"NAKHON RATCHASIMA, TH",14.967,102.083,188.0,2009-02-25,,30.9,37.3,25.4
TH000048431,"NAKHON RATCHASIMA, TH",14.967,102.083,188.0,2009-02-26,,31.6,38.5,25.3
TH000048431,"NAKHON RATCHASIMA, TH",14.967,102.083,188.0,2009-02-27,,29.7,37.2,25.9
TH000048431,"NAKHON RATCHASIMA, TH",14.967,102.083,188.0,2009-02-28,7.4,29.2,36.9,
TH000048431,"NAKHON RATCHASIMA, TH",14.967,102.083,188.0,2009-03-01,1.5,26.5,30.7,22.3
TH000048431,"NAKHON RATCHASIMA, TH",14.967,102.083,188.0,2009-03-02,0.0,28.4,33.2,23.9
TH000048431,"NAKHON RATCHASIMA, TH",14.967,102.083,188.0,2009-03-03,,29.3,34.3,25.4
TH000048431,"NAKHON RATCHASIMA, TH",14.967,102.083,188.0,2009-03-04,,29.8,36.0,24.5
TH000048431,"NAKHON RATCHASIMA, TH",14.967,102.083,188.0,2009-03-05,0.0,30.4,36.1,24.7
TH000048431,"NAKHON RATCHASIMA, TH",14.967,102.083,188.0,2009-03-06,0.0,30.1,36.0,24.2
TH000048431,"NAKHON RATCHASIMA, TH",14.967,102.083,188.0,2009-03-07,,31.1,37.3,24.2
TH000048431,"NAKHON RATCHASIMA, TH",14.967,102.083,188.0,2009-03-08,,30.3,36.5,25.7
TH000048431,"NAKHON RATCHASIMA, TH",14.967,102.083,188.0,2009-03-09,,31.3,37.8,25.7
TH000048431,"NAKHON RATCHASIMA, TH",14.967,102.083,188.0,2009-03-10,,30.4,36.0,
TH000048431,"NAKHON RATCHASIMA, TH",14.967,102.083,188.0,2009-03-11,0.0,29.8,37.5,25.4
TH000048431,"NAKHON RATCHASIMA, TH",14.967,102.083,188.0,2009-03-12,0.3,30.4,37.1,25.1
TH000048431,"NAKHON RATCHASIMA, TH",14.967,102.083,188.0,2009-03-13,,30.6,36.9,
TH000048431,"NAKHON RATCHASIMA, TH",14.967,102.083,188.0,2009-03-14,1.0,21.7,28.4,
TH000048431,"NAKHON RATCHASIMA, TH",14.967,102.083,188.0,2009-03-15,0.0,24.5,29.4,18.8
TH000048431,"NAKHON RATCHASIMA, TH",14.967,102.083,188.0,2009-03-16,,27.4,32.8,20.5
TH000048431,"NAKHON RATCHASIMA, TH",14.967,102.083,188.0,2009-03-17,,29.4,34.3,23.0
TH000048431,"NAKHON RATCHASIMA, TH",14.967,102.083,188.0,2009-03-18,58.4,24.2,28.0,
TH000048431,"NAKHON RATCHASIMA, TH",14.967,102.083,188.0,2009-03-19,0.5,27.2,33.1,22.2
TH000048431,"NAKHON RATCHASIMA, TH",14.967,102.083,188.0,2009-03-20,7.9,26.9,33.1,
TH000048431,"NAKHON RATCHASIMA, TH",14.967,102.083,188.0,2009-03-21,,27.9,32.9,23.1
TH000048431,"NAKHON RATCHASIMA, TH",14.967,102.083,188.0,2009-03-22,8.4,28.5,33.2,24.3
TH000048431,"NAKHON RATCHASIMA, TH",14.967,102.083,188.0,2009-03-23,1.8,29.2,36.1,24.3
TH000048431,"NAKHON RATCHASIMA, TH",14.967,102.083,188.0,2009-03-24,,29.7,35.7,25.4
TH000048431,"NAKHON RATCHASIMA, TH",14.967,102.083,188.0,2009-03-25,,28.2,32.8,24.6
TH000048431,"NAKHON RATCHASIMA, TH",14.967,102.083,188.0,2009-03-26,1.0,27.4,34.3,
TH000048431,"NAKHON RATCHASIMA, TH",14.967,102.083,188.0,2009-03-27,27.4,26.6,33.6,23.2
TH000048431,"NAKHON RATCHASIMA, TH",14.967,102.083,188.0,2009-03-28,0.0,28.6,35.7,22.7
TH000048431,"NAKHON RATCHASIMA, TH",14.967,102.083,188.0,2009-03-29,,30.2,36.2,24.3
TH000048431,"NAKHON RATCHASIMA, TH",14.967,102.083,188.0,2009-03-30,,28.1,33.8,
TH000048431,"NAKHON RATCHASIMA, TH",14.967,102.083,188.0,2009-03-31,16.5,25.2,32.3,
TH000048431,"NAKHON RATCHASIMA, TH",14.967,102.083,188.0,2009-04-01,10.4,26.9,31.1,21.6
TH000048431,"NAKHON RATCHASIMA, TH",14.967,102.083,188.0,2009-04-02,0.0,27.7,32.5,23.2
TH000048431,"NAKHON RATCHASIMA, TH",14.967,102.083,188.0,2009-04-03,,29.2,33.7,24.2
TH000048431,"NAKHON RATCHASIMA, TH",14.967,102.083,188.0,2009-04-04,,29.6,34.7,24.8
TH000048431,"NAKHON RATCHASIMA, TH",14.967,102.083,188.0,2009-04-05,4.3,28.7,35.2,
TH000048431,"NAKHON RATCHASIMA, TH",14.967,102.083,188.0,2009-04-06,,27.6,31.5,23.8
TH000048431,"NAKHON RATCHASIMA, TH",14.967,102.083,188.0,2009-04-07,,28.9,33.3,23.2
TH000048431,"NAKHON RATCHASIMA, TH",14.967,102.083,188.0,2009-04-08,,28.8,33.7,25.2
TH000048431,"NAKHON RATCHASIMA, TH",14.967,102.083,188.0,2009-04-09,,30.2,35.0,25.1
TH000048431,"NAKHON RATCHASIMA, TH",14.967,102.083,188.0,2009-04-10,1.5,28.3,34.7,
TH000048431,"NAKHON RATCHASIMA, TH",14.967,102.083,188.0,2009-04-11,10.9,26.8,33.4,
TH000048431,"NAKHON RATCHASIMA, TH",14.967,102.083,188.0,2009-04-12,0.3,27.8,34.0,23.3
TH000048431,"NAKHON RATCHASIMA, TH",14.967,102.083,188.0,2009-04-13,0.0,30.1,35.2,24.7
TH000048431,"NAKHON RATCHASIMA, TH",14.967,102.083,188.0,2009-04-14,,30.4,35.9,25.6
TH000048431,"NAKHON RATCHASIMA, TH",14.967,102.083,188.0,2009-04-15,,30.4,36.2,25.8
TH000048431,"NAKHON RATCHASIMA, TH",14.967,102.083,188.0,2009-04-16,,31.4,36.4,25.7
TH000048431,"NAKHON RATCHASIMA, TH",14.967,102.083,188.0,2009-04-17,,32.0,36.8,26.7
TH000048431,"NAKHON RATCHASIMA, TH",14.967,102.083,188.0,2009-04-18,,31.4,37.0,27.4
TH000048431,"NAKHON RATCHASIMA, TH",14.967,102.083,188.0,2009-04-19,,31.1,36.2,26.5
TH000048431,"NAKHON RATCHASIMA, TH",14.967,102.083,188.0,2009-04-20,,31.2,36.7,26.0
TH000048431,"NAKHON RATCHASIMA, TH",14.967,102.083,188.0,2009-04-21,,31.5,37.3,26.5
TH000048431,"NAKHON RATCHASIMA, TH",14.967,102.083,188.0,2009-04-22,,32.1,37.7,26.1
TH000048431,"NAKHON RATCHASIMA, TH",14.967,102.083,188.0,2009-04-23,,32.5,37.8,26.7
TH000048431,"NAKHON RATCHASIMA, TH",14.967,102.083,188.0,2009-04-24,,32.8,38.3,27.2
TH000048431,"NAKHON RATCHASIMA, TH",14.967,102.083,188.0,2009-04-25,86.1,29.0,38.4,
TH000048431,"NAKHON RATCHASIMA, TH",14.967,102.083,188.0,2009-04-26,1.5,27.9,32.5,23.2
TH000048431,"NAKHON RATCHASIMA, TH",14.967,102.083,188.0,2009-04-27,0.3,28.8,34.1,23.9
TH000048431,"NAKHON RATCHASIMA, TH",14.967,102.083,188.0,2009-04-28,22.9,27.8,31.8,26.0
TH000048431,"NAKHON RATCHASIMA, TH",14.967,102.083,188.0,2009-04-29,15.5,25.9,28.2,
TH000048431,"NAKHON RATCHASIMA, TH",14.967,102.083,188.0,2009-04-30,13.7,27.8,33.7,24.3
TH000048431,"NAKHON RATCHASIMA, TH",14.967,102.083,188.0,2009-05-01,,29.2,33.6,24.9
TH000048431,"NAKHON RATCHASIMA, TH",14.967,102.083,188.0,2009-05-02,,29.2,33.4,25.1
TH000048431,"NAKHON RATCHASIMA, TH",14.967,102.083,188.0,2009-05-03,,28.7,32.8,24.9
TH000048431,"NAKHON RATCHASIMA, TH",14.967,102.083,188.0,2009-05-04,,27.1,32.2,
TH000048431,"NAKHON RATCHASIMA, TH",14.967,102.083,188.0,2009-05-05,,29.1,34.5,23.2
TH000048431,"NAKHON RATCHASIMA, TH",14.967,102.083,188.0,2009-05-06,,30.7,36.3,23.9
TH000048431,"NAKHON RATCHASIMA, TH",14.967,102.083,188.0,2009-05-07,,31.2,37.0,26.3
TH000048431,"NAKHON RATCHASIMA, TH",14.967,102.083,188.0,2009-05-08,,31.6,37.0,26.4
TH000048431,"NAKHON RATCHASIMA, TH",14.967,102.083,188.0,2009-05-09,45.0,28.7,36.7,
TH000048431,"NAKHON RATCHASIMA, TH",14.967,102.083,188.0,2009-05-10,1.8,28.8,34.0,23.3
TH000048431,"NAKHON RATCHASIMA, TH",14.967,102.083,188.0,2009-05-11,0.0,28.3,31.5,25.0
TH000048431,"NAKHON RATCHASIMA, TH",14.967,102.083,188.0,2009-05-12,4.3,26.1,29.7,
TH000048431,"NAKHON RATCHASIMA, TH",14.967,102.083,188.0,2009-05-13,78.0,25.5,30.2,23.1
TH000048431,"NAKHON RATCHASIMA, TH",14.967,102.083,188.0,2009-05-14,49.8,26.1,31.0,23.5
TH000048431,"NAKHON RATCHASIMA, TH",14.967,102.083,188.0,2009-05-15,5.6,28.2,32.8,25.1
TH000048431,"NAKHON RATCHASIMA, TH",14.967,102.083,188.0,2009-05-16,0.3,27.9,32.8,25.0
TH000048431,"NAKHON RATCHASIMA, TH",14.967,102.083,188.0,2009-05-17,3.8,28.1,32.5,25.1
TH000048431,"NAKHON RATCHASIMA, TH",14.967,102.083,188.0,2009-05-18,20.3,28.6,34.3,25.2
TH000048431,"NAKHON RATCHASIMA, TH",14.967,102.083,188.0,2009-05-19,4.6,28.4,34.6,24.8
TH000048431,"NAKHON RATCHASIMA, TH",14.967,102.083,188.0,2009-05-20,6.9,27.6,32.2,25.2
TH000048431,"NAKHON RATCHASIMA, TH",14.967,102.083,188.0,2009-05-21,0.8,28.4,33.8,25.0
TH000048431,"NAKHON RATCHASIMA, TH",14.967,102.083,188.0,2009-05-22,6.4,28.8,34.0,24.9
TH000048431,"NAKHON RATCHASIMA, TH",14.967,102.083,188.0,2009-05-23,6.1,28.7,33.3,24.9
TH000048431,"NAKHON RATCHASIMA, TH",14.967,102.083,188.0,2009-05-24,0.0,29.4,34.5,25.7
TH000048431,"NAKHON RATCHASIMA, TH",14.967,102.083,188.0,2009-05-25,10.2,29.1,35.1,
TH000048431,"NAKHON RATCHASIMA, TH",14.967,102.083,188.0,2009-05-26,14.2,28.4,34.4,25.1
TH000048431,"NAKHON RATCHASIMA, TH",14.967,102.083,188.0,2009-05-27,13.2,28.4,33.5,25.0
TH000048431,"NAKHON RATCHASIMA, TH",14.967,102.083,188.0,2009-05-28,2.8,28.1,33.6,25.1
TH000048431,"NAKHON RATCHASIMA, TH",14.967,102.083,188.0,2009-05-29,,29.4,33.5,25.3
TH000048431,"NAKHON RATCHASIMA, TH",14.967,102.083,188.0,2009-05-30,,29.1,34.3,25.1
TH000048431,"NAKHON RATCHASIMA, TH",14.967,102.083,188.0,2009-05-31,,29.1,33.5,25.1
TH000048431,"NAKHON RATCHASIMA, TH",14.967,102.083,188.0,2009-06-01,,29.5,35.0,25.7
TH000048431,"NAKHON RATCHASIMA, TH",14.967,102.083,188.0,2009-06-02,31.0,29.2,35.1,
TH000048431,"NAKHON RATCHASIMA, TH",14.967,102.083,188.0,2009-06-03,30.7,29.3,33.8,24.9
TH000048431,"NAKHON RATCHASIMA, TH",14.967,102.083,188.0,2009-06-04,0.5,28.4,32.8,
TH000048431,"NAKHON RATCHASIMA, TH",14.967,102.083,188.0,2009-06-05,0.0,28.7,33.6,
TH000048431,"NAKHON RATCHASIMA, TH",14.967,102.083,188.0,2009-06-06,2.3,28.0,32.7,24.8
TH000048431,"NAKHON RATCHASIMA, TH",14.967,102.083,188.0,2009-06-07,0.0,29.2,34.3,24.7
TH000048431,"NAKHON RATCHASIMA, TH",14.967,102.083,188.0,2009-06-08,,29.7,34.0,25.0
TH000048431,"NAKHON RATCHASIMA, TH",14.967,102.083,188.0,2009-06-09,0.0,29.0,34.3,25.6
TH000048431,"NAKHON RATCHASIMA, TH",14.967,102.083,188.0,2009-06-10,0.0,29.0,35.1,
TH000048431,"NAKHON RATCHASIMA, TH",14.967,102.083,188.0,2009-06-11,,29.5,34.6,
TH000048431,"NAKHON RATCHASIMA, TH",14.967,102.083,188.0,2009-06-12,,29.9,35.5,
TH000048431,"NAKHON RATCHASIMA, TH",14.967,102.083,188.0,2009-06-13,,30.2,35.5,25.3
TH000048431,"NAKHON RATCHASIMA, TH",14.967,102.083,188.0,2009-06-14,1.0,30.3,35.2,25.7
TH000048431,"NAKHON RATCHASIMA, TH",14.967,102.083,188.0,2009-06-15,,30.2,35.2,24.8
TH000048431,"NAKHON RATCHASIMA, TH",14.967,102.083,188.0,2009-06-16,3.8,28.3,33.5,25.3
TH000048431,"NAKHON RATCHASIMA, TH",14.967,102.083,188.0,2009-06-17,0.0,29.4,34.4,25.3
TH000048431,"NAKHON RATCHASIMA, TH",14.967,102.083,188.0,2009-06-18,9.9,28.4,33.8,
TH000048431,"NAKHON RATCHASIMA, TH",14.967,102.083,188.0,2009-06-19,3.3,27.6,33.3,25.2
TH000048431,"NAKHON RATCHASIMA, TH",14.967,102.083,188.0,2009-06-20,0.3,29.8,35.0,25.3
TH000048431,"NAKHON RATCHASIMA, TH",14.967,102.083,188.0,2009-06-21,0.0,29.5,35.3,25.5
TH000048431,"NAKHON RATCHASIMA, TH",14.967,102.083,188.0,2009-06-22,,28.8,35.1,25.9
TH000048431,"NAKHON RATCHASIMA, TH",14.967,102.083,188.0,2009-06-23,7.1,27.9,34.6,
TH000048431,"NAKHON RATCHASIMA, TH",14.967,102.083,188.0,2009-06-24,,29.9,35.4,25.4
TH000048431,"NAKHON RATCHASIMA, TH",14.967,102.083,188.0,2009-06-25,,30.2,36.6,25.4
TH000048431,"NAKHON RATCHASIMA, TH",14.967,102.083,188.0,2009-06-26,,30.6,35.2,26.3
TH000048431,"NAKHON RATCHASIMA, TH",14.967,102.083,188.0,2009-06-27,3.6,28.5,36.1,
TH000048431,"NAKHON RATCHASIMA, TH",14.967,102.083,188.0,2009-06-28,1.5,26.9,32.2,
TH000048431,"NAKHON RATCHASIMA, TH",14.967,102.083,188.0,2009-06-29,1.0,27.8,34.0,
TH000048431,"NAKHON RATCHASIMA, TH",14.967,102.083,188.0,2009-06-30,1.0,28.4,33.8,23.6
TH000048431,"NAKHON RATCHASIMA, TH",14.967,102.083,188.0,2009-07-01,0.0,29.3,34.0,25.2
TH000048431,"NAKHON RATCHASIMA, TH",14.967,102.083,188.0,2009-07-02,11.9,28.3,34.6,
TH000048431,"NAKHON RATCHASIMA, TH",14.967,102.083,188.0,2009-07-03,0.0,28.6,34.7,24.4
TH000048431,"NAKHON RATCHASIMA, TH",14.967,102.083,188.0,2009-07-04,,30.1,35.0,25.8
TH000048431,"NAKHON RATCHASIMA, TH",14.967,102.083,188.0,2009-07-05,31.8,26.3,30.5,
TH000048431,"NAKHON RATCHASIMA, TH",14.967,102.083,188.0,2009-07-06,17.8,25.6,32.1,
TH000048431,"NAKHON RATCHASIMA, TH",14.967,102.083,188.0,2009-07-07,0.0,28.1,32.7,23.3
TH000048431,"NAKHON RATCHASIMA, TH",14.967,102.083,188.0,2009-07-08,,28.8,34.4,
TH000048431,"NAKHON RATCHASIMA, TH",14.967,102.083,188.0,2009-07-09,,29.9,35.2,24.0
TH000048431,"NAKHON RATCHASIMA, TH",14.967,102.083,188.0,2009-07-10,,30.7,35.1,25.5
TH000048431,"NAKHON RATCHASIMA, TH",14.967,102.083,188.0,2009-07-11,,30.7,35.7,26.2
TH000048431,"NAKHON RATCHASIMA, TH",14.967,102.083,188.0,2009-07-12,42.4,28.9,35.3,
TH000048431,"NAKHON RATCHASIMA, TH",14.967,102.083,188.0,2009-07-13,2.3,28.3,32.0,25.3
TH000048431,"NAKHON RATCHASIMA, TH",14.967,102.083,188.0,2009-07-14,0.0,27.7,30.7,25.3
TH000048431,"NAKHON RATCHASIMA, TH",14.967,102.083,188.0,2009-07-15,0.0,29.2,33.2,25.3
TH000048431,"NAKHON RATCHASIMA, TH",14.967,102.083,188.0,2009-07-16,0.0,28.3,31.1,26.4
TH000048431,"NAKHON RATCHASIMA, TH",14.967,102.083,188.0,2009-07-17,0.0,28.9,33.6,
TH000048431,"NAKHON RATCHASIMA, TH",14.967,102.083,188.0,2009-07-18,,28.9,33.3,
TH000048431,"NAKHON RATCHASIMA, TH",14.967,102.083,188.0,2009-07-19,,29.6,33.5,24.5
TH000048431,"NAKHON RATCHASIMA, TH",14.967,102.083,188.0,2009-07-20,0.5,29.5,34.3,26.0
TH000048431,"NAKHON RATCHASIMA, TH",14.967,102.083,188.0,2009-07-21,3.8,28.8,34.5,
TH000048431,"NAKHON RATCHASIMA, TH",14.967,102.083,188.0,2009-07-22,10.4,28.3,32.7,24.7
TH000048431,"NAKHON RATCHASIMA, TH",14.967,102.083,188.0,2009-07-23,0.0,28.5,32.7,25.2
TH000048431,"NAKHON RATCHASIMA, TH",14.967,102.083,188.0,2009-07-24,0.0,29.0,34.3,25.1
TH000048431,"NAKHON RATCHASIMA, TH",14.967,102.083,188.0,2009-07-25,0.0,29.4,33.8,24.6
TH000048431,"NAKHON RATCHASIMA, TH",14.967,102.083,188.0,2009-07-26,,29.8,34.9,25.2
TH000048431,"NAKHON RATCHASIMA, TH",14.967,102.083,188.0,2009-07-27,0.3,30.4,35.1,25.3
TH000048431,"NAKHON RATCHASIMA, TH",14.967,102.083,188.0,2009-07-28,,30.1,34.8,26.0
TH000048431,"NAKHON RATCHASIMA, TH",14.967,102.083,188.0,2009-07-29,,28.4,30.6,26.5
TH000048431,"NAKHON RATCHASIMA, TH",14.967,102.083,188.0,2009-07-30,3.3,27.6,31.1,
TH000048431,"NAKHON RATCHASIMA, TH",14.967,102.083,188.0,2009-07-31,4.8,26.4,30.2,24.0
TH000048431,"NAKHON RATCHASIMA, TH",14.967,102.083,188.0,2009-08-01,4.8,29.3,34.4,24.5
TH000048431,"NAKHON RATCHASIMA, TH",14.967,102.083,188.0,2009-08-02,0.0,29.4,33.4,
TH000048431,"NAKHON RATCHASIMA, TH",14.967,102.083,188.0,2009-08-03,,30.2,35.1,25.3
TH000048431,"NAKHON RATCHASIMA, TH",14.967,102.083,188.0,2009-08-04,4.1,30.1,35.5,26.2
TH000048431,"NAKHON RATCHASIMA, TH",14.967,102.083,188.0,2009-08-05,0.3,30.3,35.3,26.6
TH000048431,"NAKHON RATCHASIMA, TH",14.967,102.083,188.0,2009-08-06,,30.5,35.3,25.8
TH000048431,"NAKHON RATCHASIMA, TH",14.967,102.083,188.0,2009-08-07,,29.6,32.4,27.3
TH000048431,"NAKHON RATCHASIMA, TH",14.967,102.083,188.0,2009-08-08,6.1,27.1,30.3,
TH000048431,"NAKHON RATCHASIMA, TH",14.967,102.083,188.0,2009-08-09,0.0,28.3,32.2,24.3
TH000048431,"NAKHON RATCHASIMA, TH",14.967,102.083,188.0,2009-08-10,0.0,29.2,33.7,24.4
TH000048431,"NAKHON RATCHASIMA, TH",14.967,102.083,188.0,2009-08-11,0.0,30.9,35.7,25.5
TH000048431,"NAKHON RATCHASIMA, TH",14.967,102.083,188.0,2009-08-12,,30.8,36.7,26.4
TH000048431,"NAKHON RATCHASIMA, TH",14.967,102.083,188.0,2009-08-13,1.0,27.6,33.3,
TH000048431,"NAKHON RATCHASIMA, TH",14.967,102.083,188.0,2009-08-14,17.5,27.3,34.3,22.8
TH000048431,"NAKHON RATCHASIMA, TH",14.967,102.083,188.0,2009-08-15,0.5,28.2,35.0,22.9
TH000048431,"NAKHON RATCHASIMA, TH",14.967,102.083,188.0,2009-08-16,0.3,28.6,33.7,24.1
TH000048431,"NAKHON RATCHASIMA, TH",14.967,102.083,188.0,2009-08-17,1.0,28.1,33.7,24.9
TH000048431,"NAKHON RATCHASIMA, TH",14.967,102.083,188.0,2009-08-18,6.6,27.4,33.5,24.1
TH000048431,"NAKHON RATCHASIMA, TH",14.967,102.083,188.0,2009-08-19,0.0,28.4,34.7,24.6
TH000048431,"NAKHON RATCHASIMA, TH",14.967,102.083,188.0,2009-08-20,,29.8,34.9,24.2
TH000048431,"NAKHON RATCHASIMA, TH",14.967,102.083,188.0,2009-08-21,,30.1,36.4,25.2
TH000048431,"NAKHON RATCHASIMA, TH",14.967,102.083,188.0,2009-08-22,32.0,28.4,35.5,
TH000048431,"NAKHON RATCHASIMA, TH",14.967,102.083,188.0,2009-08-23,4.8,27.3,33.7,24.4
TH000048431,"NAKHON RATCHASIMA, TH",14.967,102.083,188.0,2009-08-24,6.9,27.7,33.0,24.4
TH000048431,"NAKHON RATCHASIMA, TH",14.967,102.083,188.0,2009-08-25,2.3,27.9,34.0,25.0
TH000048431,"NAKHON RATCHASIMA, TH",14.967,102.083,188.0,2009-08-26,,28.5,34.6,24.7
TH000048431,"NAKHON RATCHASIMA, TH",14.967,102.083,188.0,2009-08-27,,29.3,34.7,24.6
TH000048431,"NAKHON RATCHASIMA, TH",14.967,102.083,188.0,2009-08-28,13.7,28.2,33.5,
TH000048431,"NAKHON RATCHASIMA, TH",14.967,102.083,188.0,2009-08-29,0.5,28.8,34.1,25.1
TH000048431,"NAKHON RATCHASIMA, TH",14.967,102.083,188.0,2009-08-30,77.7,27.8,35.1,
TH000048431,"NAKHON RATCHASIMA, TH",14.967,102.083,188.0,2009-08-31,9.9,26.3,31.8,24.2
TH000048431,"NAKHON RATCHASIMA, TH",14.967,102.083,188.0,2009-09-01,7.1,27.1,31.8,23.9
TH000048431,"NAKHON RATCHASIMA, TH",14.967,102.083,188.0,2009-09-02,1.3,27.3,31.5,24.3
TH000048431,"NAKHON RATCHASIMA, TH",14.967,102.083,188.0,2009-09-03,0.0,28.1,32.7,24.1
TH000048431,"NAKHON RATCHASIMA, TH",14.967,102.083,188.0,2009-09-04,0.0,28.3,32.7,24.8
TH000048431,"NAKHON RATCHASIMA, TH",14.967,102.083,188.0,2009-09-05,1.8,29.2,34.0,25.0
TH000048431,"NAKHON RATCHASIMA, TH",14.967,102.083,188.0,2009-09-06,1.0,29.3,33.7,24.8
TH000048431,"NAKHON RATCHASIMA, TH",14.967,102.083,188.0,2009-09-07,0.0,28.5,33.0,
TH000048431,"NAKHON RATCHASIMA, TH",14.967,102.083,188.0,2009-09-08,5.6,27.9,31.8,24.9
TH000048431,"NAKHON RATCHASIMA, TH",14.967,102.083,188.0,2009-09-09,,28.9,33.1,24.5
TH000048431,"NAKHON RATCHASIMA, TH",14.967,102.083,188.0,2009-09-10,,28.7,33.7,
TH000048431,"NAKHON RATCHASIMA, TH",14.967,102.083,188.0,2009-09-11,,29.4,33.5,24.4
TH000048431,"NAKHON RATCHASIMA, TH",14.967,102.083,188.0,2009-09-12,,29.4,35.2,25.4
TH000048431,"NAKHON RATCHASIMA, TH",14.967,102.083,188.0,2009-09-13,47.8,27.5,33.8,
TH000048431,"NAKHON RATCHASIMA, TH",14.967,102.083,188.0,2009-09-14,,29.4,33.8,25.3
TH000048431,"NAKHON RATCHASIMA, TH",14.967,102.083,188.0,2009-09-15,0.5,28.9,33.5,25.7
TH000048431,"NAKHON RATCHASIMA, TH",14.967,102.083,188.0,2009-09-16,3.3,27.1,32.8,
TH000048431,"NAKHON RATCHASIMA, TH",14.967,102.083,188.0,2009-09-17,2.0,27.4,30.8,24.8
TH000048431,"NAKHON RATCHASIMA, TH",14.967,102.083,188.0,2009-09-18,1.3,27.8,33.6,
TH000048431,"NAKHON RATCHASIMA, TH",14.967,102.083,188.0,2009-09-19,0.0,28.8,34.3,24.7
TH000048431,"NAKHON RATCHASIMA, TH",14.967,102.083,188.0,2009-09-20,0.0,28.3,35.7,25.2
TH000048431,"NAKHON RATCHASIMA, TH",14.967,102.083,188.0,2009-09-21,0.0,28.6,35.0,24.5
TH000048431,"NAKHON RATCHASIMA, TH",14.967,102.083,188.0,2009-09-22,0.0,25.6,31.1,
TH000048431,"NAKHON RATCHASIMA, TH",14.967,102.083,188.0,2009-09-23,19.3,26.3,32.7,23.5
TH000048431,"NAKHON RATCHASIMA, TH",14.967,102.083,188.0,2009-09-24,11.9,26.6,32.2,24.1
TH000048431,"NAKHON RATCHASIMA, TH",14.967,102.083,188.0,2009-09-25,2.0,26.8,30.5,24.4
TH000048431,"NAKHON RATCHASIMA, TH",14.967,102.083,188.0,2009-09-26,5.1,26.1,30.3,24.8
TH000048431,"NAKHON RATCHASIMA, TH",14.967,102.083,188.0,2009-09-27,29.7,26.0,30.9,
TH000048431,"NAKHON RATCHASIMA, TH",14.967,102.083,188.0,2009-09-28,0.3,27.6,31.8,23.8
TH000048431,"NAKHON RATCHASIMA, TH",14.967,102.083,188.0,2009-09-29,0.0,28.6,32.6,24.8
TH000048431,"NAKHON RATCHASIMA, TH",14.967,102.083,188.0,2009-09-30,59.9,24.0,27.1,
TH000048431,"NAKHON RATCHASIMA, TH",14.967,102.083,188.0,2009-10-01,33.0,24.4,25.9,22.6
TH000048431,"NAKHON RATCHASIMA, TH",14.967,102.083,188.0,2009-10-02,30.2,26.6,30.2,24.0
TH000048431,"NAKHON RATCHASIMA, TH",14.967,102.083,188.0,2009-10-03,0.0,28.1,32.1,24.5
TH000048431,"NAKHON RATCHASIMA, TH",14.967,102.083,188.0,2009-10-04,5.1,27.7,32.3,25.2
TH000048431,"NAKHON RATCHASIMA, TH",14.967,102.083,188.0,2009-10-05,0.5,28.1,32.4,
TH000048431,"NAKHON RATCHASIMA, TH",14.967,102.083,188.0,2009-10-06,,28.2,32.4,24.3
TH000048431,"NAKHON RATCHASIMA, TH",14.967,102.083,188.0,2009-10-07,,28.2,32.8,
TH000048431,"NAKHON RATCHASIMA, TH",14.967,102.083,188.0,2009-10-08,,28.3,33.0,23.9
TH000048431,"NAKHON RATCHASIMA, TH",14.967,102.083,188.0,2009-10-09,,28.4,33.5,23.5
TH000048431,"NAKHON RATCHASIMA, TH",14.967,102.083,188.0,2009-10-10,,28.9,33.4,24.7
TH000048431,"NAKHON RATCHASIMA, TH",14.967,102.083,188.0,2009-10-11,14.5,27.0,29.3,25.4
TH000048431,"NAKHON RATCHASIMA, TH",14.967,102.083,188.0,2009-10-12,0.8,27.4,32.0,24.4
TH000048431,"NAKHON RATCHASIMA, TH",14.967,102.083,188.0,2009-10-13,0.0,27.9,33.1,24.7
TH000048431,"NAKHON RATCHASIMA, TH",14.967,102.083,188.0,2009-10-14,,28.4,32.8,25.2
TH000048431,"NAKHON RATCHASIMA, TH",14.967,102.083,188.0,2009-10-15,0.0,27.7,32.0,24.8
TH000048431,"NAKHON RATCHASIMA, TH",14.967,102.083,188.0,2009-10-16,0.0,28.7,32.0,25.3
TH000048431,"NAKHON RATCHASIMA, TH",14.967,102.083,188.0,2009-10-17,0.0,28.2,31.6,24.8
TH000048431,"NAKHON RATCHASIMA, TH",14.967,102.083,188.0,2009-10-18,4.8,27.9,32.0,25.4
TH000048431,"NAKHON RATCHASIMA, TH",14.967,102.083,188.0,2009-10-19,0.0,27.2,32.1,
TH000048431,"NAKHON RATCHASIMA, TH",14.967,102.083,188.0,2009-10-20,0.0,28.9,33.7,23.4
TH000048431,"NAKHON RATCHASIMA, TH",14.967,102.083,188.0,2009-10-21,26.7,26.5,31.2,
TH000048431,"NAKHON RATCHASIMA, TH",14.967,102.083,188.0,2009-10-22,0.3,27.8,31.7,24.3
TH000048431,"NAKHON RATCHASIMA, TH",14.967,102.083,188.0,2009-10-23,0.0,27.6,31.2,24.4
TH000048431,"NAKHON RATCHASIMA, TH",14.967,102.083,188.0,2009-10-24,,28.2,32.6,24.1
TH000048431,"NAKHON RATCHASIMA, TH",14.967,102.083,188.0,2009-10-25,,28.9,33.5,25.0
TH000048431,"NAKHON RATCHASIMA, TH",14.967,102.083,188.0,2009-10-26,0.0,28.1,33.6,
TH000048431,"NAKHON RATCHASIMA, TH",14.967,102.083,188.0,2009-10-27,0.0,28.3,32.6,24.4
TH000048431,"NAKHON RATCHASIMA, TH",14.967,102.083,188.0,2009-10-28,,27.6,31.7,23.8
TH000048431,"NAKHON RATCHASIMA, TH",14.967,102.083,188.0,2009-10-29,,28.0,32.4,25.0
TH000048431,"NAKHON RATCHASIMA, TH",14.967,102.083,188.0,2009-10-30,,26.9,31.7,
TH000048431,"NAKHON RATCHASIMA, TH",14.967,102.083,188.0,2009-10-31,,26.8,31.9,22.0
TH000048431,"NAKHON RATCHASIMA, TH",14.967,102.083,188.0,2009-11-01,,26.9,31.6,22.7
TH000048431,"NAKHON RATCHASIMA, TH",14.967,102.083,188.0,2009-11-02,,26.4,31.4,
TH000048431,"NAKHON RATCHASIMA, TH",14.967,102.083,188.0,2009-11-03,0.3,23.3,26.8,
TH000048431,"NAKHON RATCHASIMA, TH",14.967,102.083,188.0,2009-11-04,,25.4,29.2,20.3
TH000048431,"NAKHON RATCHASIMA, TH",14.967,102.083,188.0,2009-11-05,,26.1,30.6,21.7
TH000048431,"NAKHON RATCHASIMA, TH",14.967,102.083,188.0,2009-11-06,,27.0,31.5,22.8
TH000048431,"NAKHON RATCHASIMA, TH",14.967,102.083,188.0,2009-11-07,0.5,26.7,32.6,22.8
TH000048431,"NAKHON RATCHASIMA, TH",14.967,102.083,188.0,2009-11-08,0.0,28.6,34.0,23.3
TH000048431,"NAKHON RATCHASIMA, TH",14.967,102.083,188.0,2009-11-09,0.0,29.2,34.0,24.5
TH000048431,"NAKHON RATCHASIMA, TH",14.967,102.083,188.0,2009-11-10,,29.1,34.5,25.4
TH000048431,"NAKHON RATCHASIMA, TH",14.967,102.083,188.0,2009-11-11,,28.8,35.1,24.6
TH000048431,"NAKHON RATCHASIMA, TH",14.967,102.083,188.0,2009-11-12,,29.8,35.5,24.6
TH000048431,"NAKHON RATCHASIMA, TH",14.967,102.083,188.0,2009-11-13,,30.6,35.4,25.2
TH000048431,"NAKHON RATCHASIMA, TH",14.967,102.083,188.0,2009-11-14,,28.0,32.7,
TH000048431,"NAKHON RATCHASIMA, TH",14.967,102.083,188.0,2009-11-15,0.5,29.2,35.2,24.9
TH000048431,"NAKHON RATCHASIMA, TH",14.967,102.083,188.0,2009-11-16,,28.7,33.0,24.7
TH000048431,"NAKHON RATCHASIMA, TH",14.967,102.083,188.0,2009-11-17,0.0,25.1,30.1,
TH000048431,"NAKHON RATCHASIMA, TH",14.967,102.083,188.0,2009-11-18,0.0,22.5,26.9,18.2
TH000048431,"NAKHON RATCHASIMA, TH",14.967,102.083,188.0,2009-11-19,,22.5,27.1,18.2
TH000048431,"NAKHON RATCHASIMA, TH",14.967,102.083,188.0,2009-11-20,,22.7,27.9,
TH000048431,"NAKHON RATCHASIMA, TH",14.967,102.083,188.0,2009-11-21,,21.3,26.9,15.4
TH000048431,"NAKHON RATCHASIMA, TH",14.967,102.083,188.0,2009-11-22,,20.4,26.7,15.4
TH000048431,"NAKHON RATCHASIMA, TH",14.967,102.083,188.0,2009-11-23,,21.9,27.8,16.1
TH000048431,"NAKHON RATCHASIMA, TH",14.967,102.083,188.0,2009-11-24,,22.5,29.3,16.6
TH000048431,"NAKHON RATCHASIMA, TH",14.967,102.083,188.0,2009-11-25,,23.5,31.1,16.6
TH000048431,"NAKHON RATCHASIMA, TH",14.967,102.083,188.0,2009-11-26,,24.2,31.3,17.3
TH000048431,"NAKHON RATCHASIMA, TH",14.967,102.083,188.0,2009-11-27,,25.4,32.2,18.0
TH000048431,"NAKHON RATCHASIMA, TH",14.967,102.083,188.0,2009-11-28,,25.9,32.5,19.2
TH000048431,"NAKHON RATCHASIMA, TH",14.967,102.083,188.0,2009-11-29,,26.6,32.3,
TH000048431,"NAKHON RATCHASIMA, TH",14.967,102.083,188.0,2009-11-30,,25.1,31.0,19.7
TH000048431,"NAKHON RATCHASIMA, TH",14.967,102.083,188.0,2009-12-01,,24.1,30.7,18.9
TH000048431,"NAKHON RATCHASIMA, TH",14.967,102.083,188.0,2009-12-02,,24.3,30.7,18.8
TH000048431,"NAKHON RATCHASIMA, TH",14.967,102.083,188.0,2009-12-03,,24.2,29.7,19.9
TH000048431,"NAKHON RATCHASIMA, TH",14.967,102.083,188.0,2009-12-04,,23.4,28.8,18.3
TH000048431,"NAKHON RATCHASIMA, TH",14.967,102.083,188.0,2009-12-05,,23.4,28.8,18.2
TH000048431,"NAKHON RATCHASIMA, TH",14.967,102.083,188.0,2009-12-06,,23.1,29.1,18.4
TH000048431,"NAKHON RATCHASIMA, TH",14.967,102.083,188.0,2009-12-07,,24.4,31.3,17.3
TH000048431,"NAKHON RATCHASIMA, TH",14.967,102.083,188.0,2009-12-08,,24.3,31.9,17.9
TH000048431,"NAKHON RATCHASIMA, TH",14.967,102.083,188.0,2009-12-09,,24.7,31.6,18.4
TH000048431,"NAKHON RATCHASIMA, TH",14.967,102.083,188.0,2009-12-10,,26.3,32.2,18.1
TH000048431,"NAKHON RATCHASIMA, TH",14.967,102.083,188.0,2009-12-11,,25.1,32.4,19.1
TH000048431,"NAKHON RATCHASIMA, TH",14.967,102.083,188.0,2009-12-12,,25.9,32.6,18.6
TH000048431,"NAKHON RATCHASIMA, TH",14.967,102.083,188.0,2009-12-13,,25.2,29.1,20.5
TH000048431,"NAKHON RATCHASIMA, TH",14.967,102.083,188.0,2009-12-14,,26.7,32.6,20.6
TH000048431,"NAKHON RATCHASIMA, TH",14.967,102.083,188.0,2009-12-15,,27.3,33.7,21.3
TH000048431,"NAKHON RATCHASIMA, TH",14.967,102.083,188.0,2009-12-16,,27.7,33.9,21.5
TH000048431,"NAKHON RATCHASIMA, TH",14.967,102.083,188.0,2009-12-17,,26.8,33.0,
TH000048431,"NAKHON RATCHASIMA, TH",14.967,102.083,188.0,2009-12-18,,25.5,30.5,20.6
TH000048431,"NAKHON RATCHASIMA, TH",14.967,102.083,188.0,2009-12-19,,24.6,29.2,
TH000048431,"NAKHON RATCHASIMA, TH",14.967,102.083,188.0,2009-12-20,,23.1,27.8,18.6
TH000048431,"NAKHON RATCHASIMA, TH",14.967,102.083,188.0,2009-12-21,,22.7,27.6,17.7
TH000048431,"NAKHON RATCHASIMA, TH",14.967,102.083,188.0,2009-12-22,,22.8,28.5,18.1
TH000048431,"NAKHON RATCHASIMA, TH",14.967,102.083,188.0,2009-12-23,,24.3,31.4,18.1
TH000048431,"NAKHON RATCHASIMA, TH",14.967,102.083,188.0,2009-12-24,,25.6,32.5,18.6
TH000048431,"NAKHON RATCHASIMA, TH",14.967,102.083,188.0,2009-12-25,,27.0,34.1,19.0
TH000048431,"NAKHON RATCHASIMA, TH",14.967,102.083,188.0,2009-12-26,,27.2,33.4,20.8
TH000048431,"NAKHON RATCHASIMA, TH",14.967,102.083,188.0,2009-12-27,,28.4,34.6,21.7
TH000048431,"NAKHON RATCHASIMA, TH",14.967,102.083,188.0,2009-12-28,0.0,28.2,33.4,23.4
TH000048431,"NAKHON RATCHASIMA, TH",14.967,102.083,188.0,2009-12-29,0.0,27.8,33.7,23.7
TH000048431,"NAKHON RATCHASIMA, TH",14.967,102.083,188.0,2009-12-30,1.5,28.7,33.7,22.7
TH000048431,"NAKHON RATCHASIMA, TH",14.967,102.083,188.0,2009-12-31,,28.4,33.4,24.1
TH000048431,"NAKHON RATCHASIMA, TH",14.967,102.083,188.0,2010-01-01,,27.9,33.9,
TH000048431,"NAKHON RATCHASIMA, TH",14.967,102.083,188.0,2010-01-02,,27.8,34.4,22.0
TH000048431,"NAKHON RATCHASIMA, TH",14.967,102.083,188.0,2010-01-03,,27.8,34.3,21.5
TH000048431,"NAKHON RATCHASIMA, TH",14.967,102.083,188.0,2010-01-04,,28.4,34.0,22.6
TH000048431,"NAKHON RATCHASIMA, TH",14.967,102.083,188.0,2010-01-05,,28.9,34.4,23.6
TH000048431,"NAKHON RATCHASIMA, TH",14.967,102.083,188.0,2010-01-06,0.0,28.7,34.6,23.9
TH000048431,"NAKHON RATCHASIMA, TH",14.967,102.083,188.0,2010-01-07,0.0,26.5,30.2,
TH000048431,"NAKHON RATCHASIMA, TH",14.967,102.083,188.0,2010-01-08,16.0,22.4,25.3,
TH000048431,"NAKHON RATCHASIMA, TH",14.967,102.083,188.0,2010-01-09,0.0,24.2,29.8,
TH000048431,"NAKHON RATCHASIMA, TH",14.967,102.083,188.0,2010-01-10,,25.6,33.0,19.4
TH000048431,"NAKHON RATCHASIMA, TH",14.967,102.083,188.0,2010-01-11,,26.7,33.4,19.7
TH000048431,"NAKHON RATCHASIMA, TH",14.967,102.083,188.0,2010-01-12,,25.8,31.6,
TH000048431,"NAKHON RATCHASIMA, TH",14.967,102.083,188.0,2010-01-13,,22.7,28.0,18.1
TH000048431,"NAKHON RATCHASIMA, TH",14.967,102.083,188.0,2010-01-14,,22.3,27.7,17.4
TH000048431,"NAKHON RATCHASIMA, TH",14.967,102.083,188.0,2010-01-15,,23.4,29.2,17.9
TH000048431,"NAKHON RATCHASIMA, TH",14.967,102.083,188.0,2010-01-16,,23.4,29.6,
TH000048431,"NAKHON RATCHASIMA, TH",14.967,102.083,188.0,2010-01-17,,22.6,28.9,17.7
TH000048431,"NAKHON RATCHASIMA, TH",14.967,102.083,188.0,2010-01-18,,22.1,27.8,16.9
TH000048431,"NAKHON RATCHASIMA, TH",14.967,102.083,188.0,2010-01-19,,24.4,29.6,17.2
TH000048431,"NAKHON RATCHASIMA, TH",14.967,102.083,188.0,2010-01-20,0.0,25.2,28.6,22.3
TH000048431,"NAKHON RATCHASIMA, TH",14.967,102.083,188.0,2010-01-21,8.4,23.1,25.0,22.1
TH000048431,"NAKHON RATCHASIMA, TH",14.967,102.083,188.0,2010-01-22,28.2,25.1,29.7,22.9
TH000048431,"NAKHON RATCHASIMA, TH",14.967,102.083,188.0,2010-01-23,,25.8,29.2,23.5
TH000048431,"NAKHON RATCHASIMA, TH",14.967,102.083,188.0,2010-01-24,6.1,25.0,28.5,
TH000048431,"NAKHON RATCHASIMA, TH",14.967,102.083,188.0,2010-01-25,0.0,26.8,31.6,21.7
TH000048431,"NAKHON RATCHASIMA, TH",14.967,102.083,188.0,2010-01-26,,25.1,29.7,20.8
TH000048431,"NAKHON RATCHASIMA, TH",14.967,102.083,188.0,2010-01-27,,25.7,31.3,21.1
TH000048431,"NAKHON RATCHASIMA, TH",14.967,102.083,188.0,2010-01-28,,27.3,33.3,21.1
TH000048431,"NAKHON RATCHASIMA, TH",14.967,102.083,188.0,2010-01-29,,28.1,34.3,21.8
TH000048431,"NAKHON RATCHASIMA, TH",14.967,102.083,188.0,2010-01-30,3.3,28.6,35.0,23.1
TH000048431,"NAKHON RATCHASIMA, TH",14.967,102.083,188.0,2010-01-31,,28.6,34.0,23.9
TH000048431,"NAKHON RATCHASIMA, TH",14.967,102.083,188.0,2010-02-01,,29.3,35.2,24.3
TH000048431,"NAKHON RATCHASIMA, TH",14.967,102.083,188.0,2010-02-02,,28.7,34.7,24.5
TH000048431,"NAKHON RATCHASIMA, TH",14.967,102.083,188.0,2010-02-03,0.0,28.4,34.7,
TH000048431,"NAKHON RATCHASIMA, TH",14.967,102.083,188.0,2010-02-04,4.1,27.4,33.7,
TH000048431,"NAKHON RATCHASIMA, TH",14.967,102.083,188.0,2010-02-05,,28.2,34.2,23.6
TH000048431,"NAKHON RATCHASIMA, TH",14.967,102.083,188.0,2010-02-06,,28.9,34.7,24.0
TH000048431,"NAKHON RATCHASIMA, TH",14.967,102.083,188.0,2010-02-07,,28.9,33.8,24.2
TH000048431,"NAKHON RATCHASIMA, TH",14.967,102.083,188.0,2010-02-08,,28.9,35.5,24.6
TH000048431,"NAKHON RATCHASIMA, TH",14.967,102.083,188.0,2010-02-09,,29.2,35.0,23.9
TH000048431,"NAKHON RATCHASIMA, TH",14.967,102.083,188.0,2010-02-10,,30.1,36.1,24.2
TH000048431,"NAKHON RATCHASIMA, TH",14.967,102.083,188.0,2010-02-11,,29.9,36.2,24.8
TH000048431,"NAKHON RATCHASIMA, TH",14.967,102.083,188.0,2010-02-12,,30.3,37.2,24.5
TH000048431,"NAKHON RATCHASIMA, TH",14.967,102.083,188.0,2010-02-13,,29.6,35.6,25.1
TH000048431,"NAKHON RATCHASIMA, TH",14.967,102.083,188.0,2010-02-14,,29.9,35.8,24.3
TH000048431,"NAKHON RATCHASIMA, TH",14.967,102.083,188.0,2010-02-15,,30.3,36.2,24.4
TH000048431,"NAKHON RATCHASIMA, TH",14.967,102.083,188.0,2010-02-16,,30.4,36.0,25.7
TH000048431,"NAKHON RATCHASIMA, TH",14.967,102.083,188.0,2010-02-17,,28.8,34.0,
TH000048431,"NAKHON RATCHASIMA, TH",14.967,102.083,188.0,2010-02-18,,26.8,32.3,21.8
TH000048431,"NAKHON RATCHASIMA, TH",14.967,102.083,188.0,2010-02-19,,25.3,30.6,20.8
TH000048431,"NAKHON RATCHASIMA, TH",14.967,102.083,188.0,2010-02-20,,25.0,29.3,21.6
TH000048431,"NAKHON RATCHASIMA, TH",14.967,102.083,188.0,2010-02-21,,27.5,32.8,22.0
TH000048431,"NAKHON RATCHASIMA, TH",14.967,102.083,188.0,2010-02-22,,29.4,35.3,23.1
TH000048431,"NAKHON RATCHASIMA, TH",14.967,102.083,188.0,2010-02-23,,29.4,34.8,
TH000048431,"NAKHON RATCHASIMA, TH",14.967,102.083,188.0,2010-02-24,,29.4,35.7,23.8
TH000048431,"NAKHON RATCHASIMA, TH",14.967,102.083,188.0,2010-02-25,,29.6,37.5,
TH000048431,"NAKHON RATCHASIMA, TH",14.967,102.083,188.0,2010-02-26,,29.5,37.6,22.1
TH000048431,"NAKHON RATCHASIMA, TH",14.967,102.083,188.0,2010-02-27,,30.4,38.2,23.3
TH000048431,"NAKHON RATCHASIMA, TH",14.967,102.083,188.0,2010-02-28,,30.4,36.7,24.3
TH000048431,"NAKHON RATCHASIMA, TH",14.967,102.083,188.0,2010-03-01,,31.2,38.6,24.2
TH000048431,"NAKHON RATCHASIMA, TH",14.967,102.083,188.0,2010-03-02,0.5,29.1,37.0,24.3
TH000048431,"NAKHON RATCHASIMA, TH",14.967,102.083,188.0,2010-03-03,,30.9,39.4,22.8
TH000048431,"NAKHON RATCHASIMA, TH",14.967,102.083,188.0,2010-03-04,,30.1,39.0,24.0
TH000048431,"NAKHON RATCHASIMA, TH",14.967,102.083,188.0,2010-03-05,,29.6,38.4,23.2
TH000048431,"NAKHON RATCHASIMA, TH",14.967,102.083,188.0,2010-03-06,,30.4,38.1,22.9
TH000048431,"NAKHON RATCHASIMA, TH",14.967,102.083,188.0,2010-03-07,,31.4,39.2,22.8
TH000048431,"NAKHON RATCHASIMA, TH",14.967,102.083,188.0,2010-03-08,,31.7,39.3,24.7
TH000048431,"NAKHON RATCHASIMA, TH",14.967,102.083,188.0,2010-03-09,,30.0,37.9,
TH000048431,"NAKHON RATCHASIMA, TH",14.967,102.083,188.0,2010-03-10,,23.0,27.1,19.3
TH000048431,"NAKHON RATCHASIMA, TH",14.967,102.083,188.0,2010-03-11,,24.9,30.6,19.7
TH000048431,"NAKHON RATCHASIMA, TH",14.967,102.083,188.0,2010-03-12,,29.6,36.4,21.7
TH000048431,"NAKHON RATCHASIMA, TH",14.967,102.083,188.0,2010-03-13,,30.8,38.0,23.7
TH000048431,"NAKHON RATCHASIMA, TH",14.967,102.083,188.0,2010-03-14,,31.3,38.7,23.7
TH000048431,"NAKHON RATCHASIMA, TH",14.967,102.083,188.0,2010-03-15,,32.0,38.8,25.0
TH000048431,"NAKHON RATCHASIMA, TH",14.967,102.083,188.0,2010-03-16,0.0,32.4,38.5,26.2
TH000048431,"NAKHON RATCHASIMA, TH",14.967,102.083,188.0,2010-03-17,0.0,29.1,33.6,24.9
TH000048431,"NAKHON RATCHASIMA, TH",14.967,102.083,188.0,2010-03-18,,28.6,33.8,23.6
TH000048431,"NAKHON RATCHASIMA, TH",14.967,102.083,188.0,2010-03-19,,28.8,35.9,23.4
TH000048431,"NAKHON RATCHASIMA, TH",14.967,102.083,188.0,2010-03-20,,31.0,38.4,23.3
TH000048431,"NAKHON RATCHASIMA, TH",14.967,102.083,188.0,2010-03-21,,30.3,37.2,25.5
TH000048431,"NAKHON RATCHASIMA, TH",14.967,102.083,188.0,2010-03-22,,30.8,36.6,25.7
TH000048431,"NAKHON RATCHASIMA, TH",14.967,102.083,188.0,2010-03-23,,31.3,37.7,25.7
TH000048431,"NAKHON RATCHASIMA, TH",14.967,102.083,188.0,2010-03-24,,31.1,38.3,25.8
TH000048431,"NAKHON RATCHASIMA, TH",14.967,102.083,188.0,2010-03-25,,31.6,39.6,
TH000048431,"NAKHON RATCHASIMA, TH",14.967,102.083,188.0,2010-03-26,46.5,19.3,26.5,
TH000048431,"NAKHON RATCHASIMA, TH",14.967,102.083,188.0,2010-03-27,2.0,25.4,31.0,19.0
TH000048431,"NAKHON RATCHASIMA, TH",14.967,102.083,188.0,2010-03-28,0.0,27.9,33.0,22.5
TH000048431,"NAKHON RATCHASIMA, TH",14.967,102.083,188.0,2010-03-29,,28.8,33.9,23.9
TH000048431,"NAKHON RATCHASIMA, TH",14.967,102.083,188.0,2010-03-30,,29.1,36.1,25.2
TH000048431,"NAKHON RATCHASIMA, TH",14.967,102.083,188.0,2010-03-31,0.5,29.3,37.3,25.0
TH000048431,"NAKHON RATCHASIMA, TH",14.967,102.083,188.0,2010-04-01,,31.3,37.5,24.6
TH000048431,"NAKHON RATCHASIMA, TH",14.967,102.083,188.0,2010-04-02,,31.7,38.6,24.7
TH000048431,"NAKHON RATCHASIMA, TH",14.967,102.083,188.0,2010-04-03,,30.6,37.5,
TH000048431,"NAKHON RATCHASIMA, TH",14.967,102.083,188.0,2010-04-04,,31.1,38.2,26.3
TH000048431,"NAKHON RATCHASIMA, TH",14.967,102.083,188.0,2010-04-05,,32.6,39.0,26.9
TH000048431,"NAKHON RATCHASIMA, TH",14.967,102.083,188.0,2010-04-06,,32.9,39.2,26.8
TH000048431,"NAKHON RATCHASIMA, TH",14.967,102.083,188.0,2010-04-07,,33.3,39.4,27.5
TH000048431,"NAKHON RATCHASIMA, TH",14.967,102.083,188.0,2010-04-08,,32.6,39.5,27.8
TH000048431,"NAKHON RATCHASIMA, TH",14.967,102.083,188.0,2010-04-09,,32.8,39.4,27.4
TH000048431,"NAKHON RATCHASIMA, TH",14.967,102.083,188.0,2010-04-10,,32.0,38.0,
TH000048431,"NAKHON RATCHASIMA, TH",14.967,102.083,188.0,2010-04-11,,32.4,40.1,25.3
TH000048431,"NAKHON RATCHASIMA, TH",14.967,102.083,188.0,2010-04-12,,32.7,40.2,24.9
TH000048431,"NAKHON RATCHASIMA, TH",14.967,102.083,188.0,2010-04-13,,32.8,40.2,25.0
TH000048431,"NAKHON RATCHASIMA, TH",14.967,102.083,188.0,2010-04-14,,33.4,40.6,26.6
TH000048431,"NAKHON RATCHASIMA, TH",14.967,102.083,188.0,2010-04-15,,33.2,40.1,
TH000048431,"NAKHON RATCHASIMA, TH",14.967,102.083,188.0,2010-04-16,1.0,29.9,35.8,
TH000048431,"NAKHON RATCHASIMA, TH",14.967,102.083,188.0,2010-04-17,2.3,26.9,33.5,
TH000048431,"NAKHON RATCHASIMA, TH",14.967,102.083,188.0,2010-04-18,,31.2,37.5,23.9
TH000048431,"NAKHON RATCHASIMA, TH",14.967,102.083,188.0,2010-04-19,1.0,31.1,38.4,25.9
TH000048431,"NAKHON RATCHASIMA, TH",14.967,102.083,188.0,2010-04-20,0.3,31.9,38.5,25.8
TH000048431,"NAKHON RATCHASIMA, TH",14.967,102.083,188.0,2010-04-21,0.0,33.1,39.5,26.1
TH000048431,"NAKHON RATCHASIMA, TH",14.967,102.083,188.0,2010-04-22,0.0,32.9,40.7,26.6
TH000048431,"NAKHON RATCHASIMA, TH",14.967,102.083,188.0,2010-04-23,1.0,30.1,40.1,
TH000048431,"NAKHON RATCHASIMA, TH",14.967,102.083,188.0,2010-04-24,,29.4,34.6,24.7
TH000048431,"NAKHON RATCHASIMA, TH",14.967,102.083,188.0,2010-04-25,,30.9,36.7,25.8
TH000048431,"NAKHON RATCHASIMA, TH",14.967,102.083,188.0,2010-04-26,21.1,27.9,37.2,
TH000048431,"NAKHON RATCHASIMA, TH",14.967,102.083,188.0,2010-04-27,0.0,28.6,33.3,24.4
TH000048431,"NAKHON RATCHASIMA, TH",14.967,102.083,188.0,2010-04-28,4.3,27.3,34.4,
TH000048431,"NAKHON RATCHASIMA, TH",14.967,102.083,188.0,2010-04-29,0.0,30.2,36.1,23.8
TH000048431,"NAKHON RATCHASIMA, TH",14.967,102.083,188.0,2010-04-30,,31.4,37.2,26.2
TH000048431,"NAKHON RATCHASIMA, TH",14.967,102.083,188.0,2010-05-01,,29.3,33.5,
TH000048431,"NAKHON RATCHASIMA, TH",14.967,102.083,188.0,2010-05-02,,30.9,35.4,25.7
TH000048431,"NAKHON RATCHASIMA, TH",14.967,102.083,188.0,2010-05-03,4.1,28.1,34.6,
TH000048431,"NAKHON RATCHASIMA, TH",14.967,102.083,188.0,2010-05-04,,30.1,37.3,25.3
TH000048431,"NAKHON RATCHASIMA, TH",14.967,102.083,188.0,2010-05-05,,31.2,38.6,26.6
TH000048431,"NAKHON RATCHASIMA, TH",14.967,102.083,188.0,2010-05-06,,32.8,39.4,27.3
TH000048431,"NAKHON RATCHASIMA, TH",14.967,102.083,188.0,2010-05-07,,33.7,39.8,27.8
TH000048431,"NAKHON RATCHASIMA, TH",14.967,102.083,188.0,2010-05-08,,34.1,40.1,28.5
TH000048431,"NAKHON RATCHASIMA, TH",14.967,102.083,188.0,2010-05-09,,34.1,41.4,28.7
TH000048431,"NAKHON RATCHASIMA, TH",14.967,102.083,188.0,2010-05-10,5.6,30.1,40.3,
TH000048431,"NAKHON RATCHASIMA, TH",14.967,102.083,188.0,2010-05-11,0.0,30.5,36.2,25.6
TH000048431,"NAKHON RATCHASIMA, TH",14.967,102.083,188.0,2010-05-12,3.0,29.2,35.3,26.1
TH000048431,"NAKHON RATCHASIMA, TH",14.967,102.083,188.0,2010-05-13,0.5,32.2,38.9,25.8
TH000048431,"NAKHON RATCHASIMA, TH",14.967,102.083,188.0,2010-05-14,,33.3,39.4,27.6
TH000048431,"NAKHON RATCHASIMA, TH",14.967,102.083,188.0,2010-05-15,2.3,31.0,39.2,
TH000048431,"NAKHON RATCHASIMA, TH",14.967,102.083,188.0,2010-05-16,39.6,28.1,35.8,
TH000048431,"NAKHON RATCHASIMA, TH",14.967,102.083,188.0,2010-05-17,0.0,29.7,35.8,25.8
TH000048431,"NAKHON RATCHASIMA, TH",14.967,102.083,188.0,2010-05-18,65.0,30.3,37.4,
TH000048431,"NAKHON RATCHASIMA, TH",14.967,102.083,188.0,2010-05-19,0.0,30.6,36.2,24.2
TH000048431,"NAKHON RATCHASIMA, TH",14.967,102.083,188.0,2010-05-20,0.0,32.3,37.2,27.2
TH000048431,"NAKHON RATCHASIMA, TH",14.967,102.083,188.0,2010-05-21,,32.0,37.0,
TH000048431,"NAKHON RATCHASIMA, TH",14.967,102.083,188.0,2010-05-22,,32.8,,27.4
TH000048431,"NAKHON RATCHASIMA, TH",14.967,102.083,188.0,2010-05-23,0.5,31.3,37.4,28.0
TH000048431,"NAKHON RATCHASIMA, TH",14.967,102.083,188.0,2010-05-24,0.0,31.4,37.9,27.6
TH000048431,"NAKHON RATCHASIMA, TH",14.967,102.083,188.0,2010-05-25,,31.1,36.0,
TH000048431,"NAKHON RATCHASIMA, TH",14.967,102.083,188.0,2010-05-26,0.0,29.4,34.9,25.8
TH000048431,"NAKHON RATCHASIMA, TH",14.967,102.083,188.0,2010-05-27,0.0,31.1,37.6,26.7
TH000048431,"NAKHON RATCHASIMA, TH",14.967,102.083,188.0,2010-05-28,1.0,30.7,36.1,26.6
TH000048431,"NAKHON RATCHASIMA, TH",14.967,102.083,188.0,2010-05-29,2.3,29.3,36.7,
TH000048431,"NAKHON RATCHASIMA, TH",14.967,102.083,188.0,2010-05-30,,30.6,35.7,26.7
TH000048431,"NAKHON RATCHASIMA, TH",14.967,102.083,188.0,2010-05-31,,31.0,36.8,26.5
TH000048431,"NAKHON RATCHASIMA, TH",14.967,102.083,188.0,2010-06-01,,32.6,38.2,
TH000048431,"NAKHON RATCHASIMA, TH",14.967,102.083,188.0,2010-06-02,,32.3,38.3,27.8
TH000048431,"NAKHON RATCHASIMA, TH",14.967,102.083,188.0,2010-06-03,8.6,29.3,36.6,
TH000048431,"NAKHON RATCHASIMA, TH",14.967,102.083,188.0,2010-06-04,14.0,28.2,34.7,
TH000048431,"NAKHON RATCHASIMA, TH",14.967,102.083,188.0,2010-06-05,0.5,28.4,34.1,24.8
TH000048431,"NAKHON RATCHASIMA, TH",14.967,102.083,188.0,2010-06-06,0.3,28.9,34.5,
TH000048431,"NAKHON RATCHASIMA, TH",14.967,102.083,188.0,2010-06-07,0.0,29.7,36.1,26.0
TH000048431,"NAKHON RATCHASIMA, TH",14.967,102.083,188.0,2010-06-08,0.0,30.3,34.0,26.5
TH000048431,"NAKHON RATCHASIMA, TH",14.967,102.083,188.0,2010-06-09,45.5,27.9,35.0,
TH000048431,"NAKHON RATCHASIMA, TH",14.967,102.083,188.0,2010-06-10,0.3,29.4,34.8,25.3
TH000048431,"NAKHON RATCHASIMA, TH",14.967,102.083,188.0,2010-06-11,0.0,30.4,36.1,25.7
TH000048431,"NAKHON RATCHASIMA, TH",14.967,102.083,188.0,2010-06-12,0.0,31.9,36.7,26.2
TH000048431,"NAKHON RATCHASIMA, TH",14.967,102.083,188.0,2010-06-13,,31.3,37.7,27.3
TH000048431,"NAKHON RATCHASIMA, TH",14.967,102.083,188.0,2010-06-14,,32.3,37.7,26.9
TH000048431,"NAKHON RATCHASIMA, TH",14.967,102.083,188.0,2010-06-15,2.8,31.0,37.6,26.8
TH000048431,"NAKHON RATCHASIMA, TH",14.967,102.083,188.0,2010-06-16,,31.2,37.2,26.4
TH000048431,"NAKHON RATCHASIMA, TH",14.967,102.083,188.0,2010-06-17,2.3,30.4,35.7,
TH000048431,"NAKHON RATCHASIMA, TH",14.967,102.083,188.0,2010-06-18,2.8,30.8,38.2,26.6
TH000048431,"NAKHON RATCHASIMA, TH",14.967,102.083,188.0,2010-06-19,15.0,29.0,36.2,
TH000048431,"NAKHON RATCHASIMA, TH",14.967,102.083,188.0,2010-06-20,,31.1,37.1,25.8
TH000048431,"NAKHON RATCHASIMA, TH",14.967,102.083,188.0,2010-06-21,,29.5,34.9,26.0
TH000048431,"NAKHON RATCHASIMA, TH",14.967,102.083,188.0,2010-06-22,18.5,28.0,32.5,
TH000048431,"NAKHON RATCHASIMA, TH",14.967,102.083,188.0,2010-06-23,0.0,29.1,34.6,25.2
TH000048431,"NAKHON RATCHASIMA, TH",14.967,102.083,188.0,2010-06-24,0.0,30.6,35.8,26.0
TH000048431,"NAKHON RATCHASIMA, TH",14.967,102.083,188.0,2010-06-25,0.0,32.0,37.4,26.9
TH000048431,"NAKHON RATCHASIMA, TH",14.967,102.083,188.0,2010-06-26,0.3,30.2,37.2,26.4
TH000048431,"NAKHON RATCHASIMA, TH",14.967,102.083,188.0,2010-06-27,,30.6,35.7,26.4
TH000048431,"NAKHON RATCHASIMA, TH",14.967,102.083,188.0,2010-06-28,0.0,30.6,36.5,
TH000048431,"NAKHON RATCHASIMA, TH",14.967,102.083,188.0,2010-06-29,0.5,29.8,36.6,25.7
TH000048431,"NAKHON RATCHASIMA, TH",14.967,102.083,188.0,2010-06-30,9.7,29.2,35.4,25.4
TH000048431,"NAKHON RATCHASIMA, TH",14.967,102.083,188.0,2010-07-01,,29.7,34.6,
TH000048431,"NAKHON RATCHASIMA, TH",14.967,102.083,188.0,2010-07-02,2.3,28.0,33.3,
TH000048431,"NAKHON RATCHASIMA, TH",14.967,102.083,188.0,2010-07-03,4.1,27.5,33.4,24.9
TH000048431,"NAKHON RATCHASIMA, TH",14.967,102.083,188.0,2010-07-04,13.0,27.2,35.4,
TH000048431,"NAKHON RATCHASIMA, TH",14.967,102.083,188.0,2010-07-05,0.0,28.9,34.7,23.9
TH000048431,"NAKHON RATCHASIMA, TH",14.967,102.083,188.0,2010-07-06,12.2,28.2,35.9,
TH000048431,"NAKHON RATCHASIMA, TH",14.967,102.083,188.0,2010-07-07,,29.3,36.4,25.0
TH000048431,"NAKHON RATCHASIMA, TH",14.967,102.083,188.0,2010-07-08,0.5,28.8,37.2,25.4
TH000048431,"NAKHON RATCHASIMA, TH",14.967,102.083,188.0,2010-07-09,3.6,28.5,35.7,
TH000048431,"NAKHON RATCHASIMA, TH",14.967,102.083,188.0,2010-07-10,14.7,29.2,36.0,24.6
TH000048431,"NAKHON RATCHASIMA, TH",14.967,102.083,188.0,2010-07-11,2.5,28.9,35.5,25.3
TH000048431,"NAKHON RATCHASIMA, TH",14.967,102.083,188.0,2010-07-12,29.5,29.7,35.7,
TH000048431,"NAKHON RATCHASIMA, TH",14.967,102.083,188.0,2010-07-13,4.1,29.7,35.3,24.2
TH000048431,"NAKHON RATCHASIMA, TH",14.967,102.083,188.0,2010-07-14,4.8,27.6,33.1,
TH000048431,"NAKHON RATCHASIMA, TH",14.967,102.083,188.0,2010-07-15,22.4,27.7,32.9,24.9
TH000048431,"NAKHON RATCHASIMA, TH",14.967,102.083,188.0,2010-07-16,0.3,28.1,33.7,25.1
TH000048431,"NAKHON RATCHASIMA, TH",14.967,102.083,188.0,2010-07-17,,28.0,32.3,
TH000048431,"NAKHON RATCHASIMA, TH",14.967,102.083,188.0,2010-07-18,7.1,28.2,31.7,23.8
TH000048431,"NAKHON RATCHASIMA, TH",14.967,102.083,188.0,2010-07-19,5.6,27.9,32.9,24.5
TH000048431,"NAKHON RATCHASIMA, TH",14.967,102.083,188.0,2010-07-20,27.9,29.2,35.5,25.1
TH000048431,"NAKHON RATCHASIMA, TH",14.967,102.083,188.0,2010-07-21,1.3,30.4,35.4,26.0
TH000048431,"NAKHON RATCHASIMA, TH",14.967,102.083,188.0,2010-07-22,2.8,29.4,33.9,
TH000048431,"NAKHON RATCHASIMA, TH",14.967,102.083,188.0,2010-07-23,,29.2,34.0,25.2
TH000048431,"NAKHON RATCHASIMA, TH",14.967,102.083,188.0,2010-07-24,,29.3,32.5,26.0
TH000048431,"NAKHON RATCHASIMA, TH",14.967,102.083,188.0,2010-07-25,,29.8,33.8,25.7
TH000048431,"NAKHON RATCHASIMA, TH",14.967,102.083,188.0,2010-07-26,8.6,28.1,32.3,
TH000048431,"NAKHON RATCHASIMA, TH",14.967,102.083,188.0,2010-07-27,20.8,26.7,31.3,23.4
TH000048431,"NAKHON RATCHASIMA, TH",14.967,102.083,188.0,2010-07-28,0.5,28.3,33.8,24.8
TH000048431,"NAKHON RATCHASIMA, TH",14.967,102.083,188.0,2010-07-29,6.1,27.7,32.5,25.7
TH000048431,"NAKHON RATCHASIMA, TH",14.967,102.083,188.0,2010-07-30,,29.0,34.2,25.2
TH000048431,"NAKHON RATCHASIMA, TH",14.967,102.083,188.0,2010-07-31,,29.3,33.7,25.7
TH000048431,"NAKHON RATCHASIMA, TH",14.967,102.083,188.0,2010-08-01,15.7,27.6,32.8,
TH000048431,"NAKHON RATCHASIMA, TH",14.967,102.083,188.0,2010-08-02,4.1,26.5,30.8,25.1
TH000048431,"NAKHON RATCHASIMA, TH",14.967,102.083,188.0,2010-08-03,16.8,26.8,32.0,24.8
TH000048431,"NAKHON RATCHASIMA, TH",14.967,102.083,188.0,2010-08-04,1.8,27.5,33.6,
TH000048431,"NAKHON RATCHASIMA, TH",14.967,102.083,188.0,2010-08-05,3.6,27.1,32.9,23.7
TH000048431,"NAKHON RATCHASIMA, TH",14.967,102.083,188.0,2010-08-06,2.8,28.2,33.3,23.8
TH000048431,"NAKHON RATCHASIMA, TH",14.967,102.083,188.0,2010-08-07,0.0,29.1,33.6,25.2
TH000048431,"NAKHON RATCHASIMA, TH",14.967,102.083,188.0,2010-08-08,,29.4,33.9,24.2
TH000048431,"NAKHON RATCHASIMA, TH",14.967,102.083,188.0,2010-08-09,,29.7,33.9,25.6
TH000048431,"NAKHON RATCHASIMA, TH",14.967,102.083,188.0,2010-08-10,3.0,29.2,33.4,26.1
TH000048431,"NAKHON RATCHASIMA, TH",14.967,102.083,188.0,2010-08-11,8.6,27.9,32.9,25.0
TH000048431,"NAKHON RATCHASIMA, TH",14.967,102.083,188.0,2010-08-12,15.5,27.6,32.2,25.2
TH000048431,"NAKHON RATCHASIMA, TH",14.967,102.083,188.0,2010-08-13,2.3,27.2,31.5,24.8
TH000048431,"NAKHON RATCHASIMA, TH",14.967,102.083,188.0,2010-08-14,4.6,27.7,33.2,25.0
TH000048431,"NAKHON RATCHASIMA, TH",14.967,102.083,188.0,2010-08-15,4.6,27.8,33.7,24.8
TH000048431,"NAKHON RATCHASIMA, TH",14.967,102.083,188.0,2010-08-16,15.2,27.4,32.7,
TH000048431,"NAKHON RATCHASIMA, TH",14.967,102.083,188.0,2010-08-17,10.4,26.4,31.2,
TH000048431,"NAKHON RATCHASIMA, TH",14.967,102.083,188.0,2010-08-18,0.0,27.7,32.6,24.2
TH000048431,"NAKHON RATCHASIMA, TH",14.967,102.083,188.0,2010-08-19,0.0,29.5,33.6,24.7
TH000048431,"NAKHON RATCHASIMA, TH",14.967,102.083,188.0,2010-08-20,13.7,28.2,33.3,24.4
TH000048431,"NAKHON RATCHASIMA, TH",14.967,102.083,188.0,2010-08-21,9.4,25.7,30.2,24.3
TH000048431,"NAKHON RATCHASIMA, TH",14.967,102.083,188.0,2010-08-22,5.1,26.6,31.3,24.0
TH000048431,"NAKHON RATCHASIMA, TH",14.967,102.083,188.0,2010-08-23,,27.6,31.3,23.8
TH000048431,"NAKHON RATCHASIMA, TH",14.967,102.083,188.0,2010-08-24,1.3,27.2,31.8,24.8
TH000048431,"NAKHON RATCHASIMA, TH",14.967,102.083,188.0,2010-08-25,0.0,28.3,33.2,24.4
TH000048431,"NAKHON RATCHASIMA, TH",14.967,102.083,188.0,2010-08-26,0.0,29.4,34.5,25.1
TH000048431,"NAKHON RATCHASIMA, TH",14.967,102.083,188.0,2010-08-27,,29.7,34.1,25.2
TH000048431,"NAKHON RATCHASIMA, TH",14.967,102.083,188.0,2010-08-28,5.8,26.9,30.1,24.7
TH000048431,"NAKHON RATCHASIMA, TH",14.967,102.083,188.0,2010-08-29,8.6,26.1,29.7,24.2
TH000048431,"NAKHON RATCHASIMA, TH",14.967,102.083,188.0,2010-08-30,0.0,28.8,33.0,24.6
TH000048431,"NAKHON RATCHASIMA, TH",14.967,102.083,188.0,2010-08-31,0.5,29.1,33.6,24.6
TH000048431,"NAKHON RATCHASIMA, TH",14.967,102.083,188.0,2010-09-01,51.8,27.8,33.4,
TH000048431,"NAKHON RATCHASIMA, TH",14.967,102.083,188.0,2010-09-02,15.5,26.9,30.2,
TH000048431,"NAKHON RATCHASIMA, TH",14.967,102.083,188.0,2010-09-03,33.0,26.2,30.5,23.7
TH000048431,"NAKHON RATCHASIMA, TH",14.967,102.083,188.0,2010-09-04,3.0,27.5,32.1,23.7
TH000048431,"NAKHON RATCHASIMA, TH",14.967,102.083,188.0,2010-09-05,1.0,29.2,33.3,24.0
TH000048431,"NAKHON RATCHASIMA, TH",14.967,102.083,188.0,2010-09-06,18.8,28.2,33.7,25.2
TH000048431,"NAKHON RATCHASIMA, TH",14.967,102.083,188.0,2010-09-07,2.8,29.3,33.6,24.8
TH000048431,"NAKHON RATCHASIMA, TH",14.967,102.083,188.0,2010-09-08,6.1,29.7,34.6,
TH000048431,"NAKHON RATCHASIMA, TH",14.967,102.083,188.0,2010-09-09,82.8,27.4,33.1,
TH000048431,"NAKHON RATCHASIMA, TH",14.967,102.083,188.0,2010-09-10,6.1,27.8,33.1,24.7
TH000048431,"NAKHON RATCHASIMA, TH",14.967,102.083,188.0,2010-09-11,1.5,27.0,32.1,24.4
TH000048431,"NAKHON RATCHASIMA, TH",14.967,102.083,188.0,2010-09-12,0.0,27.5,32.6,24.8
TH000048431,"NAKHON RATCHASIMA, TH",14.967,102.083,188.0,2010-09-13,22.9,26.3,31.7,
TH000048431,"NAKHON RATCHASIMA, TH",14.967,102.083,188.0,2010-09-14,3.8,25.8,31.6,23.9
TH000048431,"NAKHON RATCHASIMA, TH",14.967,102.083,188.0,2010-09-15,0.8,26.1,29.8,23.8
TH000048431,"NAKHON RATCHASIMA, TH",14.967,102.083,188.0,2010-09-16,0.0,26.8,31.8,23.9
TH000048431,"NAKHON RATCHASIMA, TH",14.967,102.083,188.0,2010-09-17,0.3,27.1,32.5,24.6
TH000048431,"NAKHON RATCHASIMA, TH",14.967,102.083,188.0,2010-09-18,31.5,24.8,27.2,
TH000048431,"NAKHON RATCHASIMA, TH",14.967,102.083,188.0,2010-09-19,0.0,27.3,32.5,24.0
TH000048431,"NAKHON RATCHASIMA, TH",14.967,102.083,188.0,2010-09-20,5.1,27.9,34.2,24.4
TH000048431,"NAKHON RATCHASIMA, TH",14.967,102.083,188.0,2010-09-21,0.3,28.6,34.1,24.5
TH000048431,"NAKHON RATCHASIMA, TH",14.967,102.083,188.0,2010-09-22,73.4,26.6,33.0,
TH000048431,"NAKHON RATCHASIMA, TH",14.967,102.083,188.0,2010-09-23,0.0,27.9,33.8,24.6
TH000048431,"NAKHON RATCHASIMA, TH",14.967,102.083,188.0,2010-09-24,0.0,28.3,33.1,24.6
TH000048431,"NAKHON RATCHASIMA, TH",14.967,102.083,188.0,2010-09-25,0.0,28.8,33.8,24.9
TH000048431,"NAKHON RATCHASIMA, TH",14.967,102.083,188.0,2010-09-26,,28.5,33.7,
TH000048431,"NAKHON RATCHASIMA, TH",14.967,102.083,188.0,2010-09-27,1.5,27.1,31.5,23.8
TH000048431,"NAKHON RATCHASIMA, TH",14.967,102.083,188.0,2010-09-28,,27.7,32.2,24.7
TH000048431,"NAKHON RATCHASIMA, TH",14.967,102.083,188.0,2010-09-29,2.8,27.6,33.0,
TH000048431,"NAKHON RATCHASIMA, TH",14.967,102.083,188.0,2010-09-30,,28.5,32.6,23.9
TH000048431,"NAKHON RATCHASIMA, TH",14.967,102.083,188.0,2010-10-01,8.4,28.0,32.7,
TH000048431,"NAKHON RATCHASIMA, TH",14.967,102.083,188.0,2010-10-02,2.0,27.3,31.0,24.3
TH000048431,"NAKHON RATCHASIMA, TH",14.967,102.083,188.0,2010-10-03,16.5,25.7,29.6,
TH000048431,"NAKHON RATCHASIMA, TH",14.967,102.083,188.0,2010-10-04,4.1,25.1,28.4,
TH000048431,"NAKHON RATCHASIMA, TH",14.967,102.083,188.0,2010-10-05,0.0,25.2,27.4,23.3
TH000048431,"NAKHON RATCHASIMA, TH",14.967,102.083,188.0,2010-10-06,0.0,26.6,29.6,23.5
TH000048431,"NAKHON RATCHASIMA, TH",14.967,102.083,188.0,2010-10-07,,27.9,32.7,24.6
TH000048431,"NAKHON RATCHASIMA, TH",14.967,102.083,188.0,2010-10-08,6.9,28.1,32.7,
TH000048431,"NAKHON RATCHASIMA, TH",14.967,102.083,188.0,2010-10-09,0.5,27.7,32.3,24.1
TH000048431,"NAKHON RATCHASIMA, TH",14.967,102.083,188.0,2010-10-10,1.0,28.4,32.9,24.6
TH000048431,"NAKHON RATCHASIMA, TH",14.967,102.083,188.0,2010-10-11,0.3,27.6,31.4,25.3
TH000048431,"NAKHON RATCHASIMA, TH",14.967,102.083,188.0,2010-10-12,30.5,26.4,29.3,
TH000048431,"NAKHON RATCHASIMA, TH",14.967,102.083,188.0,2010-10-13,2.3,27.1,31.6,24.4
TH000048431,"NAKHON RATCHASIMA, TH",14.967,102.083,188.0,2010-10-14,6.6,26.7,29.7,24.9
TH000048431,"NAKHON RATCHASIMA, TH",14.967,102.083,188.0,2010-10-15,112.8,23.9,26.1,
TH000048431,"NAKHON RATCHASIMA, TH",14.967,102.083,188.0,2010-10-16,74.9,23.4,25.1,
TH000048431,"NAKHON RATCHASIMA, TH",14.967,102.083,188.0,2010-10-17,6.9,24.9,27.9,22.5
TH000048431,"NAKHON RATCHASIMA, TH",14.967,102.083,188.0,2010-10-18,7.6,25.7,30.6,
TH000048431,"NAKHON RATCHASIMA, TH",14.967,102.083,188.0,2010-10-19,6.4,26.4,29.8,23.5
TH000048431,"NAKHON RATCHASIMA, TH",14.967,102.083,188.0,2010-10-20,2.3,26.9,30.0,24.1
TH000048431,"NAKHON RATCHASIMA, TH",14.967,102.083,188.0,2010-10-21,0.0,27.2,30.7,23.8
TH000048431,"NAKHON RATCHASIMA, TH",14.967,102.083,188.0,2010-10-22,0.5,27.6,31.1,24.0
TH000048431,"NAKHON RATCHASIMA, TH",14.967,102.083,188.0,2010-10-23,0.0,28.2,33.2,24.6
TH000048431,"NAKHON RATCHASIMA, TH",14.967,102.083,188.0,2010-10-24,0.0,28.6,32.7,24.8
TH000048431,"NAKHON RATCHASIMA, TH",14.967,102.083,188.0,2010-10-25,,30.1,34.4,25.6
TH000048431,"NAKHON RATCHASIMA, TH",14.967,102.083,188.0,2010-10-26,,28.0,30.9,25.4
TH000048431,"NAKHON RATCHASIMA, TH",14.967,102.083,188.0,2010-10-27,,27.9,30.8,24.8
TH000048431,"NAKHON RATCHASIMA, TH",14.967,102.083,188.0,2010-10-28,,25.6,29.2,
TH000048431,"NAKHON RATCHASIMA, TH",14.967,102.083,188.0,2010-10-29,,24.2,28.4,
TH000048431,"NAKHON RATCHASIMA, TH",14.967,102.083,188.0,2010-10-30,,22.6,26.2,
TH000048431,"NAKHON RATCHASIMA, TH",14.967,102.083,188.0,2010-10-31,,22.5,26.6,18.7
TH000048431,"NAKHON RATCHASIMA, TH",14.967,102.083,188.0,2010-11-01,,23.2,27.5,19.0
TH000048431,"NAKHON RATCHASIMA, TH",14.967,102.083,188.0,2010-11-02,0.0,24.6,28.6,20.3
TH000048431,"NAKHON RATCHASIMA, TH",14.967,102.083,188.0,2010-11-03,0.0,24.6,28.0,21.4
TH000048431,"NAKHON RATCHASIMA, TH",14.967,102.083,188.0,2010-11-04,,23.8,27.8,19.8
TH000048431,"NAKHON RATCHASIMA, TH",14.967,102.083,188.0,2010-11-05,,23.4,25.8,20.3
TH000048431,"NAKHON RATCHASIMA, TH",14.967,102.083,188.0,2010-11-06,,24.8,28.6,21.3
TH000048431,"NAKHON RATCHASIMA, TH",14.967,102.083,188.0,2010-11-07,0.0,26.2,29.1,22.8
TH000048431,"NAKHON RATCHASIMA, TH",14.967,102.083,188.0,2010-11-08,0.0,26.2,30.6,22.7
TH000048431,"NAKHON RATCHASIMA, TH",14.967,102.083,188.0,2010-11-09,,25.6,28.8,22.4
TH000048431,"NAKHON RATCHASIMA, TH",14.967,102.083,188.0,2010-11-10,,25.5,28.3,22.3
TH000048431,"NAKHON RATCHASIMA, TH",14.967,102.083,188.0,2010-11-11,0.0,25.5,28.7,22.6
TH000048431,"NAKHON RATCHASIMA, TH",14.967,102.083,188.0,2010-11-12,0.0,25.8,29.6,21.7
TH000048431,"NAKHON RATCHASIMA, TH",14.967,102.083,188.0,2010-11-13,,26.3,30.0,22.2
TH000048431,"NAKHON RATCHASIMA, TH",14.967,102.083,188.0,2010-11-14,,27.0,30.5,22.3
TH000048431,"NAKHON RATCHASIMA, TH",14.967,102.083,188.0,2010-11-15,0.0,27.3,31.0,24.3
TH000048431,"NAKHON RATCHASIMA, TH",14.967,102.083,188.0,2010-11-16,3.0,26.5,30.2,22.3
TH000048431,"NAKHON RATCHASIMA, TH",14.967,102.083,188.0,2010-11-17,0.0,26.3,29.8,22.0
TH000048431,"NAKHON RATCHASIMA, TH",14.967,102.083,188.0,2010-11-18,,27.0,30.9,
TH000048431,"NAKHON RATCHASIMA, TH",14.967,102.083,188.0,2010-11-19,,26.2,29.7,22.3
TH000048431,"NAKHON RATCHASIMA, TH",14.967,102.083,188.0,2010-11-20,,25.8,30.3,21.9
TH000048431,"NAKHON RATCHASIMA, TH",14.967,102.083,188.0,2010-11-21,,27.1,32.7,21.4
TH000048431,"NAKHON RATCHASIMA, TH",14.967,102.083,188.0,2010-11-22,,27.7,33.1,22.0
TH000048431,"NAKHON RATCHASIMA, TH",14.967,102.083,188.0,2010-11-23,,26.8,31.8,22.8
TH000048431,"NAKHON RATCHASIMA, TH",14.967,102.083,188.0,2010-11-24,,26.6,31.6,22.0
TH000048431,"NAKHON RATCHASIMA, TH",14.967,102.083,188.0,2010-11-25,,26.3,31.0,21.7
TH000048431,"NAKHON RATCHASIMA, TH",14.967,102.083,188.0,2010-11-26,,25.4,29.9,21.7
TH000048431,"NAKHON RATCHASIMA, TH",14.967,102.083,188.0,2010-11-27,,25.2,29.6,20.8
TH000048431,"NAKHON RATCHASIMA, TH",14.967,102.083,188.0,2010-11-28,,26.1,30.8,21.4
TH000048431,"NAKHON RATCHASIMA, TH",14.967,102.083,188.0,2010-11-29,,26.6,31.6,21.8
TH000048431,"NAKHON RATCHASIMA, TH",14.967,102.083,188.0,2010-11-30,,26.2,31.0,22.0
TH000048431,"NAKHON RATCHASIMA, TH",14.967,102.083,188.0,2010-12-01,,25.5,29.7,21.3
TH000048431,"NAKHON RATCHASIMA, TH",14.967,102.083,188.0,2010-12-02,,25.3,30.0,20.9
TH000048431,"NAKHON RATCHASIMA, TH",14.967,102.083,188.0,2010-12-03,,24.8,28.7,20.6
TH000048431,"NAKHON RATCHASIMA, TH",14.967,102.083,188.0,2010-12-04,,24.3,28.9,20.3
TH000048431,"NAKHON RATCHASIMA, TH",14.967,102.083,188.0,2010-12-05,,25.3,29.5,20.6
TH000048431,"NAKHON RATCHASIMA, TH",14.967,102.083,188.0,2010-12-06,,26.9,31.4,21.7
TH000048431,"NAKHON RATCHASIMA, TH",14.967,102.083,188.0,2010-12-07,,25.5,29.3,
TH000048431,"NAKHON RATCHASIMA, TH",14.967,102.083,188.0,2010-12-08,,24.4,28.7,
TH000048431,"NAKHON RATCHASIMA, TH",14.967,102.083,188.0,2010-12-09,,23.1,28.1,18.6
TH000048431,"NAKHON RATCHASIMA, TH",14.967,102.083,188.0,2010-12-10,,25.6,31.5,19.0
TH000048431,"NAKHON RATCHASIMA, TH",14.967,102.083,188.0,2010-12-11,,27.4,32.8,21.2
TH000048431,"NAKHON RATCHASIMA, TH",14.967,102.083,188.0,2010-12-12,,28.0,33.6,23.7
TH000048431,"NAKHON RATCHASIMA, TH",14.967,102.083,188.0,2010-12-13,,28.4,34.1,22.7
TH000048431,"NAKHON RATCHASIMA, TH",14.967,102.083,188.0,2010-12-14,,28.3,33.3,22.9
TH000048431,"NAKHON RATCHASIMA, TH",14.967,102.083,188.0,2010-12-15,,28.5,33.4,24.2
TH000048431,"NAKHON RATCHASIMA, TH",14.967,102.083,188.0,2010-12-16,,24.8,33.0,
TH000048431,"NAKHON RATCHASIMA, TH",14.967,102.083,188.0,2010-12-17,,19.4,23.1,16.9
TH000048431,"NAKHON RATCHASIMA, TH",14.967,102.083,188.0,2010-12-18,,21.7,26.7,16.8
TH000048431,"NAKHON RATCHASIMA, TH",14.967,102.083,188.0,2010-12-19,,24.5,29.9,18.1
TH000048431,"NAKHON RATCHASIMA, TH",14.967,102.083,188.0,2010-12-20,,24.9,30.6,19.7
TH000048431,"NAKHON RATCHASIMA, TH",14.967,102.083,188.0,2010-12-21,,26.9,32.1,20.2
TH000048431,"NAKHON RATCHASIMA, TH",14.967,102.083,188.0,2010-12-22,,26.7,31.6,22.5
TH000048431,"NAKHON RATCHASIMA, TH",14.967,102.083,188.0,2010-12-23,,26.4,31.3,22.4
TH000048431,"NAKHON RATCHASIMA, TH",14.967,102.083,188.0,2010-12-24,,27.7,32.3,
TH000048431,"NAKHON RATCHASIMA, TH",14.967,102.083,188.0,2010-12-25,,27.1,33.0,21.4
TH000048431,"NAKHON RATCHASIMA, TH",14.967,102.083,188.0,2010-12-26,,23.4,28.7,
TH000048431,"NAKHON RATCHASIMA, TH",14.967,102.083,188.0,2010-12-27,,20.9,26.8,16.0
TH000048431,"NAKHON RATCHASIMA, TH",14.967,102.083,188.0,2010-12-28,,22.4,28.4,16.0
TH000048431,"NAKHON RATCHASIMA, TH",14.967,102.083,188.0,2010-12-29,,22.2,29.0,16.5
TH000048431,"NAKHON RATCHASIMA, TH",14.967,102.083,188.0,2010-12-30,,22.5,28.9,15.4
TH000048431,"NAKHON RATCHASIMA, TH",14.967,102.083,188.0,2010-12-31,,22.0,28.2,17.0
TH000048431,"NAKHON RATCHASIMA, TH",14.967,102.083,188.0,2011-01-01,,21.9,28.3,14.6
TH000048431,"NAKHON RATCHASIMA, TH",14.967,102.083,188.0,2011-01-02,,23.6,29.6,17.0
TH000048431,"NAKHON RATCHASIMA, TH",14.967,102.083,188.0,2011-01-03,,24.2,30.1,17.5
TH000048431,"NAKHON RATCHASIMA, TH",14.967,102.083,188.0,2011-01-04,,24.4,29.8,18.6
TH000048431,"NAKHON RATCHASIMA, TH",14.967,102.083,188.0,2011-01-05,,24.4,29.8,18.8
TH000048431,"NAKHON RATCHASIMA, TH",14.967,102.083,188.0,2011-01-06,,25.1,30.6,20.4
TH000048431,"NAKHON RATCHASIMA, TH",14.967,102.083,188.0,2011-01-07,,23.1,27.9,
TH000048431,"NAKHON RATCHASIMA, TH",14.967,102.083,188.0,2011-01-08,,22.1,27.1,
TH000048431,"NAKHON RATCHASIMA, TH",14.967,102.083,188.0,2011-01-09,,23.2,28.7,17.4
TH000048431,"NAKHON RATCHASIMA, TH",14.967,102.083,188.0,2011-01-10,,21.7,26.7,17.0
TH000048431,"NAKHON RATCHASIMA, TH",14.967,102.083,188.0,2011-01-11,0.0,21.1,25.2,17.6
TH000048431,"NAKHON RATCHASIMA, TH",14.967,102.083,188.0,2011-01-12,0.0,21.1,25.3,
TH000048431,"NAKHON RATCHASIMA, TH",14.967,102.083,188.0,2011-01-13,,21.7,27.3,16.2
TH000048431,"NAKHON RATCHASIMA, TH",14.967,102.083,188.0,2011-01-14,,23.2,29.3,17.1
TH000048431,"NAKHON RATCHASIMA, TH",14.967,102.083,188.0,2011-01-15,,21.6,27.0,
TH000048431,"NAKHON RATCHASIMA, TH",14.967,102.083,188.0,2011-01-16,,19.4,24.3,14.8
TH000048431,"NAKHON RATCHASIMA, TH",14.967,102.083,188.0,2011-01-17,,19.4,24.9,14.6
TH000048431,"NAKHON RATCHASIMA, TH",14.967,102.083,188.0,2011-01-18,,21.4,28.0,15.5
TH000048431,"NAKHON RATCHASIMA, TH",14.967,102.083,188.0,2011-01-19,,22.2,29.3,15.8
TH000048431,"NAKHON RATCHASIMA, TH",14.967,102.083,188.0,2011-01-20,,22.9,30.0,16.8
TH000048431,"NAKHON RATCHASIMA, TH",14.967,102.083,188.0,2011-01-21,,23.2,29.5,16.5
TH000048431,"NAKHON RATCHASIMA, TH",14.967,102.083,188.0,2011-01-22,,22.8,28.2,18.1
TH000048431,"NAKHON RATCHASIMA, TH",14.967,102.083,188.0,2011-01-23,,24.9,30.5,19.6
TH000048431,"NAKHON RATCHASIMA, TH",14.967,102.083,188.0,2011-01-24,,24.3,29.5,19.9
TH000048431,"NAKHON RATCHASIMA, TH",14.967,102.083,188.0,2011-01-25,,23.4,29.5,18.3
TH000048431,"NAKHON RATCHASIMA, TH",14.967,102.083,188.0,2011-01-26,,24.1,29.2,17.8
TH000048431,"NAKHON RATCHASIMA, TH",14.967,102.083,188.0,2011-01-27,,24.9,29.7,20.4
TH000048431,"NAKHON RATCHASIMA, TH",14.967,102.083,188.0,2011-01-28,,24.7,30.5,
TH000048431,"NAKHON RATCHASIMA, TH",14.967,102.083,188.0,2011-01-29,,21.8,27.4,
TH000048431,"NAKHON RATCHASIMA, TH",14.967,102.083,188.0,2011-01-30,,20.7,26.4,15.3
TH000048431,"NAKHON RATCHASIMA, TH",14.967,102.083,188.0,2011-01-31,,21.2,26.2,15.4
TH000048431,"NAKHON RATCHASIMA, TH",14.967,102.083,188.0,2011-02-01,,22.7,28.1,17.1
TH000048431,"NAKHON RATCHASIMA, TH",14.967,102.083,188.0,2011-02-02,,22.9,28.2,17.8
TH000048431,"NAKHON RATCHASIMA, TH",14.967,102.083,188.0,2011-02-03,,23.7,29.6,
TH000048431,"NAKHON RATCHASIMA, TH",14.967,102.083,188.0,2011-02-04,,23.9,33.2,17.1
TH000048431,"NAKHON RATCHASIMA, TH",14.967,102.083,188.0,2011-02-05,,24.9,32.4,17.2
TH000048431,"NAKHON RATCHASIMA, TH",14.967,102.083,188.0,2011-02-06,,25.2,33.0,18.1
TH000048431,"NAKHON RATCHASIMA, TH",14.967,102.083,188.0,2011-02-07,,26.2,33.4,
TH000048431,"NAKHON RATCHASIMA, TH",14.967,102.083,188.0,2011-02-08,,26.7,34.3,
TH000048431,"NAKHON RATCHASIMA, TH",14.967,102.083,188.0,2011-02-09,,27.1,35.2,17.9
TH000048431,"NAKHON RATCHASIMA, TH",14.967,102.083,188.0,2011-02-10,,27.6,34.8,20.7
TH000048431,"NAKHON RATCHASIMA, TH",14.967,102.083,188.0,2011-02-11,,28.4,35.3,20.2
TH000048431,"NAKHON RATCHASIMA, TH",14.967,102.083,188.0,2011-02-12,,27.4,32.3,22.8
TH000048431,"NAKHON RATCHASIMA, TH",14.967,102.083,188.0,2011-02-13,,28.0,33.7,23.2
TH000048431,"NAKHON RATCHASIMA, TH",14.967,102.083,188.0,2011-02-14,,25.8,31.0,
TH000048431,"NAKHON RATCHASIMA, TH",14.967,102.083,188.0,2011-02-15,,25.1,30.9,19.6
TH000048431,"NAKHON RATCHASIMA, TH",14.967,102.083,188.0,2011-02-16,,27.6,33.5,21.7
TH000048431,"NAKHON RATCHASIMA, TH",14.967,102.083,188.0,2011-02-17,,29.9,36.0,23.1
TH000048431,"NAKHON RATCHASIMA, TH",14.967,102.083,188.0,2011-02-18,,29.2,35.0,
TH000048431,"NAKHON RATCHASIMA, TH",14.967,102.083,188.0,2011-02-19,,29.6,35.7,23.6
TH000048431,"NAKHON RATCHASIMA, TH",14.967,102.083,188.0,2011-02-20,,30.6,36.9,24.2
TH000048431,"NAKHON RATCHASIMA, TH",14.967,102.083,188.0,2011-02-21,6.4,25.3,28.7,
TH000048431,"NAKHON RATCHASIMA, TH",14.967,102.083,188.0,2011-02-22,,27.2,33.1,
TH000048431,"NAKHON RATCHASIMA, TH",14.967,102.083,188.0,2011-02-23,1.0,26.7,32.9,23.3
TH000048431,"NAKHON RATCHASIMA, TH",14.967,102.083,188.0,2011-02-24,0.0,27.8,32.9,22.8
TH000048431,"NAKHON RATCHASIMA, TH",14.967,102.083,188.0,2011-02-25,,28.1,34.7,23.6
TH000048431,"NAKHON RATCHASIMA, TH",14.967,102.083,188.0,2011-02-26,2.8,25.7,29.5,
TH000048431,"NAKHON RATCHASIMA, TH",14.967,102.083,188.0,2011-02-27,,28.0,33.2,23.3
TH000048431,"NAKHON RATCHASIMA, TH",14.967,102.083,188.0,2011-02-28,,29.1,34.9,23.7
TH000048431,"NAKHON RATCHASIMA, TH",14.967,102.083,188.0,2011-03-01,,30.2,35.7,23.6
TH000048431,"NAKHON RATCHASIMA, TH",14.967,102.083,188.0,2011-03-02,,27.8,32.3,23.9
TH000048431,"NAKHON RATCHASIMA, TH",14.967,102.083,188.0,2011-03-03,,28.8,33.5,24.9
TH000048431,"NAKHON RATCHASIMA, TH",14.967,102.083,188.0,2011-03-04,,26.7,31.3,22.7
TH000048431,"NAKHON RATCHASIMA, TH",14.967,102.083,188.0,2011-03-05,,28.7,34.6,23.7
TH000048431,"NAKHON RATCHASIMA, TH",14.967,102.083,188.0,2011-03-06,,30.4,37.0,23.8
TH000048431,"NAKHON RATCHASIMA, TH",14.967,102.083,188.0,2011-03-07,,31.1,37.7,25.0
TH000048431,"NAKHON RATCHASIMA, TH",14.967,102.083,188.0,2011-03-08,0.5,26.9,31.9,
TH000048431,"NAKHON RATCHASIMA, TH",14.967,102.083,188.0,2011-03-09,,27.9,33.6,22.3
TH000048431,"NAKHON RATCHASIMA, TH",14.967,102.083,188.0,2011-03-10,,27.3,32.2,23.3
TH000048431,"NAKHON RATCHASIMA, TH",14.967,102.083,188.0,2011-03-11,,27.3,33.2,21.9
TH000048431,"NAKHON RATCHASIMA, TH",14.967,102.083,188.0,2011-03-12,,29.4,34.3,23.4
TH000048431,"NAKHON RATCHASIMA, TH",14.967,102.083,188.0,2011-03-13,,29.6,35.0,23.3
TH000048431,"NAKHON RATCHASIMA, TH",14.967,102.083,188.0,2011-03-14,0.5,29.6,36.4,25.1
TH000048431,"NAKHON RATCHASIMA, TH",14.967,102.083,188.0,2011-03-15,4.1,27.2,32.7,
TH000048431,"NAKHON RATCHASIMA, TH",14.967,102.083,188.0,2011-03-16,0.0,20.6,23.7,
TH000048431,"NAKHON RATCHASIMA, TH",14.967,102.083,188.0,2011-03-17,0.0,18.3,21.3,
TH000048431,"NAKHON RATCHASIMA, TH",14.967,102.083,188.0,2011-03-18,,21.4,26.2,16.7
TH000048431,"NAKHON RATCHASIMA, TH",14.967,102.083,188.0,2011-03-19,,26.0,32.6,18.2
TH000048431,"NAKHON RATCHASIMA, TH",14.967,102.083,188.0,2011-03-20,,29.7,36.1,22.1
TH000048431,"NAKHON RATCHASIMA, TH",14.967,102.083,188.0,2011-03-21,,30.4,36.9,24.2
TH000048431,"NAKHON RATCHASIMA, TH",14.967,102.083,188.0,2011-03-22,,30.6,37.9,25.0
TH000048431,"NAKHON RATCHASIMA, TH",14.967,102.083,188.0,2011-03-23,1.3,25.9,30.8,23.3
TH000048431,"NAKHON RATCHASIMA, TH",14.967,102.083,188.0,2011-03-24,0.0,26.8,32.1,
TH000048431,"NAKHON RATCHASIMA, TH",14.967,102.083,188.0,2011-03-25,,25.7,30.7,20.4
TH000048431,"NAKHON RATCHASIMA, TH",14.967,102.083,188.0,2011-03-26,,24.5,28.7,20.4
TH000048431,"NAKHON RATCHASIMA, TH",14.967,102.083,188.0,2011-03-27,0.0,22.1,28.8,
TH000048431,"NAKHON RATCHASIMA, TH",14.967,102.083,188.0,2011-03-28,0.5,19.9,22.0,16.5
TH000048431,"NAKHON RATCHASIMA, TH",14.967,102.083,188.0,2011-03-29,1.0,18.3,22.1,15.2
TH000048431,"NAKHON RATCHASIMA, TH",14.967,102.083,188.0,2011-03-30,2.3,17.4,19.8,15.6
TH000048431,"NAKHON RATCHASIMA, TH",14.967,102.083,188.0,2011-03-31,0.0,23.9,29.3,16.8
TH000048431,"NAKHON RATCHASIMA, TH",14.967,102.083,188.0,2011-04-01,,28.0,33.7,22.1
TH000048431,"NAKHON RATCHASIMA, TH",14.967,102.083,188.0,2011-04-02,,30.3,35.7,23.8
TH000048431,"NAKHON RATCHASIMA, TH",14.967,102.083,188.0,2011-04-03,0.3,29.0,36.2,25.5
TH000048431,"NAKHON RATCHASIMA, TH",14.967,102.083,188.0,2011-04-04,0.0,28.4,35.7,24.7
TH000048431,"NAKHON RATCHASIMA, TH",14.967,102.083,188.0,2011-04-05,86.6,27.4,35.0,
TH000048431,"NAKHON RATCHASIMA, TH",14.967,102.083,188.0,2011-04-06,0.0,28.6,35.7,24.0
TH000048431,"NAKHON RATCHASIMA, TH",14.967,102.083,188.0,2011-04-07,0.0,29.1,34.7,24.8
TH000048431,"NAKHON RATCHASIMA, TH",14.967,102.083,188.0,2011-04-08,4.3,27.6,33.7,
TH000048431,"NAKHON RATCHASIMA, TH",14.967,102.083,188.0,2011-04-09,0.0,28.1,33.6,24.7
TH000048431,"NAKHON RATCHASIMA, TH",14.967,102.083,188.0,2011-04-10,,27.9,33.1,23.4
TH000048431,"NAKHON RATCHASIMA, TH",14.967,102.083,188.0,2011-04-11,,29.5,34.6,23.7
TH000048431,"NAKHON RATCHASIMA, TH",14.967,102.083,188.0,2011-04-12,,29.8,35.1,25.3
TH000048431,"NAKHON RATCHASIMA, TH",14.967,102.083,188.0,2011-04-13,,29.2,34.7,25.2
TH000048431,"NAKHON RATCHASIMA, TH",14.967,102.083,188.0,2011-04-14,0.0,27.6,33.7,24.3
TH000048431,"NAKHON RATCHASIMA, TH",14.967,102.083,188.0,2011-04-15,0.0,29.8,36.2,24.2
TH000048431,"NAKHON RATCHASIMA, TH",14.967,102.083,188.0,2011-04-16,,31.1,37.3,25.2
TH000048431,"NAKHON RATCHASIMA, TH",14.967,102.083,188.0,2011-04-17,,31.4,37.6,25.8
TH000048431,"NAKHON RATCHASIMA, TH",14.967,102.083,188.0,2011-04-18,,30.9,37.9,
TH000048431,"NAKHON RATCHASIMA, TH",14.967,102.083,188.0,2011-04-19,0.3,25.6,27.3,
TH000048431,"NAKHON RATCHASIMA, TH",14.967,102.083,188.0,2011-04-20,,29.2,33.4,24.5
TH000048431,"NAKHON RATCHASIMA, TH",14.967,102.083,188.0,2011-04-21,1.8,30.2,37.2,25.3
TH000048431,"NAKHON RATCHASIMA, TH",14.967,102.083,188.0,2011-04-22,0.3,29.0,34.1,25.8
TH000048431,"NAKHON RATCHASIMA, TH",14.967,102.083,188.0,2011-04-23,0.8,28.3,33.2,
TH000048431,"NAKHON RATCHASIMA, TH",14.967,102.083,188.0,2011-04-24,36.3,27.2,31.3,23.3
TH000048431,"NAKHON RATCHASIMA, TH",14.967,102.083,188.0,2011-04-25,0.0,28.9,33.5,24.4
TH000048431,"NAKHON RATCHASIMA, TH",14.967,102.083,188.0,2011-04-26,47.8,27.3,35.7,
TH000048431,"NAKHON RATCHASIMA, TH",14.967,102.083,188.0,2011-04-27,0.0,27.9,34.7,24.4
TH000048431,"NAKHON RATCHASIMA, TH",14.967,102.083,188.0,2011-04-28,17.0,28.6,34.8,
TH000048431,"NAKHON RATCHASIMA, TH",14.967,102.083,188.0,2011-04-29,0.0,28.3,32.6,24.2
TH000048431,"NAKHON RATCHASIMA, TH",14.967,102.083,188.0,2011-04-30,0.0,29.6,35.4,24.7
TH000048431,"NAKHON RATCHASIMA, TH",14.967,102.083,188.0,2011-05-01,1.8,27.2,33.5,24.7
TH000048431,"NAKHON RATCHASIMA, TH",14.967,102.083,188.0,2011-05-02,,30.1,35.7,24.6
TH000048431,"NAKHON RATCHASIMA, TH",14.967,102.083,188.0,2011-05-03,16.0,30.0,34.8,26.0
TH000048431,"NAKHON RATCHASIMA, TH",14.967,102.083,188.0,2011-05-04,2.8,29.8,36.2,25.8
TH000048431,"NAKHON RATCHASIMA, TH",14.967,102.083,188.0,2011-05-05,20.3,29.6,36.3,25.2
TH000048431,"NAKHON RATCHASIMA, TH",14.967,102.083,188.0,2011-05-06,1.5,29.2,35.2,24.7
TH000048431,"NAKHON RATCHASIMA, TH",14.967,102.083,188.0,2011-05-07,1.5,28.6,35.3,25.5
TH000048431,"NAKHON RATCHASIMA, TH",14.967,102.083,188.0,2011-05-08,0.8,27.9,34.3,25.4
TH000048431,"NAKHON RATCHASIMA, TH",14.967,102.083,188.0,2011-05-09,,29.4,33.5,25.3
TH000048431,"NAKHON RATCHASIMA, TH",14.967,102.083,188.0,2011-05-10,0.0,29.6,34.9,25.8
TH000048431,"NAKHON RATCHASIMA, TH",14.967,102.083,188.0,2011-05-11,0.0,29.8,34.7,25.7
TH000048431,"NAKHON RATCHASIMA, TH",14.967,102.083,188.0,2011-05-12,0.0,29.5,34.4,26.7
TH000048431,"NAKHON RATCHASIMA, TH",14.967,102.083,188.0,2011-05-13,0.3,27.8,31.4,
TH000048431,"NAKHON RATCHASIMA, TH",14.967,102.083,188.0,2011-05-14,15.2,26.7,31.1,
TH000048431,"NAKHON RATCHASIMA, TH",14.967,102.083,188.0,2011-05-15,0.0,28.3,33.9,24.0
TH000048431,"NAKHON RATCHASIMA, TH",14.967,102.083,188.0,2011-05-16,0.3,29.3,34.0,24.9
TH000048431,"NAKHON RATCHASIMA, TH",14.967,102.083,188.0,2011-05-17,0.0,28.0,32.7,25.3
TH000048431,"NAKHON RATCHASIMA, TH",14.967,102.083,188.0,2011-05-18,5.3,28.3,33.5,23.4
TH000048431,"NAKHON RATCHASIMA, TH",14.967,102.083,188.0,2011-05-19,0.0,28.9,34.0,25.2
TH000048431,"NAKHON RATCHASIMA, TH",14.967,102.083,188.0,2011-05-20,,30.1,34.9,24.5
TH000048431,"NAKHON RATCHASIMA, TH",14.967,102.083,188.0,2011-05-21,,30.7,35.9,26.5
TH000048431,"NAKHON RATCHASIMA, TH",14.967,102.083,188.0,2011-05-22,,31.1,35.8,21.1
TH000048431,"NAKHON RATCHASIMA, TH",14.967,102.083,188.0,2011-05-23,,31.4,37.1,26.7
TH000048431,"NAKHON RATCHASIMA, TH",14.967,102.083,188.0,2011-05-24,11.7,28.9,36.9,
TH000048431,"NAKHON RATCHASIMA, TH",14.967,102.083,188.0,2011-05-25,14.5,28.1,33.7,23.9
TH000048431,"NAKHON RATCHASIMA, TH",14.967,102.083,188.0,2011-05-26,1.8,27.9,32.4,24.5
TH000048431,"NAKHON RATCHASIMA, TH",14.967,102.083,188.0,2011-05-27,0.8,28.9,33.5,26.0
TH000048431,"NAKHON RATCHASIMA, TH",14.967,102.083,188.0,2011-05-28,0.5,28.2,33.9,25.5
TH000048431,"NAKHON RATCHASIMA, TH",14.967,102.083,188.0,2011-05-29,1.0,28.6,32.1,25.6
TH000048431,"NAKHON RATCHASIMA, TH",14.967,102.083,188.0,2011-05-30,5.8,27.8,34.0,25.6
TH000048431,"NAKHON RATCHASIMA, TH",14.967,102.083,188.0,2011-05-31,1.8,29.7,34.9,25.2
TH000048431,"NAKHON RATCHASIMA, TH",14.967,102.083,188.0,2011-06-01,35.8,28.6,34.1,25.2
TH000048431,"NAKHON RATCHASIMA, TH",14.967,102.083,188.0,2011-06-02,0.0,28.8,34.3,24.9
TH000048431,"NAKHON RATCHASIMA, TH",14.967,102.083,188.0,2011-06-03,5.6,28.1,34.5,
TH000048431,"NAKHON RATCHASIMA, TH",14.967,102.083,188.0,2011-06-04,21.3,27.6,32.4,25.2
TH000048431,"NAKHON RATCHASIMA, TH",14.967,102.083,188.0,2011-06-05,2.3,30.2,35.4,25.5
TH000048431,"NAKHON RATCHASIMA, TH",14.967,102.083,188.0,2011-06-06,1.8,28.2,33.0,26.3
TH000048431,"NAKHON RATCHASIMA, TH",14.967,102.083,188.0,2011-06-07,1.5,29.8,34.0,25.8
TH000048431,"NAKHON RATCHASIMA, TH",14.967,102.083,188.0,2011-06-08,0.0,30.6,35.2,25.8
TH000048431,"NAKHON RATCHASIMA, TH",14.967,102.083,188.0,2011-06-09,,30.4,34.8,
TH000048431,"NAKHON RATCHASIMA, TH",14.967,102.083,188.0,2011-06-10,0.8,29.9,35.2,
TH000048431,"NAKHON RATCHASIMA, TH",14.967,102.083,188.0,2011-06-11,,29.7,34.8,25.1
TH000048431,"NAKHON RATCHASIMA, TH",14.967,102.083,188.0,2011-06-12,,29.4,33.7,25.7
TH000048431,"NAKHON RATCHASIMA, TH",14.967,102.083,188.0,2011-06-13,,29.2,33.9,25.3
TH000048431,"NAKHON RATCHASIMA, TH",14.967,102.083,188.0,2011-06-14,0.0,28.8,33.8,25.3
TH000048431,"NAKHON RATCHASIMA, TH",14.967,102.083,188.0,2011-06-15,0.0,29.6,34.9,25.7
TH000048431,"NAKHON RATCHASIMA, TH",14.967,102.083,188.0,2011-06-16,,29.8,34.8,26.5
TH000048431,"NAKHON RATCHASIMA, TH",14.967,102.083,188.0,2011-06-17,,29.7,35.7,26.0
TH000048431,"NAKHON RATCHASIMA, TH",14.967,102.083,188.0,2011-06-18,0.3,29.3,34.0,25.6
TH000048431,"NAKHON RATCHASIMA, TH",14.967,102.083,188.0,2011-06-19,0.0,29.7,34.6,25.4
TH000048431,"NAKHON RATCHASIMA, TH",14.967,102.083,188.0,2011-06-20,10.2,28.0,33.9,
TH000048431,"NAKHON RATCHASIMA, TH",14.967,102.083,188.0,2011-06-21,0.0,28.9,34.3,24.3
TH000048431,"NAKHON RATCHASIMA, TH",14.967,102.083,188.0,2011-06-22,0.0,29.7,34.5,24.6
TH000048431,"NAKHON RATCHASIMA, TH",14.967,102.083,188.0,2011-06-23,0.0,30.1,34.6,24.4
TH000048431,"NAKHON RATCHASIMA, TH",14.967,102.083,188.0,2011-06-24,,29.9,33.4,26.9
TH000048431,"NAKHON RATCHASIMA, TH",14.967,102.083,188.0,2011-06-25,0.0,29.2,32.2,
TH000048431,"NAKHON RATCHASIMA, TH",14.967,102.083,188.0,2011-06-26,0.0,29.2,33.2,26.0
TH000048431,"NAKHON RATCHASIMA, TH",14.967,102.083,188.0,2011-06-27,1.8,27.0,30.3,25.2
TH000048431,"NAKHON RATCHASIMA, TH",14.967,102.083,188.0,2011-06-28,1.0,30.2,35.7,25.4
TH000048431,"NAKHON RATCHASIMA, TH",14.967,102.083,188.0,2011-06-29,0.0,29.5,33.9,26.5
TH000048431,"NAKHON RATCHASIMA, TH",14.967,102.083,188.0,2011-06-30,2.0,28.8,34.6,
TH000048431,"NAKHON RATCHASIMA, TH",14.967,102.083,188.0,2011-07-01,1.0,27.8,32.6,24.4
TH000048431,"NAKHON RATCHASIMA, TH",14.967,102.083,188.0,2011-07-02,0.3,28.5,34.6,24.4
TH000048431,"NAKHON RATCHASIMA, TH",14.967,102.083,188.0,2011-07-03,0.5,28.6,35.3,24.3
TH000048431,"NAKHON RATCHASIMA, TH",14.967,102.083,188.0,2011-07-04,0.0,28.1,34.4,24.2
TH000048431,"NAKHON RATCHASIMA, TH",14.967,102.083,188.0,2011-07-05,0.0,30.0,36.4,24.2
TH000048431,"NAKHON RATCHASIMA, TH",14.967,102.083,188.0,2011-07-06,,31.2,36.5,25.1
TH000048431,"NAKHON RATCHASIMA, TH",14.967,102.083,188.0,2011-07-07,,31.6,36.3,27.1
TH000048431,"NAKHON RATCHASIMA, TH",14.967,102.083,188.0,2011-07-08,,31.9,37.7,26.7
TH000048431,"NAKHON RATCHASIMA, TH",14.967,102.083,188.0,2011-07-09,47.5,29.1,35.9,
TH000048431,"NAKHON RATCHASIMA, TH",14.967,102.083,188.0,2011-07-10,0.0,30.3,36.2,25.9
TH000048431,"NAKHON RATCHASIMA, TH",14.967,102.083,188.0,2011-07-11,0.0,30.0,35.7,26.0
TH000048431,"NAKHON RATCHASIMA, TH",14.967,102.083,188.0,2011-07-12,10.9,27.5,33.3,25.9
TH000048431,"NAKHON RATCHASIMA, TH",14.967,102.083,188.0,2011-07-13,0.0,28.1,33.2,25.5
TH000048431,"NAKHON RATCHASIMA, TH",14.967,102.083,188.0,2011-07-14,18.8,26.9,34.1,
TH000048431,"NAKHON RATCHASIMA, TH",14.967,102.083,188.0,2011-07-15,3.3,27.3,31.3,24.4
TH000048431,"NAKHON RATCHASIMA, TH",14.967,102.083,188.0,2011-07-16,0.0,28.4,32.7,25.2
TH000048431,"NAKHON RATCHASIMA, TH",14.967,102.083,188.0,2011-07-17,0.0,29.2,33.7,25.3
TH000048431,"NAKHON RATCHASIMA, TH",14.967,102.083,188.0,2011-07-18,1.3,28.2,33.5,25.2
TH000048431,"NAKHON RATCHASIMA, TH",14.967,102.083,188.0,2011-07-19,1.0,28.5,34.2,25.6
TH000048431,"NAKHON RATCHASIMA, TH",14.967,102.083,188.0,2011-07-20,1.8,28.2,34.4,
TH000048431,"NAKHON RATCHASIMA, TH",14.967,102.083,188.0,2011-07-21,5.6,26.8,32.8,
TH000048431,"NAKHON RATCHASIMA, TH",14.967,102.083,188.0,2011-07-22,8.4,27.6,32.8,23.9
TH000048431,"NAKHON RATCHASIMA, TH",14.967,102.083,188.0,2011-07-23,39.9,27.5,33.0,24.1
TH000048431,"NAKHON RATCHASIMA, TH",14.967,102.083,188.0,2011-07-24,3.6,28.2,33.6,24.6
TH000048431,"NAKHON RATCHASIMA, TH",14.967,102.083,188.0,2011-07-25,4.1,26.4,29.3,
TH000048431,"NAKHON RATCHASIMA, TH",14.967,102.083,188.0,2011-07-26,0.5,27.7,32.9,
TH000048431,"NAKHON RATCHASIMA, TH",14.967,102.083,188.0,2011-07-27,,29.1,34.4,23.5
TH000048431,"NAKHON RATCHASIMA, TH",14.967,102.083,188.0,2011-07-28,116.3,27.6,34.9,
TH000048431,"NAKHON RATCHASIMA, TH",14.967,102.083,188.0,2011-07-29,24.9,28.4,32.6,24.0
TH000048431,"NAKHON RATCHASIMA, TH",14.967,102.083,188.0,2011-07-30,0.5,27.9,31.4,
TH000048431,"NAKHON RATCHASIMA, TH",14.967,102.083,188.0,2011-07-31,11.2,25.2,26.5,
TH000048431,"NAKHON RATCHASIMA, TH",14.967,102.083,188.0,2011-08-01,21.1,25.9,28.8,23.6
TH000048431,"NAKHON RATCHASIMA, TH",14.967,102.083,188.0,2011-08-02,3.8,27.1,31.1,24.6
TH000048431,"NAKHON RATCHASIMA, TH",14.967,102.083,188.0,2011-08-03,0.0,28.9,33.7,24.7
TH000048431,"NAKHON RATCHASIMA, TH",14.967,102.083,188.0,2011-08-04,0.0,29.9,34.5,25.3
TH000048431,"NAKHON RATCHASIMA, TH",14.967,102.083,188.0,2011-08-05,,29.8,34.0,26.2
TH000048431,"NAKHON RATCHASIMA, TH",14.967,102.083,188.0,2011-08-06,,29.8,34.5,26.2
TH000048431,"NAKHON RATCHASIMA, TH",14.967,102.083,188.0,2011-08-07,0.0,29.0,33.0,26.4
TH000048431,"NAKHON RATCHASIMA, TH",14.967,102.083,188.0,2011-08-08,0.0,29.4,34.4,
TH000048431,"NAKHON RATCHASIMA, TH",14.967,102.083,188.0,2011-08-09,20.6,26.9,32.3,
TH000048431,"NAKHON RATCHASIMA, TH",14.967,102.083,188.0,2011-08-10,0.5,27.1,30.4,23.2
TH000048431,"NAKHON RATCHASIMA, TH",14.967,102.083,188.0,2011-08-11,0.0,27.3,31.6,
TH000048431,"NAKHON RATCHASIMA, TH",14.967,102.083,188.0,2011-08-12,0.0,28.3,32.7,24.5
TH000048431,"NAKHON RATCHASIMA, TH",14.967,102.083,188.0,2011-08-13,,29.2,33.5,24.2
TH000048431,"NAKHON RATCHASIMA, TH",14.967,102.083,188.0,2011-08-14,7.9,27.8,33.2,
TH000048431,"NAKHON RATCHASIMA, TH",14.967,102.083,188.0,2011-08-15,2.5,26.1,30.1,23.5
TH000048431,"NAKHON RATCHASIMA, TH",14.967,102.083,188.0,2011-08-16,5.3,26.6,30.5,
TH000048431,"NAKHON RATCHASIMA, TH",14.967,102.083,188.0,2011-08-17,2.8,27.4,32.3,23.4
TH000048431,"NAKHON RATCHASIMA, TH",14.967,102.083,188.0,2011-08-18,0.0,28.4,33.8,24.4
TH000048431,"NAKHON RATCHASIMA, TH",14.967,102.083,188.0,2011-08-19,13.0,25.1,26.8,
TH000048431,"NAKHON RATCHASIMA, TH",14.967,102.083,188.0,2011-08-20,0.3,27.7,31.9,23.4
TH000048431,"NAKHON RATCHASIMA, TH",14.967,102.083,188.0,2011-08-21,0.0,29.1,33.7,25.4
TH000048431,"NAKHON RATCHASIMA, TH",14.967,102.083,188.0,2011-08-22,,29.4,34.6,25.5
TH000048431,"NAKHON RATCHASIMA, TH",14.967,102.083,188.0,2011-08-23,,29.9,34.4,25.2
TH000048431,"NAKHON RATCHASIMA, TH",14.967,102.083,188.0,2011-08-24,7.4,29.7,35.4,25.3
TH000048431,"NAKHON RATCHASIMA, TH",14.967,102.083,188.0,2011-08-25,3.8,26.9,30.9,24.4
TH000048431,"NAKHON RATCHASIMA, TH",14.967,102.083,188.0,2011-08-26,0.3,27.4,30.8,25.1
TH000048431,"NAKHON RATCHASIMA, TH",14.967,102.083,188.0,2011-08-27,10.4,25.4,29.9,
TH000048431,"NAKHON RATCHASIMA, TH",14.967,102.083,188.0,2011-08-28,10.7,26.1,29.6,23.5
TH000048431,"NAKHON RATCHASIMA, TH",14.967,102.083,188.0,2011-08-29,64.5,26.0,31.9,24.4
TH000048431,"NAKHON RATCHASIMA, TH",14.967,102.083,188.0,2011-08-30,0.8,27.4,30.7,24.4
TH000048431,"NAKHON RATCHASIMA, TH",14.967,102.083,188.0,2011-08-31,0.0,27.9,32.9,25.0
TH000048431,"NAKHON RATCHASIMA, TH",14.967,102.083,188.0,2011-09-01,0.3,28.1,33.1,
TH000048431,"NAKHON RATCHASIMA, TH",14.967,102.083,188.0,2011-09-02,,29.1,33.7,24.6
TH000048431,"NAKHON RATCHASIMA, TH",14.967,102.083,188.0,2011-09-03,2.0,28.4,34.0,25.4
TH000048431,"NAKHON RATCHASIMA, TH",14.967,102.083,188.0,2011-09-04,0.0,29.1,34.2,24.5
TH000048431,"NAKHON RATCHASIMA, TH",14.967,102.083,188.0,2011-09-05,0.0,28.3,33.2,
TH000048431,"NAKHON RATCHASIMA, TH",14.967,102.083,188.0,2011-09-06,0.3,28.4,33.5,24.7
TH000048431,"NAKHON RATCHASIMA, TH",14.967,102.083,188.0,2011-09-07,0.5,27.2,30.1,24.7
TH000048431,"NAKHON RATCHASIMA, TH",14.967,102.083,188.0,2011-09-08,2.3,27.6,32.4,
TH000048431,"NAKHON RATCHASIMA, TH",14.967,102.083,188.0,2011-09-09,16.8,26.8,31.5,24.0
TH000048431,"NAKHON RATCHASIMA, TH",14.967,102.083,188.0,2011-09-10,77.5,25.9,31.1,24.4
TH000048431,"NAKHON RATCHASIMA, TH",14.967,102.083,188.0,2011-09-11,22.9,25.9,30.0,24.2
TH000048431,"NAKHON RATCHASIMA, TH",14.967,102.083,188.0,2011-09-12,1.5,27.1,31.5,24.1
TH000048431,"NAKHON RATCHASIMA, TH",14.967,102.083,188.0,2011-09-13,11.7,27.1,32.7,24.4
TH000048431,"NAKHON RATCHASIMA, TH",14.967,102.083,188.0,2011-09-14,0.5,27.8,32.2,25.0
TH000048431,"NAKHON RATCHASIMA, TH",14.967,102.083,188.0,2011-09-15,1.5,27.1,30.3,
TH000048431,"NAKHON RATCHASIMA, TH",14.967,102.083,188.0,2011-09-16,0.3,28.6,32.6,24.4
TH000048431,"NAKHON RATCHASIMA, TH",14.967,102.083,188.0,2011-09-17,0.0,28.6,33.2,
TH000048431,"NAKHON RATCHASIMA, TH",14.967,102.083,188.0,2011-09-18,0.5,28.7,33.8,24.5
TH000048431,"NAKHON RATCHASIMA, TH",14.967,102.083,188.0,2011-09-19,1.5,28.8,33.5,25.3
TH000048431,"NAKHON RATCHASIMA, TH",14.967,102.083,188.0,2011-09-20,2.3,26.7,32.2,
TH000048431,"NAKHON RATCHASIMA, TH",14.967,102.083,188.0,2011-09-21,3.8,26.9,31.1,
TH000048431,"NAKHON RATCHASIMA, TH",14.967,102.083,188.0,2011-09-22,1.0,25.9,28.9,23.7
TH000048431,"NAKHON RATCHASIMA, TH",14.967,102.083,188.0,2011-09-23,0.0,26.7,30.5,23.6
TH000048431,"NAKHON RATCHASIMA, TH",14.967,102.083,188.0,2011-09-24,19.6,26.1,29.6,24.4
TH000048431,"NAKHON RATCHASIMA, TH",14.967,102.083,188.0,2011-09-25,0.0,27.9,32.4,24.0
TH000048431,"NAKHON RATCHASIMA, TH",14.967,102.083,188.0,2011-09-26,0.5,27.4,33.2,
TH000048431,"NAKHON RATCHASIMA, TH",14.967,102.083,188.0,2011-09-27,19.8,24.5,25.9,23.9
TH000048431,"NAKHON RATCHASIMA, TH",14.967,102.083,188.0,2011-09-28,0.0,27.7,32.6,23.9
TH000048431,"NAKHON RATCHASIMA, TH",14.967,102.083,188.0,2011-09-29,,28.3,32.6,24.1
TH000048431,"NAKHON RATCHASIMA, TH",14.967,102.083,188.0,2011-09-30,,29.0,33.8,24.7
TH000048431,"NAKHON RATCHASIMA, TH",14.967,102.083,188.0,2011-10-01,,29.0,34.1,25.0
TH000048431,"NAKHON RATCHASIMA, TH",14.967,102.083,188.0,2011-10-02,25.9,27.3,33.6,
TH000048431,"NAKHON RATCHASIMA, TH",14.967,102.083,188.0,2011-10-03,15.5,25.3,27.1,23.3
TH000048431,"NAKHON RATCHASIMA, TH",14.967,102.083,188.0,2011-10-04,0.8,26.4,29.8,23.7
TH000048431,"NAKHON RATCHASIMA, TH",14.967,102.083,188.0,2011-10-05,15.0,26.4,31.4,
TH000048431,"NAKHON RATCHASIMA, TH",14.967,102.083,188.0,2011-10-06,6.1,25.0,27.5,22.0
TH000048431,"NAKHON RATCHASIMA, TH",14.967,102.083,188.0,2011-10-07,0.0,25.9,28.3,23.7
TH000048431,"NAKHON RATCHASIMA, TH",14.967,102.083,188.0,2011-10-08,,27.6,31.5,24.7
TH000048431,"NAKHON RATCHASIMA, TH",14.967,102.083,188.0,2011-10-09,0.5,27.9,32.0,
TH000048431,"NAKHON RATCHASIMA, TH",14.967,102.083,188.0,2011-10-10,4.1,25.5,29.5,
TH000048431,"NAKHON RATCHASIMA, TH",14.967,102.083,188.0,2011-10-11,1.3,28.1,32.1,23.8
TH000048431,"NAKHON RATCHASIMA, TH",14.967,102.083,188.0,2011-10-12,18.0,27.7,32.4,
TH000048431,"NAKHON RATCHASIMA, TH",14.967,102.083,188.0,2011-10-13,21.8,26.1,32.0,
TH000048431,"NAKHON RATCHASIMA, TH",14.967,102.083,188.0,2011-10-14,8.9,26.9,31.6,24.3
TH000048431,"NAKHON RATCHASIMA, TH",14.967,102.083,188.0,2011-10-15,17.8,25.4,28.2,
TH000048431,"NAKHON RATCHASIMA, TH",14.967,102.083,188.0,2011-10-16,4.3,24.2,26.1,
TH000048431,"NAKHON RATCHASIMA, TH",14.967,102.083,188.0,2011-10-17,6.1,23.2,24.5,
TH000048431,"NAKHON RATCHASIMA, TH",14.967,102.083,188.0,2011-10-18,9.9,24.6,28.2,22.3
TH000048431,"NAKHON RATCHASIMA, TH",14.967,102.083,188.0,2011-10-19,,26.9,30.5,22.6
TH000048431,"NAKHON RATCHASIMA, TH",14.967,102.083,188.0,2011-10-20,,26.5,29.1,23.8
TH000048431,"NAKHON RATCHASIMA, TH",14.967,102.083,188.0,2011-10-21,,26.8,30.4,
TH000048431,"NAKHON RATCHASIMA, TH",14.967,102.083,188.0,2011-10-22,,26.9,30.9,
TH000048431,"NAKHON RATCHASIMA, TH",14.967,102.083,188.0,2011-10-23,,26.9,31.6,
TH000048431,"NAKHON RATCHASIMA, TH",14.967,102.083,188.0,2011-10-24,,27.9,32.1,22.4
TH000048431,"NAKHON RATCHASIMA, TH",14.967,102.083,188.0,2011-10-25,,27.5,31.2,
TH000048431,"NAKHON RATCHASIMA, TH",14.967,102.083,188.0,2011-10-26,,27.3,31.3,23.4
TH000048431,"NAKHON RATCHASIMA, TH",14.967,102.083,188.0,2011-10-27,,27.3,31.4,23.5
TH000048431,"NAKHON RATCHASIMA, TH",14.967,102.083,188.0,2011-10-28,0.8,26.8,30.6,24.1
TH000048431,"NAKHON RATCHASIMA, TH",14.967,102.083,188.0,2011-10-29,0.5,26.8,31.2,
TH000048431,"NAKHON RATCHASIMA, TH",14.967,102.083,188.0,2011-10-30,0.0,25.9,30.2,22.0
TH000048431,"NAKHON RATCHASIMA, TH",14.967,102.083,188.0,2011-10-31,,26.7,30.6,22.6
TH000048431,"NAKHON RATCHASIMA, TH",14.967,102.083,188.0,2011-11-01,,26.8,31.0,22.6
TH000048431,"NAKHON RATCHASIMA, TH",14.967,102.083,188.0,2011-11-02,,26.7,30.9,22.7
TH000048431,"NAKHON RATCHASIMA, TH",14.967,102.083,188.0,2011-11-03,,26.4,31.1,22.2
TH000048431,"NAKHON RATCHASIMA, TH",14.967,102.083,188.0,2011-11-04,,26.9,31.7,22.5
TH000048431,"NAKHON RATCHASIMA, TH",14.967,102.083,188.0,2011-11-05,,27.1,31.6,22.1
TH000048431,"NAKHON RATCHASIMA, TH",14.967,102.083,188.0,2011-11-06,0.3,28.1,32.2,22.4
TH000048431,"NAKHON RATCHASIMA, TH",14.967,102.083,188.0,2011-11-07,9.7,26.4,32.1,
TH000048431,"NAKHON RATCHASIMA, TH",14.967,102.083,188.0,2011-11-08,4.1,26.9,33.4,23.8
TH000048431,"NAKHON RATCHASIMA, TH",14.967,102.083,188.0,2011-11-09,0.3,26.1,30.2,
TH000048431,"NAKHON RATCHASIMA, TH",14.967,102.083,188.0,2011-11-10,,24.4,28.8,
TH000048431,"NAKHON RATCHASIMA, TH",14.967,102.083,188.0,2011-11-11,,24.3,29.3,20.0
TH000048431,"NAKHON RATCHASIMA, TH",14.967,102.083,188.0,2011-11-12,,24.9,30.4,19.5
TH000048431,"NAKHON RATCHASIMA, TH",14.967,102.083,188.0,2011-11-13,,25.6,30.9,21.1
TH000048431,"NAKHON RATCHASIMA, TH",14.967,102.083,188.0,2011-11-14,,25.6,30.6,21.0
TH000048431,"NAKHON RATCHASIMA, TH",14.967,102.083,188.0,2011-11-15,,26.2,31.3,21.2
TH000048431,"NAKHON RATCHASIMA, TH",14.967,102.083,188.0,2011-11-16,,26.8,31.5,21.7
TH000048431,"NAKHON RATCHASIMA, TH",14.967,102.083,188.0,2011-11-17,,26.7,32.0,21.7
TH000048431,"NAKHON RATCHASIMA, TH",14.967,102.083,188.0,2011-11-18,,27.0,33.1,21.4
TH000048431,"NAKHON RATCHASIMA, TH",14.967,102.083,188.0,2011-11-19,,28.1,33.5,21.3
TH000048431,"NAKHON RATCHASIMA, TH",14.967,102.083,188.0,2011-11-20,,26.2,30.8,21.2
TH000048431,"NAKHON RATCHASIMA, TH",14.967,102.083,188.0,2011-11-21,,27.1,31.6,22.1
TH000048431,"NAKHON RATCHASIMA, TH",14.967,102.083,188.0,2011-11-22,,27.5,32.0,23.7
TH000048431,"NAKHON RATCHASIMA, TH",14.967,102.083,188.0,2011-11-23,,26.6,31.4,
TH000048431,"NAKHON RATCHASIMA, TH",14.967,102.083,188.0,2011-11-24,,24.9,28.9,21.5
TH000048431,"NAKHON RATCHASIMA, TH",14.967,102.083,188.0,2011-11-25,,25.1,30.1,21.0
TH000048431,"NAKHON RATCHASIMA, TH",14.967,102.083,188.0,2011-11-26,,26.5,31.0,21.3
TH000048431,"NAKHON RATCHASIMA, TH",14.967,102.083,188.0,2011-11-27,,26.6,31.7,22.0
TH000048431,"NAKHON RATCHASIMA, TH",14.967,102.083,188.0,2011-11-28,,26.5,32.6,21.7
TH000048431,"NAKHON RATCHASIMA, TH",14.967,102.083,188.0,2011-11-29,,26.8,33.1,21.1
TH000048431,"NAKHON RATCHASIMA, TH",14.967,102.083,188.0,2011-11-30,,25.9,32.2,20.8
TH000048431,"NAKHON RATCHASIMA, TH",14.967,102.083,188.0,2011-12-01,,25.9,31.8,20.1
TH000048431,"NAKHON RATCHASIMA, TH",14.967,102.083,188.0,2011-12-02,,24.1,28.8,
TH000048431,"NAKHON RATCHASIMA, TH",14.967,102.083,188.0,2011-12-03,,22.3,27.1,18.0
TH000048431,"NAKHON RATCHASIMA, TH",14.967,102.083,188.0,2011-12-04,,23.2,28.2,17.8
TH000048431,"NAKHON RATCHASIMA, TH",14.967,102.083,188.0,2011-12-05,,23.1,29.4,
TH000048431,"NAKHON RATCHASIMA, TH",14.967,102.083,188.0,2011-12-06,,25.1,30.8,18.2
TH000048431,"NAKHON RATCHASIMA, TH",14.967,102.083,188.0,2011-12-07,0.0,24.4,28.2,21.6
TH000048431,"NAKHON RATCHASIMA, TH",14.967,102.083,188.0,2011-12-08,0.0,26.1,31.1,22.2
TH000048431,"NAKHON RATCHASIMA, TH",14.967,102.083,188.0,2011-12-09,,23.8,29.0,
TH000048431,"NAKHON RATCHASIMA, TH",14.967,102.083,188.0,2011-12-10,,21.4,27.6,
TH000048431,"NAKHON RATCHASIMA, TH",14.967,102.083,188.0,2011-12-11,,19.7,24.5,15.1
TH000048431,"NAKHON RATCHASIMA, TH",14.967,102.083,188.0,2011-12-12,,19.5,25.0,13.5
TH000048431,"NAKHON RATCHASIMA, TH",14.967,102.083,188.0,2011-12-13,,20.7,26.7,14.5
TH000048431,"NAKHON RATCHASIMA, TH",14.967,102.083,188.0,2011-12-14,,23.8,28.7,16.6
TH000048431,"NAKHON RATCHASIMA, TH",14.967,102.083,188.0,2011-12-15,,25.9,30.3,21.3
TH000048431,"NAKHON RATCHASIMA, TH",14.967,102.083,188.0,2011-12-16,,23.5,28.4,
TH000048431,"NAKHON RATCHASIMA, TH",14.967,102.083,188.0,2011-12-17,,22.7,27.3,18.2
TH000048431,"NAKHON RATCHASIMA, TH",14.967,102.083,188.0,2011-12-18,,23.1,28.2,18.0
TH000048431,"NAKHON RATCHASIMA, TH",14.967,102.083,188.0,2011-12-19,,22.3,28.3,
TH000048431,"NAKHON RATCHASIMA, TH",14.967,102.083,188.0,2011-12-20,,22.8,28.3,17.1
TH000048431,"NAKHON RATCHASIMA, TH",14.967,102.083,188.0,2011-12-21,,24.6,29.3,19.0
TH000048431,"NAKHON RATCHASIMA, TH",14.967,102.083,188.0,2011-12-22,,24.8,29.2,20.2
TH000048431,"NAKHON RATCHASIMA, TH",14.967,102.083,188.0,2011-12-23,,24.5,28.9,19.9
TH000048431,"NAKHON RATCHASIMA, TH",14.967,102.083,188.0,2011-12-24,,21.3,26.6,
TH000048431,"NAKHON RATCHASIMA, TH",14.967,102.083,188.0,2011-12-25,,19.2,24.4,14.8
TH000048431,"NAKHON RATCHASIMA, TH",14.967,102.083,188.0,2011-12-26,,19.2,24.8,14.5
TH000048431,"NAKHON RATCHASIMA, TH",14.967,102.083,188.0,2011-12-27,,21.7,27.3,15.4
TH000048431,"NAKHON RATCHASIMA, TH",14.967,102.083,188.0,2011-12-28,,24.4,30.4,18.1
TH000048431,"NAKHON RATCHASIMA, TH",14.967,102.083,188.0,2011-12-29,,24.1,30.2,19.3
TH000048431,"NAKHON RATCHASIMA, TH",14.967,102.083,188.0,2011-12-30,,24.4,29.6,19.5
TH000048431,"NAKHON RATCHASIMA, TH",14.967,102.083,188.0,2011-12-31,,24.5,30.1,19.3
TH000048431,"NAKHON RATCHASIMA, TH",14.967,102.083,188.0,2012-01-01,,25.0,30.0,19.6
TH000048431,"NAKHON RATCHASIMA, TH",14.967,102.083,188.0,2012-01-02,,24.9,29.8,21.3
TH000048431,"NAKHON RATCHASIMA, TH",14.967,102.083,188.0,2012-01-03,0.0,26.9,31.1,22.5
TH000048431,"NAKHON RATCHASIMA, TH",14.967,102.083,188.0,2012-01-04,0.0,26.4,31.2,
TH000048431,"NAKHON RATCHASIMA, TH",14.967,102.083,188.0,2012-01-05,0.0,24.6,29.5,20.8
TH000048431,"NAKHON RATCHASIMA, TH",14.967,102.083,188.0,2012-01-06,,24.7,30.2,20.2
TH000048431,"NAKHON RATCHASIMA, TH",14.967,102.083,188.0,2012-01-07,,23.8,29.7,
TH000048431,"NAKHON RATCHASIMA, TH",14.967,102.083,188.0,2012-01-08,,23.0,29.6,17.7
TH000048431,"NAKHON RATCHASIMA, TH",14.967,102.083,188.0,2012-01-09,,23.0,29.2,17.3
TH000048431,"NAKHON RATCHASIMA, TH",14.967,102.083,188.0,2012-01-10,,23.6,28.5,18.0
TH000048431,"NAKHON RATCHASIMA, TH",14.967,102.083,188.0,2012-01-11,,23.4,28.5,20.5
TH000048431,"NAKHON RATCHASIMA, TH",14.967,102.083,188.0,2012-01-12,0.0,22.7,25.5,20.0
TH000048431,"NAKHON RATCHASIMA, TH",14.967,102.083,188.0,2012-01-13,0.0,23.6,27.1,20.4
TH000048431,"NAKHON RATCHASIMA, TH",14.967,102.083,188.0,2012-01-14,0.0,26.5,31.6,19.6
TH000048431,"NAKHON RATCHASIMA, TH",14.967,102.083,188.0,2012-01-15,19.1,26.7,33.6,
TH000048431,"NAKHON RATCHASIMA, TH",14.967,102.083,188.0,2012-01-16,,27.1,32.2,22.7
TH000048431,"NAKHON RATCHASIMA, TH",14.967,102.083,188.0,2012-01-17,,28.0,33.0,23.2
TH000048431,"NAKHON RATCHASIMA, TH",14.967,102.083,188.0,2012-01-18,0.8,27.7,33.6,23.6
TH000048431,"NAKHON RATCHASIMA, TH",14.967,102.083,188.0,2012-01-19,16.5,27.6,33.1,
TH000048431,"NAKHON RATCHASIMA, TH",14.967,102.083,188.0,2012-01-20,9.7,26.0,31.7,
TH000048431,"NAKHON RATCHASIMA, TH",14.967,102.083,188.0,2012-01-21,3.8,26.1,31.7,22.7
TH000048431,"NAKHON RATCHASIMA, TH",14.967,102.083,188.0,2012-01-22,0.0,26.9,32.4,23.0
TH000048431,"NAKHON RATCHASIMA, TH",14.967,102.083,188.0,2012-01-23,0.0,27.4,32.6,22.8
TH000048431,"NAKHON RATCHASIMA, TH",14.967,102.083,188.0,2012-01-24,,26.9,31.7,22.2
TH000048431,"NAKHON RATCHASIMA, TH",14.967,102.083,188.0,2012-01-25,,26.2,30.7,22.7
TH000048431,"NAKHON RATCHASIMA, TH",14.967,102.083,188.0,2012-01-26,,24.6,29.7,20.8
TH000048431,"NAKHON RATCHASIMA, TH",14.967,102.083,188.0,2012-01-27,,26.6,31.5,21.2
TH000048431,"NAKHON RATCHASIMA, TH",14.967,102.083,188.0,2012-01-28,,27.3,31.7,
TH000048431,"NAKHON RATCHASIMA, TH",14.967,102.083,188.0,2012-01-29,,28.0,32.8,22.3
TH000048431,"NAKHON RATCHASIMA, TH",14.967,102.083,188.0,2012-01-30,0.0,24.8,27.2,
TH000048431,"NAKHON RATCHASIMA, TH",14.967,102.083,188.0,2012-01-31,0.0,23.6,28.0,
TH000048431,"NAKHON RATCHASIMA, TH",14.967,102.083,188.0,2012-02-01,,25.4,30.7,19.7
TH000048431,"NAKHON RATCHASIMA, TH",14.967,102.083,188.0,2012-02-02,,27.3,32.3,21.7
TH000048431,"NAKHON RATCHASIMA, TH",14.967,102.083,188.0,2012-02-03,,27.2,32.0,21.7
TH000048431,"NAKHON RATCHASIMA, TH",14.967,102.083,188.0,2012-02-04,,26.1,30.6,23.1
TH000048431,"NAKHON RATCHASIMA, TH",14.967,102.083,188.0,2012-02-05,,27.9,,22.3
TH000048431,"NAKHON RATCHASIMA, TH",14.967,102.083,188.0,2012-02-06,,29.0,35.6,23.1
TH000048431,"NAKHON RATCHASIMA, TH",14.967,102.083,188.0,2012-02-07,,28.8,36.7,21.8
TH000048431,"NAKHON RATCHASIMA, TH",14.967,102.083,188.0,2012-02-08,,29.3,35.7,21.7
TH000048431,"NAKHON RATCHASIMA, TH",14.967,102.083,188.0,2012-02-09,,28.5,33.9,24.0
TH000048431,"NAKHON RATCHASIMA, TH",14.967,102.083,188.0,2012-02-10,,28.5,34.2,23.8
TH000048431,"NAKHON RATCHASIMA, TH",14.967,102.083,188.0,2012-02-11,,27.8,33.2,22.8
TH000048431,"NAKHON RATCHASIMA, TH",14.967,102.083,188.0,2012-02-12,,26.1,32.0,21.2
TH000048431,"NAKHON RATCHASIMA, TH",14.967,102.083,188.0,2012-02-13,,27.0,33.2,20.8
TH000048431,"NAKHON RATCHASIMA, TH",14.967,102.083,188.0,2012-02-14,,27.7,34.2,21.7
TH000048431,"NAKHON RATCHASIMA, TH",14.967,102.083,188.0,2012-02-15,,28.3,34.8,21.7
TH000048431,"NAKHON RATCHASIMA, TH",14.967,102.083,188.0,2012-02-16,,29.0,36.1,22.5
TH000048431,"NAKHON RATCHASIMA, TH",14.967,102.083,188.0,2012-02-17,,27.4,32.3,22.4
TH000048431,"NAKHON RATCHASIMA, TH",14.967,102.083,188.0,2012-02-18,,24.9,29.7,
TH000048431,"NAKHON RATCHASIMA, TH",14.967,102.083,188.0,2012-02-19,,23.0,27.8,
TH000048431,"NAKHON RATCHASIMA, TH",14.967,102.083,188.0,2012-02-20,,22.8,28.7,16.8
TH000048431,"NAKHON RATCHASIMA, TH",14.967,102.083,188.0,2012-02-21,,25.6,33.6,18.0
TH000048431,"NAKHON RATCHASIMA, TH",14.967,102.083,188.0,2012-02-22,,28.1,35.6,19.6
TH000048431,"NAKHON RATCHASIMA, TH",14.967,102.083,188.0,2012-02-23,,30.3,36.7,22.5
TH000048431,"NAKHON RATCHASIMA, TH",14.967,102.083,188.0,2012-02-24,,30.6,37.0,24.5
TH000048431,"NAKHON RATCHASIMA, TH",14.967,102.083,188.0,2012-02-25,,31.1,37.8,25.0
TH000048431,"NAKHON RATCHASIMA, TH",14.967,102.083,188.0,2012-02-26,,31.5,37.7,25.2
TH000048431,"NAKHON RATCHASIMA, TH",14.967,102.083,188.0,2012-02-27,0.0,29.6,35.4,
TH000048431,"NAKHON RATCHASIMA, TH",14.967,102.083,188.0,2012-02-28,0.0,30.1,35.6,24.7
TH000048431,"NAKHON RATCHASIMA, TH",14.967,102.083,188.0,2012-02-29,,29.6,35.6,23.8
TH000048431,"NAKHON RATCHASIMA, TH",14.967,102.083,188.0,2012-03-01,,30.6,36.6,25.1
TH000048431,"NAKHON RATCHASIMA, TH",14.967,102.083,188.0,2012-03-02,,29.7,36.8,25.2
TH000048431,"NAKHON RATCHASIMA, TH",14.967,102.083,188.0,2012-03-03,,30.4,37.0,24.8
TH000048431,"NAKHON RATCHASIMA, TH",14.967,102.083,188.0,2012-03-04,3.0,28.5,36.3,24.6
TH000048431,"NAKHON RATCHASIMA, TH",14.967,102.083,188.0,2012-03-05,,30.5,37.0,23.7
TH000048431,"NAKHON RATCHASIMA, TH",14.967,102.083,188.0,2012-03-06,,30.4,36.1,25.1
TH000048431,"NAKHON RATCHASIMA, TH",14.967,102.083,188.0,2012-03-07,,30.6,36.3,24.4
TH000048431,"NAKHON RATCHASIMA, TH",14.967,102.083,188.0,2012-03-08,3.8,28.9,35.6,
TH000048431,"NAKHON RATCHASIMA, TH",14.967,102.083,188.0,2012-03-09,5.1,30.0,35.2,25.4
TH000048431,"NAKHON RATCHASIMA, TH",14.967,102.083,188.0,2012-03-10,69.3,26.9,34.9,
TH000048431,"NAKHON RATCHASIMA, TH",14.967,102.083,188.0,2012-03-11,0.0,27.4,32.0,22.8
TH000048431,"NAKHON RATCHASIMA, TH",14.967,102.083,188.0,2012-03-12,0.0,27.0,31.7,23.2
TH000048431,"NAKHON RATCHASIMA, TH",14.967,102.083,188.0,2012-03-13,,28.6,33.2,23.5
TH000048431,"NAKHON RATCHASIMA, TH",14.967,102.083,188.0,2012-03-14,,29.1,34.7,24.3
TH000048431,"NAKHON RATCHASIMA, TH",14.967,102.083,188.0,2012-03-15,,29.1,34.2,25.4
TH000048431,"NAKHON RATCHASIMA, TH",14.967,102.083,188.0,2012-03-16,,28.7,34.1,24.7
TH000048431,"NAKHON RATCHASIMA, TH",14.967,102.083,188.0,2012-03-17,,28.5,35.2,24.2
TH000048431,"NAKHON RATCHASIMA, TH",14.967,102.083,188.0,2012-03-18,0.0,28.3,33.8,23.8
TH000048431,"NAKHON RATCHASIMA, TH",14.967,102.083,188.0,2012-03-19,0.0,28.7,34.5,24.1
TH000048431,"NAKHON RATCHASIMA, TH",14.967,102.083,188.0,2012-03-20,0.0,29.7,35.5,23.4
TH000048431,"NAKHON RATCHASIMA, TH",14.967,102.083,188.0,2012-03-21,,29.3,35.7,23.2
TH000048431,"NAKHON RATCHASIMA, TH",14.967,102.083,188.0,2012-03-22,,29.8,36.3,23.1
TH000048431,"NAKHON RATCHASIMA, TH",14.967,102.083,188.0,2012-03-23,,30.2,36.0,24.1
TH000048431,"NAKHON RATCHASIMA, TH",14.967,102.083,188.0,2012-03-24,0.0,25.2,28.6,
TH000048431,"NAKHON RATCHASIMA, TH",14.967,102.083,188.0,2012-03-25,0.0,26.8,31.5,21.5
TH000048431,"NAKHON RATCHASIMA, TH",14.967,102.083,188.0,2012-03-26,,27.3,33.1,22.6
TH000048431,"NAKHON RATCHASIMA, TH",14.967,102.083,188.0,2012-03-27,,27.1,33.2,22.4
TH000048431,"NAKHON RATCHASIMA, TH",14.967,102.083,188.0,2012-03-28,,28.2,34.1,23.9
TH000048431,"NAKHON RATCHASIMA, TH",14.967,102.083,188.0,2012-03-29,,29.9,36.3,23.9
TH000048431,"NAKHON RATCHASIMA, TH",14.967,102.083,188.0,2012-03-30,,30.5,36.4,24.5
TH000048431,"NAKHON RATCHASIMA, TH",14.967,102.083,188.0,2012-03-31,,28.1,32.2,
TH000048431,"NAKHON RATCHASIMA, TH",14.967,102.083,188.0,2012-04-01,,25.7,29.7,21.9
TH000048431,"NAKHON RATCHASIMA, TH",14.967,102.083,188.0,2012-04-02,,28.0,34.0,21.5
TH000048431,"NAKHON RATCHASIMA, TH",14.967,102.083,188.0,2012-04-03,,29.4,36.0,24.5
TH000048431,"NAKHON RATCHASIMA, TH",14.967,102.083,188.0,2012-04-04,2.5,28.7,34.3,25.3
TH000048431,"NAKHON RATCHASIMA, TH",14.967,102.083,188.0,2012-04-05,3.0,26.4,35.1,
TH000048431,"NAKHON RATCHASIMA, TH",14.967,102.083,188.0,2012-04-06,0.0,27.0,32.4,23.1
TH000048431,"NAKHON RATCHASIMA, TH",14.967,102.083,188.0,2012-04-07,60.2,25.3,33.7,
TH000048431,"NAKHON RATCHASIMA, TH",14.967,102.083,188.0,2012-04-08,0.8,26.6,30.9,22.1
TH000048431,"NAKHON RATCHASIMA, TH",14.967,102.083,188.0,2012-04-09,0.0,28.1,33.7,23.6
TH000048431,"NAKHON RATCHASIMA, TH",14.967,102.083,188.0,2012-04-10,0.0,27.9,34.5,23.9
TH000048431,"NAKHON RATCHASIMA, TH",14.967,102.083,188.0,2012-04-11,0.0,28.8,35.1,23.7
TH000048431,"NAKHON RATCHASIMA, TH",14.967,102.083,188.0,2012-04-12,,30.2,36.0,24.3
TH000048431,"NAKHON RATCHASIMA, TH",14.967,102.083,188.0,2012-04-13,,29.4,35.2,25.5
TH000048431,"NAKHON RATCHASIMA, TH",14.967,102.083,188.0,2012-04-14,0.0,30.4,36.1,25.5
TH000048431,"NAKHON RATCHASIMA, TH",14.967,102.083,188.0,2012-04-15,38.9,28.3,36.0,
TH000048431,"NAKHON RATCHASIMA, TH",14.967,102.083,188.0,2012-04-16,0.0,30.1,36.3,25.1
TH000048431,"NAKHON RATCHASIMA, TH",14.967,102.083,188.0,2012-04-17,0.0,30.9,36.9,26.0
TH000048431,"NAKHON RATCHASIMA, TH",14.967,102.083,188.0,2012-04-18,0.0,30.2,36.2,25.8
TH000048431,"NAKHON RATCHASIMA, TH",14.967,102.083,188.0,2012-04-19,,31.9,37.8,25.9
TH000048431,"NAKHON RATCHASIMA, TH",14.967,102.083,188.0,2012-04-20,,32.2,38.2,26.6
TH000048431,"NAKHON RATCHASIMA, TH",14.967,102.083,188.0,2012-04-21,,31.7,37.8,26.4
TH000048431,"NAKHON RATCHASIMA, TH",14.967,102.083,188.0,2012-04-22,21.8,30.2,36.6,25.3
TH000048431,"NAKHON RATCHASIMA, TH",14.967,102.083,188.0,2012-04-23,0.3,30.4,36.4,25.7
TH000048431,"NAKHON RATCHASIMA, TH",14.967,102.083,188.0,2012-04-24,,31.8,37.5,25.8
TH000048431,"NAKHON RATCHASIMA, TH",14.967,102.083,188.0,2012-04-25,,32.9,38.2,26.4
TH000048431,"NAKHON RATCHASIMA, TH",14.967,102.083,188.0,2012-04-26,,32.4,39.2,27.8
TH000048431,"NAKHON RATCHASIMA, TH",14.967,102.083,188.0,2012-04-27,3.3,28.5,36.7,
TH000048431,"NAKHON RATCHASIMA, TH",14.967,102.083,188.0,2012-04-28,0.0,29.4,35.5,23.7
TH000048431,"NAKHON RATCHASIMA, TH",14.967,102.083,188.0,2012-04-29,1.3,29.2,37.0,25.6
TH000048431,"NAKHON RATCHASIMA, TH",14.967,102.083,188.0,2012-04-30,0.5,30.6,36.9,25.6
TH000048431,"NAKHON RATCHASIMA, TH",14.967,102.083,188.0,2012-05-01,0.0,31.0,37.1,26.7
TH000048431,"NAKHON RATCHASIMA, TH",14.967,102.083,188.0,2012-05-02,1.8,29.1,37.8,
TH000048431,"NAKHON RATCHASIMA, TH",14.967,102.083,188.0,2012-05-03,0.3,29.2,37.0,26.0
TH000048431,"NAKHON RATCHASIMA, TH",14.967,102.083,188.0,2012-05-04,11.7,29.0,36.9,25.2
TH000048431,"NAKHON RATCHASIMA, TH",14.967,102.083,188.0,2012-05-05,0.0,28.5,33.6,25.3
TH000048431,"NAKHON RATCHASIMA, TH",14.967,102.083,188.0,2012-05-06,11.2,26.4,32.3,
TH000048431,"NAKHON RATCHASIMA, TH",14.967,102.083,188.0,2012-05-07,1.0,27.6,32.8,
TH000048431,"NAKHON RATCHASIMA, TH",14.967,102.083,188.0,2012-05-08,10.4,26.7,33.6,24.4
TH000048431,"NAKHON RATCHASIMA, TH",14.967,102.083,188.0,2012-05-09,0.0,28.2,33.7,24.8
TH000048431,"NAKHON RATCHASIMA, TH",14.967,102.083,188.0,2012-05-10,0.0,29.6,35.5,25.6
TH000048431,"NAKHON RATCHASIMA, TH",14.967,102.083,188.0,2012-05-11,0.0,30.4,36.3,25.7
TH000048431,"NAKHON RATCHASIMA, TH",14.967,102.083,188.0,2012-05-12,0.0,30.1,36.5,26.1
TH000048431,"NAKHON RATCHASIMA, TH",14.967,102.083,188.0,2012-05-13,,31.3,36.1,26.1
TH000048431,"NAKHON RATCHASIMA, TH",14.967,102.083,188.0,2012-05-14,,31.9,36.7,26.7
TH000048431,"NAKHON RATCHASIMA, TH",14.967,102.083,188.0,2012-05-15,2.3,29.4,36.5,
TH000048431,"NAKHON RATCHASIMA, TH",14.967,102.083,188.0,2012-05-16,3.0,26.8,33.8,24.4
TH000048431,"NAKHON RATCHASIMA, TH",14.967,102.083,188.0,2012-05-17,0.0,28.9,34.0,24.3
TH000048431,"NAKHON RATCHASIMA, TH",14.967,102.083,188.0,2012-05-18,5.1,28.1,32.6,
TH000048431,"NAKHON RATCHASIMA, TH",14.967,102.083,188.0,2012-05-19,4.8,27.3,31.0,
TH000048431,"NAKHON RATCHASIMA, TH",14.967,102.083,188.0,2012-05-20,0.5,29.5,34.4,24.6
TH000048431,"NAKHON RATCHASIMA, TH",14.967,102.083,188.0,2012-05-21,0.0,30.5,35.4,24.7
TH000048431,"NAKHON RATCHASIMA, TH",14.967,102.083,188.0,2012-05-22,0.0,30.8,36.0,26.2
TH000048431,"NAKHON RATCHASIMA, TH",14.967,102.083,188.0,2012-05-23,,30.8,36.3,26.7
TH000048431,"NAKHON RATCHASIMA, TH",14.967,102.083,188.0,2012-05-24,4.3,29.2,35.6,
TH000048431,"NAKHON RATCHASIMA, TH",14.967,102.083,188.0,2012-05-25,1.8,28.6,34.4,25.0
TH000048431,"NAKHON RATCHASIMA, TH",14.967,102.083,188.0,2012-05-26,0.3,29.1,34.9,25.7
TH000048431,"NAKHON RATCHASIMA, TH",14.967,102.083,188.0,2012-05-27,2.3,28.7,33.4,25.5
TH000048431,"NAKHON RATCHASIMA, TH",14.967,102.083,188.0,2012-05-28,35.1,27.9,33.6,
TH000048431,"NAKHON RATCHASIMA, TH",14.967,102.083,188.0,2012-05-29,0.0,29.4,34.8,24.6
TH000048431,"NAKHON RATCHASIMA, TH",14.967,102.083,188.0,2012-05-30,6.1,28.7,35.4,25.3
TH000048431,"NAKHON RATCHASIMA, TH",14.967,102.083,188.0,2012-05-31,3.0,29.1,35.4,25.8
TH000048431,"NAKHON RATCHASIMA, TH",14.967,102.083,188.0,2012-06-01,35.6,27.2,33.7,
TH000048431,"NAKHON RATCHASIMA, TH",14.967,102.083,188.0,2012-06-02,0.8,28.9,33.8,24.1
TH000048431,"NAKHON RATCHASIMA, TH",14.967,102.083,188.0,2012-06-03,5.3,27.8,34.3,
TH000048431,"NAKHON RATCHASIMA, TH",14.967,102.083,188.0,2012-06-04,0.3,28.3,33.6,24.9
TH000048431,"NAKHON RATCHASIMA, TH",14.967,102.083,188.0,2012-06-05,0.0,29.0,33.1,25.0
TH000048431,"NAKHON RATCHASIMA, TH",14.967,102.083,188.0,2012-06-06,48.3,28.2,34.0,
TH000048431,"NAKHON RATCHASIMA, TH",14.967,102.083,188.0,2012-06-07,4.8,27.8,32.9,25.3
TH000048431,"NAKHON RATCHASIMA, TH",14.967,102.083,188.0,2012-06-08,1.8,28.1,33.8,25.3
TH000048431,"NAKHON RATCHASIMA, TH",14.967,102.083,188.0,2012-06-09,,29.1,34.0,
TH000048431,"NAKHON RATCHASIMA, TH",14.967,102.083,188.0,2012-06-10,,29.6,34.5,25.3
TH000048431,"NAKHON RATCHASIMA, TH",14.967,102.083,188.0,2012-06-11,0.0,29.3,34.2,25.8
TH000048431,"NAKHON RATCHASIMA, TH",14.967,102.083,188.0,2012-06-12,0.0,29.5,34.7,25.1
TH000048431,"NAKHON RATCHASIMA, TH",14.967,102.083,188.0,2012-06-13,,29.9,34.7,25.7
TH000048431,"NAKHON RATCHASIMA, TH",14.967,102.083,188.0,2012-06-14,,30.0,34.5,25.5
TH000048431,"NAKHON RATCHASIMA, TH",14.967,102.083,188.0,2012-06-15,,29.3,33.3,
TH000048431,"NAKHON RATCHASIMA, TH",14.967,102.083,188.0,2012-06-16,0.0,30.1,35.2,25.8
TH000048431,"NAKHON RATCHASIMA, TH",14.967,102.083,188.0,2012-06-17,0.0,29.4,33.4,26.3
TH000048431,"NAKHON RATCHASIMA, TH",14.967,102.083,188.0,2012-06-18,,29.2,32.5,26.8
TH000048431,"NAKHON RATCHASIMA, TH",14.967,102.083,188.0,2012-06-19,1.0,28.3,32.7,
TH000048431,"NAKHON RATCHASIMA, TH",14.967,102.083,188.0,2012-06-20,0.0,28.9,33.8,24.7
TH000048431,"NAKHON RATCHASIMA, TH",14.967,102.083,188.0,2012-06-21,0.0,29.6,34.9,25.5
TH000048431,"NAKHON RATCHASIMA, TH",14.967,102.083,188.0,2012-06-22,,29.8,34.3,26.1
TH000048431,"NAKHON RATCHASIMA, TH",14.967,102.083,188.0,2012-06-23,,30.1,34.5,26.4
TH000048431,"NAKHON RATCHASIMA, TH",14.967,102.083,188.0,2012-06-24,0.0,29.8,34.5,26.2
TH000048431,"NAKHON RATCHASIMA, TH",14.967,102.083,188.0,2012-06-25,0.0,29.7,33.5,26.3
TH000048431,"NAKHON RATCHASIMA, TH",14.967,102.083,188.0,2012-06-26,0.5,28.4,33.0,
TH000048431,"NAKHON RATCHASIMA, TH",14.967,102.083,188.0,2012-06-27,,27.7,34.2,23.9
TH000048431,"NAKHON RATCHASIMA, TH",14.967,102.083,188.0,2012-06-28,,30.1,35.7,25.5
TH000048431,"NAKHON RATCHASIMA, TH",14.967,102.083,188.0,2012-06-29,0.0,30.1,35.5,25.3
TH000048431,"NAKHON RATCHASIMA, TH",14.967,102.083,188.0,2012-06-30,0.0,28.9,35.6,25.3
TH000048431,"NAKHON RATCHASIMA, TH",14.967,102.083,188.0,2012-07-01,,29.6,34.3,25.8
TH000048431,"NAKHON RATCHASIMA, TH",14.967,102.083,188.0,2012-07-02,0.0,29.7,35.3,
TH000048431,"NAKHON RATCHASIMA, TH",14.967,102.083,188.0,2012-07-03,0.5,29.4,34.6,24.9
TH000048431,"NAKHON RATCHASIMA, TH",14.967,102.083,188.0,2012-07-04,9.7,28.3,35.1,
TH000048431,"NAKHON RATCHASIMA, TH",14.967,102.083,188.0,2012-07-05,1.3,28.0,32.7,24.4
TH000048431,"NAKHON RATCHASIMA, TH",14.967,102.083,188.0,2012-07-06,0.8,28.5,32.7,24.8
TH000048431,"NAKHON RATCHASIMA, TH",14.967,102.083,188.0,2012-07-07,0.0,29.6,35.2,24.7
TH000048431,"NAKHON RATCHASIMA, TH",14.967,102.083,188.0,2012-07-08,,28.5,33.7,25.0
TH000048431,"NAKHON RATCHASIMA, TH",14.967,102.083,188.0,2012-07-09,,28.7,34.4,25.7
TH000048431,"NAKHON RATCHASIMA, TH",14.967,102.083,188.0,2012-07-10,5.1,28.8,35.8,
TH000048431,"NAKHON RATCHASIMA, TH",14.967,102.083,188.0,2012-07-11,35.1,27.3,35.3,
TH000048431,"NAKHON RATCHASIMA, TH",14.967,102.083,188.0,2012-07-12,4.1,27.7,34.8,24.8
TH000048431,"NAKHON RATCHASIMA, TH",14.967,102.083,188.0,2012-07-13,0.0,28.3,33.2,24.7
TH000048431,"NAKHON RATCHASIMA, TH",14.967,102.083,188.0,2012-07-14,0.0,29.7,35.0,
TH000048431,"NAKHON RATCHASIMA, TH",14.967,102.083,188.0,2012-07-15,,30.0,35.1,24.8
TH000048431,"NAKHON RATCHASIMA, TH",14.967,102.083,188.0,2012-07-16,,30.3,35.8,25.3
TH000048431,"NAKHON RATCHASIMA, TH",14.967,102.083,188.0,2012-07-17,,30.1,34.7,25.7
TH000048431,"NAKHON RATCHASIMA, TH",14.967,102.083,188.0,2012-07-18,,28.4,32.6,
TH000048431,"NAKHON RATCHASIMA, TH",14.967,102.083,188.0,2012-07-19,,28.7,33.4,25.4
TH000048431,"NAKHON RATCHASIMA, TH",14.967,102.083,188.0,2012-07-20,,29.6,35.4,25.0
TH000048431,"NAKHON RATCHASIMA, TH",14.967,102.083,188.0,2012-07-21,,30.6,35.6,25.4
TH000048431,"NAKHON RATCHASIMA, TH",14.967,102.083,188.0,2012-07-22,0.0,30.3,34.5,26.3
TH000048431,"NAKHON RATCHASIMA, TH",14.967,102.083,188.0,2012-07-23,0.0,29.4,33.8,26.5
TH000048431,"NAKHON RATCHASIMA, TH",14.967,102.083,188.0,2012-07-24,0.0,28.9,32.0,
TH000048431,"NAKHON RATCHASIMA, TH",14.967,102.083,188.0,2012-07-25,0.5,27.6,31.4,25.6
TH000048431,"NAKHON RATCHASIMA, TH",14.967,102.083,188.0,2012-07-26,0.3,27.8,34.8,
TH000048431,"NAKHON RATCHASIMA, TH",14.967,102.083,188.0,2012-07-27,,29.1,34.4,24.4
TH000048431,"NAKHON RATCHASIMA, TH",14.967,102.083,188.0,2012-07-28,0.8,29.1,34.4,
TH000048431,"NAKHON RATCHASIMA, TH",14.967,102.083,188.0,2012-07-29,8.4,27.6,33.7,
TH000048431,"NAKHON RATCHASIMA, TH",14.967,102.083,188.0,2012-07-30,1.3,26.4,32.2,
TH000048431,"NAKHON RATCHASIMA, TH",14.967,102.083,188.0,2012-07-31,0.5,28.4,32.6,24.5
TH000048431,"NAKHON RATCHASIMA, TH",14.967,102.083,188.0,2012-08-01,,29.6,34.1,26.2
TH000048431,"NAKHON RATCHASIMA, TH",14.967,102.083,188.0,2012-08-02,0.0,28.1,33.6,
TH000048431,"NAKHON RATCHASIMA, TH",14.967,102.083,188.0,2012-08-03,0.0,28.7,33.0,
TH000048431,"NAKHON RATCHASIMA, TH",14.967,102.083,188.0,2012-08-04,1.0,29.1,33.1,24.9
TH000048431,"NAKHON RATCHASIMA, TH",14.967,102.083,188.0,2012-08-05,0.0,30.2,35.7,26.2
TH000048431,"NAKHON RATCHASIMA, TH",14.967,102.083,188.0,2012-08-06,,29.7,34.7,
TH000048431,"NAKHON RATCHASIMA, TH",14.967,102.083,188.0,2012-08-07,0.3,28.9,33.0,25.3
TH000048431,"NAKHON RATCHASIMA, TH",14.967,102.083,188.0,2012-08-08,0.5,26.9,31.3,
TH000048431,"NAKHON RATCHASIMA, TH",14.967,102.083,188.0,2012-08-09,2.8,25.6,30.6,23.8
TH000048431,"NAKHON RATCHASIMA, TH",14.967,102.083,188.0,2012-08-10,2.3,27.2,32.0,23.6
TH000048431,"NAKHON RATCHASIMA, TH",14.967,102.083,188.0,2012-08-11,0.0,28.8,33.1,24.9
TH000048431,"NAKHON RATCHASIMA, TH",14.967,102.083,188.0,2012-08-12,0.0,29.1,33.5,26.0
TH000048431,"NAKHON RATCHASIMA, TH",14.967,102.083,188.0,2012-08-13,,28.7,34.2,25.4
TH000048431,"NAKHON RATCHASIMA, TH",14.967,102.083,188.0,2012-08-14,,29.4,35.1,24.3
TH000048431,"NAKHON RATCHASIMA, TH",14.967,102.083,188.0,2012-08-15,1.5,29.9,35.6,25.5
TH000048431,"NAKHON RATCHASIMA, TH",14.967,102.083,188.0,2012-08-16,2.8,29.3,34.1,25.3
TH000048431,"NAKHON RATCHASIMA, TH",14.967,102.083,188.0,2012-08-17,0.0,29.5,33.7,25.5
TH000048431,"NAKHON RATCHASIMA, TH",14.967,102.083,188.0,2012-08-18,0.0,28.8,35.6,
TH000048431,"NAKHON RATCHASIMA, TH",14.967,102.083,188.0,2012-08-19,23.9,28.3,36.3,
TH000048431,"NAKHON RATCHASIMA, TH",14.967,102.083,188.0,2012-08-20,,29.3,34.8,24.4
TH000048431,"NAKHON RATCHASIMA, TH",14.967,102.083,188.0,2012-08-21,,30.5,35.1,25.1
TH000048431,"NAKHON RATCHASIMA, TH",14.967,102.083,188.0,2012-08-22,6.9,29.3,36.6,25.7
TH000048431,"NAKHON RATCHASIMA, TH",14.967,102.083,188.0,2012-08-23,26.4,27.6,34.1,
TH000048431,"NAKHON RATCHASIMA, TH",14.967,102.083,188.0,2012-08-24,1.0,27.2,33.5,24.5
TH000048431,"NAKHON RATCHASIMA, TH",14.967,102.083,188.0,2012-08-25,22.1,26.9,33.8,
TH000048431,"NAKHON RATCHASIMA, TH",14.967,102.083,188.0,2012-08-26,0.5,28.1,32.7,23.4
TH000048431,"NAKHON RATCHASIMA, TH",14.967,102.083,188.0,2012-08-27,0.5,28.7,34.3,25.1
TH000048431,"NAKHON RATCHASIMA, TH",14.967,102.083,188.0,2012-08-28,33.3,27.4,31.8,25.2
TH000048431,"NAKHON RATCHASIMA, TH",14.967,102.083,188.0,2012-08-29,4.8,27.1,31.5,25.3
TH000048431,"NAKHON RATCHASIMA, TH",14.967,102.083,188.0,2012-08-30,12.4,27.8,33.6,
TH000048431,"NAKHON RATCHASIMA, TH",14.967,102.083,188.0,2012-08-31,0.0,27.8,32.0,24.4
TH000048431,"NAKHON RATCHASIMA, TH",14.967,102.083,188.0,2012-09-01,0.0,28.3,32.7,24.7
TH000048431,"NAKHON RATCHASIMA, TH",14.967,102.083,188.0,2012-09-02,8.6,27.3,32.4,
TH000048431,"NAKHON RATCHASIMA, TH",14.967,102.083,188.0,2012-09-03,30.2,25.4,28.8,24.0
TH000048431,"NAKHON RATCHASIMA, TH",14.967,102.083,188.0,2012-09-04,1.8,26.7,32.3,23.7
TH000048431,"NAKHON RATCHASIMA, TH",14.967,102.083,188.0,2012-09-05,7.4,26.3,28.2,24.2
TH000048431,"NAKHON RATCHASIMA, TH",14.967,102.083,188.0,2012-09-06,7.6,25.7,28.4,
TH000048431,"NAKHON RATCHASIMA, TH",14.967,102.083,188.0,2012-09-07,2.8,26.6,31.5,23.9
TH000048431,"NAKHON RATCHASIMA, TH",14.967,102.083,188.0,2012-09-08,0.8,27.6,32.7,24.5
TH000048431,"NAKHON RATCHASIMA, TH",14.967,102.083,188.0,2012-09-09,8.4,27.2,32.2,24.5
TH000048431,"NAKHON RATCHASIMA, TH",14.967,102.083,188.0,2012-09-10,0.5,27.6,33.0,
TH000048431,"NAKHON RATCHASIMA, TH",14.967,102.083,188.0,2012-09-11,0.0,28.2,34.0,24.2
TH000048431,"NAKHON RATCHASIMA, TH",14.967,102.083,188.0,2012-09-12,9.9,26.9,33.0,24.7
TH000048431,"NAKHON RATCHASIMA, TH",14.967,102.083,188.0,2012-09-13,17.8,27.1,32.6,24.5
TH000048431,"NAKHON RATCHASIMA, TH",14.967,102.083,188.0,2012-09-14,0.5,26.7,30.4,
TH000048431,"NAKHON RATCHASIMA, TH",14.967,102.083,188.0,2012-09-15,1.8,26.8,30.0,23.3
TH000048431,"NAKHON RATCHASIMA, TH",14.967,102.083,188.0,2012-09-16,0.5,26.8,30.2,24.2
TH000048431,"NAKHON RATCHASIMA, TH",14.967,102.083,188.0,2012-09-17,4.3,28.1,31.6,24.2
TH000048431,"NAKHON RATCHASIMA, TH",14.967,102.083,188.0,2012-09-18,2.0,28.3,32.2,24.7
TH000048431,"NAKHON RATCHASIMA, TH",14.967,102.083,188.0,2012-09-19,0.0,28.6,33.1,24.9
TH000048431,"NAKHON RATCHASIMA, TH",14.967,102.083,188.0,2012-09-20,4.3,28.1,32.7,
TH000048431,"NAKHON RATCHASIMA, TH",14.967,102.083,188.0,2012-09-21,,28.2,32.7,24.5
TH000048431,"NAKHON RATCHASIMA, TH",14.967,102.083,188.0,2012-09-22,16.0,27.3,32.1,
TH000048431,"NAKHON RATCHASIMA, TH",14.967,102.083,188.0,2012-09-23,2.3,26.7,33.5,24.7
TH000048431,"NAKHON RATCHASIMA, TH",14.967,102.083,188.0,2012-09-24,6.1,28.7,34.1,
TH000048431,"NAKHON RATCHASIMA, TH",14.967,102.083,188.0,2012-09-25,0.0,26.6,31.2,23.1
TH000048431,"NAKHON RATCHASIMA, TH",14.967,102.083,188.0,2012-09-26,11.7,28.0,33.2,
TH000048431,"NAKHON RATCHASIMA, TH",14.967,102.083,188.0,2012-09-27,0.5,27.9,32.0,24.1
TH000048431,"NAKHON RATCHASIMA, TH",14.967,102.083,188.0,2012-09-28,3.0,27.1,30.8,24.4
TH000048431,"NAKHON RATCHASIMA, TH",14.967,102.083,188.0,2012-09-29,1.8,28.4,32.2,25.6
TH000048431,"NAKHON RATCHASIMA, TH",14.967,102.083,188.0,2012-09-30,0.0,28.1,32.0,24.2
TH000048431,"NAKHON RATCHASIMA, TH",14.967,102.083,188.0,2012-10-01,0.0,27.7,32.6,24.5
TH000048431,"NAKHON RATCHASIMA, TH",14.967,102.083,188.0,2012-10-02,0.0,28.6,32.4,24.2
TH000048431,"NAKHON RATCHASIMA, TH",14.967,102.083,188.0,2012-10-03,4.3,28.2,33.3,25.2
TH000048431,"NAKHON RATCHASIMA, TH",14.967,102.083,188.0,2012-10-04,0.3,28.8,34.1,24.7
TH000048431,"NAKHON RATCHASIMA, TH",14.967,102.083,188.0,2012-10-05,50.5,27.3,34.7,
TH000048431,"NAKHON RATCHASIMA, TH",14.967,102.083,188.0,2012-10-06,50.3,26.7,30.5,24.5
TH000048431,"NAKHON RATCHASIMA, TH",14.967,102.083,188.0,2012-10-07,0.3,25.8,29.1,
TH000048431,"NAKHON RATCHASIMA, TH",14.967,102.083,188.0,2012-10-08,26.2,24.8,26.6,23.5
TH000048431,"NAKHON RATCHASIMA, TH",14.967,102.083,188.0,2012-10-09,9.4,26.4,31.5,23.3
TH000048431,"NAKHON RATCHASIMA, TH",14.967,102.083,188.0,2012-10-10,0.8,27.7,31.7,23.5
TH000048431,"NAKHON RATCHASIMA, TH",14.967,102.083,188.0,2012-10-11,0.0,27.6,31.6,23.4
TH000048431,"NAKHON RATCHASIMA, TH",14.967,102.083,188.0,2012-10-12,,27.9,32.5,23.7
TH000048431,"NAKHON RATCHASIMA, TH",14.967,102.083,188.0,2012-10-13,,27.9,32.3,23.6
TH000048431,"NAKHON RATCHASIMA, TH",14.967,102.083,188.0,2012-10-14,,28.6,33.4,23.8
TH000048431,"NAKHON RATCHASIMA, TH",14.967,102.083,188.0,2012-10-15,,27.9,32.9,24.3
TH000048431,"NAKHON RATCHASIMA, TH",14.967,102.083,188.0,2012-10-16,,27.9,33.0,
TH000048431,"NAKHON RATCHASIMA, TH",14.967,102.083,188.0,2012-10-17,,27.3,32.4,23.1
TH000048431,"NAKHON RATCHASIMA, TH",14.967,102.083,188.0,2012-10-18,,26.8,31.7,22.5
TH000048431,"NAKHON RATCHASIMA, TH",14.967,102.083,188.0,2012-10-19,,27.7,32.5,22.5
TH000048431,"NAKHON RATCHASIMA, TH",14.967,102.083,188.0,2012-10-20,,28.6,33.1,23.8
TH000048431,"NAKHON RATCHASIMA, TH",14.967,102.083,188.0,2012-10-21,,28.6,33.3,24.3
TH000048431,"NAKHON RATCHASIMA, TH",14.967,102.083,188.0,2012-10-22,,27.8,32.5,24.1
TH000048431,"NAKHON RATCHASIMA, TH",14.967,102.083,188.0,2012-10-23,,27.6,31.1,23.6
TH000048431,"NAKHON RATCHASIMA, TH",14.967,102.083,188.0,2012-10-24,5.6,26.7,32.1,
TH000048431,"NAKHON RATCHASIMA, TH",14.967,102.083,188.0,2012-10-25,3.3,28.1,32.6,23.9
TH000048431,"NAKHON RATCHASIMA, TH",14.967,102.083,188.0,2012-10-26,0.0,28.6,32.7,23.8
TH000048431,"NAKHON RATCHASIMA, TH",14.967,102.083,188.0,2012-10-27,,28.2,33.1,24.3
TH000048431,"NAKHON RATCHASIMA, TH",14.967,102.083,188.0,2012-10-28,,29.2,34.3,23.3
TH000048431,"NAKHON RATCHASIMA, TH",14.967,102.083,188.0,2012-10-29,,29.5,34.6,24.6
TH000048431,"NAKHON RATCHASIMA, TH",14.967,102.083,188.0,2012-10-30,,29.6,35.1,24.9
TH000048431,"NAKHON RATCHASIMA, TH",14.967,102.083,188.0,2012-10-31,2.5,27.2,32.0,
TH000048431,"NAKHON RATCHASIMA, TH",14.967,102.083,188.0,2012-11-01,0.0,25.8,31.9,21.5
TH000048431,"NAKHON RATCHASIMA, TH",14.967,102.083,188.0,2012-11-02,,26.1,30.7,22.5
TH000048431,"NAKHON RATCHASIMA, TH",14.967,102.083,188.0,2012-11-03,,27.1,32.2,21.9
TH000048431,"NAKHON RATCHASIMA, TH",14.967,102.083,188.0,2012-11-04,,27.9,32.8,22.3
TH000048431,"NAKHON RATCHASIMA, TH",14.967,102.083,188.0,2012-11-05,,28.6,33.2,23.5
TH000048431,"NAKHON RATCHASIMA, TH",14.967,102.083,188.0,2012-11-06,,28.7,33.2,24.2
TH000048431,"NAKHON RATCHASIMA, TH",14.967,102.083,188.0,2012-11-07,,28.8,33.9,24.2
TH000048431,"NAKHON RATCHASIMA, TH",14.967,102.083,188.0,2012-11-08,,29.2,35.1,24.4
TH000048431,"NAKHON RATCHASIMA, TH",14.967,102.083,188.0,2012-11-09,,29.6,35.1,24.5
TH000048431,"NAKHON RATCHASIMA, TH",14.967,102.083,188.0,2012-11-10,,30.3,36.3,24.9
TH000048431,"NAKHON RATCHASIMA, TH",14.967,102.083,188.0,2012-11-11,,28.4,35.1,
TH000048431,"NAKHON RATCHASIMA, TH",14.967,102.083,188.0,2012-11-12,,28.3,31.7,24.6
TH000048431,"NAKHON RATCHASIMA, TH",14.967,102.083,188.0,2012-11-13,,27.9,32.2,
TH000048431,"NAKHON RATCHASIMA, TH",14.967,102.083,188.0,2012-11-14,,27.9,32.3,23.4
TH000048431,"NAKHON RATCHASIMA, TH",14.967,102.083,188.0,2012-11-15,,28.3,33.2,23.5
TH000048431,"NAKHON RATCHASIMA, TH",14.967,102.083,188.0,2012-11-16,,28.7,32.7,24.3
TH000048431,"NAKHON RATCHASIMA, TH",14.967,102.083,188.0,2012-11-17,1.5,25.4,29.2,
TH000048431,"NAKHON RATCHASIMA, TH",14.967,102.083,188.0,2012-11-18,,25.7,28.7,22.4
TH000048431,"NAKHON RATCHASIMA, TH",14.967,102.083,188.0,2012-11-19,,27.5,31.8,23.8
TH000048431,"NAKHON RATCHASIMA, TH",14.967,102.083,188.0,2012-11-20,0.0,28.1,32.7,24.5
TH000048431,"NAKHON RATCHASIMA, TH",14.967,102.083,188.0,2012-11-21,,29.2,34.6,24.3
TH000048431,"NAKHON RATCHASIMA, TH",14.967,102.083,188.0,2012-11-22,,29.4,34.8,24.3
TH000048431,"NAKHON RATCHASIMA, TH",14.967,102.083,188.0,2012-11-23,,29.9,35.4,24.7
TH000048431,"NAKHON RATCHASIMA, TH",14.967,102.083,188.0,2012-11-24,43.2,24.9,30.7,
TH000048431,"NAKHON RATCHASIMA, TH",14.967,102.083,188.0,2012-11-25,0.0,26.3,30.2,23.0
TH000048431,"NAKHON RATCHASIMA, TH",14.967,102.083,188.0,2012-11-26,,27.9,33.3,23.4
TH000048431,"NAKHON RATCHASIMA, TH",14.967,102.083,188.0,2012-11-27,,28.1,33.6,24.3
TH000048431,"NAKHON RATCHASIMA, TH",14.967,102.083,188.0,2012-11-28,17.0,25.7,30.4,
TH000048431,"NAKHON RATCHASIMA, TH",14.967,102.083,188.0,2012-11-29,,26.6,31.2,23.1
TH000048431,"NAKHON RATCHASIMA, TH",14.967,102.083,188.0,2012-11-30,,27.9,33.3,23.4
TH000048431,"NAKHON RATCHASIMA, TH",14.967,102.083,188.0,2012-12-01,,27.9,33.5,23.3
TH000048431,"NAKHON RATCHASIMA, TH",14.967,102.083,188.0,2012-12-02,,28.5,34.0,22.8
TH000048431,"NAKHON RATCHASIMA, TH",14.967,102.083,188.0,2012-12-03,,28.7,33.7,22.8
TH000048431,"NAKHON RATCHASIMA, TH",14.967,102.083,188.0,2012-12-04,,28.4,33.7,24.6
TH000048431,"NAKHON RATCHASIMA, TH",14.967,102.083,188.0,2012-12-05,,28.3,33.1,24.3
TH000048431,"NAKHON RATCHASIMA, TH",14.967,102.083,188.0,2012-12-06,,26.0,30.6,22.5
TH000048431,"NAKHON RATCHASIMA, TH",14.967,102.083,188.0,2012-12-07,,27.0,32.4,22.1
TH000048431,"NAKHON RATCHASIMA, TH",14.967,102.083,188.0,2012-12-08,,27.1,32.6,22.3
TH000048431,"NAKHON RATCHASIMA, TH",14.967,102.083,188.0,2012-12-09,,26.7,31.6,22.8
TH000048431,"NAKHON RATCHASIMA, TH",14.967,102.083,188.0,2012-12-10,,27.7,33.2,22.6
TH000048431,"NAKHON RATCHASIMA, TH",14.967,102.083,188.0,2012-12-11,,27.9,33.0,23.3
TH000048431,"NAKHON RATCHASIMA, TH",14.967,102.083,188.0,2012-12-12,,26.3,31.0,
TH000048431,"NAKHON RATCHASIMA, TH",14.967,102.083,188.0,2012-12-13,,26.1,31.8,21.1
TH000048431,"NAKHON RATCHASIMA, TH",14.967,102.083,188.0,2012-12-14,,27.2,32.8,21.3
TH000048431,"NAKHON RATCHASIMA, TH",14.967,102.083,188.0,2012-12-15,,28.2,33.4,22.3
TH000048431,"NAKHON RATCHASIMA, TH",14.967,102.083,188.0,2012-12-16,,28.6,34.5,23.1
TH000048431,"NAKHON RATCHASIMA, TH",14.967,102.083,188.0,2012-12-17,,28.1,34.3,22.4
TH000048431,"NAKHON RATCHASIMA, TH",14.967,102.083,188.0,2012-12-18,,28.8,34.6,22.2
TH000048431,"NAKHON RATCHASIMA, TH",14.967,102.083,188.0,2012-12-19,,26.6,32.1,
TH000048431,"NAKHON RATCHASIMA, TH",14.967,102.083,188.0,2012-12-20,,26.5,32.7,21.4
TH000048431,"NAKHON RATCHASIMA, TH",14.967,102.083,188.0,2012-12-21,,27.2,34.0,20.3
TH000048431,"NAKHON RATCHASIMA, TH",14.967,102.083,188.0,2012-12-22,,27.5,32.4,21.8
TH000048431,"NAKHON RATCHASIMA, TH",14.967,102.083,188.0,2012-12-23,,25.0,30.3,
TH000048431,"NAKHON RATCHASIMA, TH",14.967,102.083,188.0,2012-12-24,,22.1,26.8,17.8
TH000048431,"NAKHON RATCHASIMA, TH",14.967,102.083,188.0,2012-12-25,,24.0,29.2,17.9
TH000048431,"NAKHON RATCHASIMA, TH",14.967,102.083,188.0,2012-12-26,,25.6,30.4,21.2
TH000048431,"NAKHON RATCHASIMA, TH",14.967,102.083,188.0,2012-12-27,,26.4,32.2,21.7
TH000048431,"NAKHON RATCHASIMA, TH",14.967,102.083,188.0,2012-12-28,,26.2,32.4,21.4
TH000048431,"NAKHON RATCHASIMA, TH",14.967,102.083,188.0,2012-12-29,,27.3,33.5,21.0
TH000048431,"NAKHON RATCHASIMA, TH",14.967,102.083,188.0,2012-12-30,,24.8,31.8,
TH000048431,"NAKHON RATCHASIMA, TH",14.967,102.083,188.0,2012-12-31,,21.4,25.9,16.3
TH000048431,"NAKHON RATCHASIMA, TH",14.967,102.083,188.0,2013-01-01,,21.7,27.5,16.6
TH000048431,"NAKHON RATCHASIMA, TH",14.967,102.083,188.0,2013-01-02,,24.0,31.1,17.0
TH000048431,"NAKHON RATCHASIMA, TH",14.967,102.083,188.0,2013-01-03,,25.4,32.2,18.4
TH000048431,"NAKHON RATCHASIMA, TH",14.967,102.083,188.0,2013-01-04,,22.0,29.6,
TH000048431,"NAKHON RATCHASIMA, TH",14.967,102.083,188.0,2013-01-05,,23.4,29.9,15.2
TH000048431,"NAKHON RATCHASIMA, TH",14.967,102.083,188.0,2013-01-06,,23.4,30.5,18.4
TH000048431,"NAKHON RATCHASIMA, TH",14.967,102.083,188.0,2013-01-07,,24.6,30.7,19.8
TH000048431,"NAKHON RATCHASIMA, TH",14.967,102.083,188.0,2013-01-08,,25.9,32.5,20.1
TH000048431,"NAKHON RATCHASIMA, TH",14.967,102.083,188.0,2013-01-09,,26.8,33.0,20.8
TH000048431,"NAKHON RATCHASIMA, TH",14.967,102.083,188.0,2013-01-10,,24.9,30.2,19.6
TH000048431,"NAKHON RATCHASIMA, TH",14.967,102.083,188.0,2013-01-11,,25.3,31.1,19.5
TH000048431,"NAKHON RATCHASIMA, TH",14.967,102.083,188.0,2013-01-12,,25.1,30.3,21.0
TH000048431,"NAKHON RATCHASIMA, TH",14.967,102.083,188.0,2013-01-13,,24.7,30.3,19.8
TH000048431,"NAKHON RATCHASIMA, TH",14.967,102.083,188.0,2013-01-14,,25.7,32.3,19.6
TH000048431,"NAKHON RATCHASIMA, TH",14.967,102.083,188.0,2013-01-15,,26.2,31.7,21.2
TH000048431,"NAKHON RATCHASIMA, TH",14.967,102.083,188.0,2013-01-16,,25.9,31.5,20.6
TH000048431,"NAKHON RATCHASIMA, TH",14.967,102.083,188.0,2013-01-17,,24.6,32.1,19.6
TH000048431,"NAKHON RATCHASIMA, TH",14.967,102.083,188.0,2013-01-18,,23.7,29.8,18.5
TH000048431,"NAKHON RATCHASIMA, TH",14.967,102.083,188.0,2013-01-19,,22.2,28.4,17.2
TH000048431,"NAKHON RATCHASIMA, TH",14.967,102.083,188.0,2013-01-20,,23.7,31.1,16.5
TH000048431,"NAKHON RATCHASIMA, TH",14.967,102.083,188.0,2013-01-21,,25.5,32.8,18.0
TH000048431,"NAKHON RATCHASIMA, TH",14.967,102.083,188.0,2013-01-22,,26.6,33.5,19.6
TH000048431,"NAKHON RATCHASIMA, TH",14.967,102.083,188.0,2013-01-23,,26.9,33.2,21.8
TH000048431,"NAKHON RATCHASIMA, TH",14.967,102.083,188.0,2013-01-24,,28.2,34.5,21.7
TH000048431,"NAKHON RATCHASIMA, TH",14.967,102.083,188.0,2013-01-25,0.0,27.4,33.2,23.1
TH000048431,"NAKHON RATCHASIMA, TH",14.967,102.083,188.0,2013-01-26,0.0,26.8,30.9,
TH000048431,"NAKHON RATCHASIMA, TH",14.967,102.083,188.0,2013-01-27,0.0,26.7,33.0,
TH000048431,"NAKHON RATCHASIMA, TH",14.967,102.083,188.0,2013-01-28,4.1,21.2,24.6,
TH000048431,"NAKHON RATCHASIMA, TH",14.967,102.083,188.0,2013-01-29,0.0,23.8,28.0,20.2
TH000048431,"NAKHON RATCHASIMA, TH",14.967,102.083,188.0,2013-01-30,0.0,24.6,28.7,22.1
TH000048431,"NAKHON RATCHASIMA, TH",14.967,102.083,188.0,2013-01-31,0.0,25.9,31.3,21.4
TH000048431,"NAKHON RATCHASIMA, TH",14.967,102.083,188.0,2013-02-01,0.0,26.5,31.9,20.6
TH000048431,"NAKHON RATCHASIMA, TH",14.967,102.083,188.0,2013-02-02,,26.1,29.2,23.4
TH000048431,"NAKHON RATCHASIMA, TH",14.967,102.083,188.0,2013-02-03,,25.5,29.5,
TH000048431,"NAKHON RATCHASIMA, TH",14.967,102.083,188.0,2013-02-04,,27.7,33.7,22.3
TH000048431,"NAKHON RATCHASIMA, TH",14.967,102.083,188.0,2013-02-05,,28.1,34.7,22.3
TH000048431,"NAKHON RATCHASIMA, TH",14.967,102.083,188.0,2013-02-06,,29.6,36.4,22.7
TH000048431,"NAKHON RATCHASIMA, TH",14.967,102.083,188.0,2013-02-07,,30.1,37.2,23.8
TH000048431,"NAKHON RATCHASIMA, TH",14.967,102.083,188.0,2013-02-08,,30.7,36.5,24.2
TH000048431,"NAKHON RATCHASIMA, TH",14.967,102.083,188.0,2013-02-09,0.0,27.4,29.6,
TH000048431,"NAKHON RATCHASIMA, TH",14.967,102.083,188.0,2013-02-10,0.0,27.2,32.7,
TH000048431,"NAKHON RATCHASIMA, TH",14.967,102.083,188.0,2013-02-11,,27.6,33.7,22.3
TH000048431,"NAKHON RATCHASIMA, TH",14.967,102.083,188.0,2013-02-12,,28.1,34.7,21.3
TH000048431,"NAKHON RATCHASIMA, TH",14.967,102.083,188.0,2013-02-13,,25.9,32.3,20.9
TH000048431,"NAKHON RATCHASIMA, TH",14.967,102.083,188.0,2013-02-14,,27.2,34.4,20.9
TH000048431,"NAKHON RATCHASIMA, TH",14.967,102.083,188.0,2013-02-15,,29.1,36.1,21.0
TH000048431,"NAKHON RATCHASIMA, TH",14.967,102.083,188.0,2013-02-16,,28.4,33.7,21.2
TH000048431,"NAKHON RATCHASIMA, TH",14.967,102.083,188.0,2013-02-17,,29.5,35.5,24.3
TH000048431,"NAKHON RATCHASIMA, TH",14.967,102.083,188.0,2013-02-18,,29.2,35.4,23.5
TH000048431,"NAKHON RATCHASIMA, TH",14.967,102.083,188.0,2013-02-19,,30.3,36.6,24.1
TH000048431,"NAKHON RATCHASIMA, TH",14.967,102.083,188.0,2013-02-20,,30.1,35.7,24.3
TH000048431,"NAKHON RATCHASIMA, TH",14.967,102.083,188.0,2013-02-21,,27.4,32.4,23.5
TH000048431,"NAKHON RATCHASIMA, TH",14.967,102.083,188.0,2013-02-22,,26.5,32.5,
TH000048431,"NAKHON RATCHASIMA, TH",14.967,102.083,188.0,2013-02-23,,25.3,31.3,20.0
TH000048431,"NAKHON RATCHASIMA, TH",14.967,102.083,188.0,2013-02-24,,26.7,31.7,20.8
TH000048431,"NAKHON RATCHASIMA, TH",14.967,102.083,188.0,2013-02-25,,29.0,34.5,
TH000048431,"NAKHON RATCHASIMA, TH",14.967,102.083,188.0,2013-02-26,,30.6,36.7,23.4
TH000048431,"NAKHON RATCHASIMA, TH",14.967,102.083,188.0,2013-02-27,,30.9,37.7,24.4
TH000048431,"NAKHON RATCHASIMA, TH",14.967,102.083,188.0,2013-02-28,,30.6,37.9,25.2
TH000048431,"NAKHON RATCHASIMA, TH",14.967,102.083,188.0,2013-03-01,,31.8,38.5,25.2
TH000048431,"NAKHON RATCHASIMA, TH",14.967,102.083,188.0,2013-03-02,,31.5,37.9,25.5
TH000048431,"NAKHON RATCHASIMA, TH",14.967,102.083,188.0,2013-03-03,20.8,25.1,29.9,
TH000048431,"NAKHON RATCHASIMA, TH",14.967,102.083,188.0,2013-03-04,0.3,21.8,23.3,
TH000048431,"NAKHON RATCHASIMA, TH",14.967,102.083,188.0,2013-03-05,0.0,23.9,28.1,20.3
TH000048431,"NAKHON RATCHASIMA, TH",14.967,102.083,188.0,2013-03-06,,25.7,31.2,20.3
TH000048431,"NAKHON RATCHASIMA, TH",14.967,102.083,188.0,2013-03-07,,27.6,33.6,21.8
TH000048431,"NAKHON RATCHASIMA, TH",14.967,102.083,188.0,2013-03-08,,27.6,33.8,22.5
TH000048431,"NAKHON RATCHASIMA, TH",14.967,102.083,188.0,2013-03-09,0.0,28.7,35.9,22.2
TH000048431,"NAKHON RATCHASIMA, TH",14.967,102.083,188.0,2013-03-10,0.0,28.9,35.4,23.8
TH000048431,"NAKHON RATCHASIMA, TH",14.967,102.083,188.0,2013-03-11,0.0,29.4,34.6,24.6
TH000048431,"NAKHON RATCHASIMA, TH",14.967,102.083,188.0,2013-03-12,0.0,29.7,35.8,24.7
TH000048431,"NAKHON RATCHASIMA, TH",14.967,102.083,188.0,2013-03-13,0.0,30.1,35.8,23.8
TH000048431,"NAKHON RATCHASIMA, TH",14.967,102.083,188.0,2013-03-14,,29.9,36.8,25.2
TH000048431,"NAKHON RATCHASIMA, TH",14.967,102.083,188.0,2013-03-15,12.4,25.8,28.8,23.6
TH000048431,"NAKHON RATCHASIMA, TH",14.967,102.083,188.0,2013-03-16,2.0,29.1,34.9,24.1
TH000048431,"NAKHON RATCHASIMA, TH",14.967,102.083,188.0,2013-03-17,0.0,30.3,36.7,24.6
TH000048431,"NAKHON RATCHASIMA, TH",14.967,102.083,188.0,2013-03-18,0.0,29.8,36.2,25.8
TH000048431,"NAKHON RATCHASIMA, TH",14.967,102.083,188.0,2013-03-19,0.0,30.1,36.7,24.8
TH000048431,"NAKHON RATCHASIMA, TH",14.967,102.083,188.0,2013-03-20,,30.6,38.5,24.1
TH000048431,"NAKHON RATCHASIMA, TH",14.967,102.083,188.0,2013-03-21,,31.3,38.3,25.1
TH000048431,"NAKHON RATCHASIMA, TH",14.967,102.083,188.0,2013-03-22,,31.3,38.0,26.1
TH000048431,"NAKHON RATCHASIMA, TH",14.967,102.083,188.0,2013-03-23,,31.8,38.3,26.0
TH000048431,"NAKHON RATCHASIMA, TH",14.967,102.083,188.0,2013-03-24,,32.5,39.6,25.6
TH000048431,"NAKHON RATCHASIMA, TH",14.967,102.083,188.0,2013-03-25,,32.3,39.8,
TH000048431,"NAKHON RATCHASIMA, TH",14.967,102.083,188.0,2013-03-26,,31.6,39.0,24.7
TH000048431,"NAKHON RATCHASIMA, TH",14.967,102.083,188.0,2013-03-27,,31.6,40.0,23.8
TH000048431,"NAKHON RATCHASIMA, TH",14.967,102.083,188.0,2013-03-28,,32.6,40.2,22.8
TH000048431,"NAKHON RATCHASIMA, TH",14.967,102.083,188.0,2013-03-29,,32.8,40.2,24.5
TH000048431,"NAKHON RATCHASIMA, TH",14.967,102.083,188.0,2013-03-30,,33.1,40.6,26.2
TH000048431,"NAKHON RATCHASIMA, TH",14.967,102.083,188.0,2013-03-31,,33.3,40.5,26.0
TH000048431,"NAKHON RATCHASIMA, TH",14.967,102.083,188.0,2013-04-01,,31.7,39.1,27.3
TH000048431,"NAKHON RATCHASIMA, TH",14.967,102.083,188.0,2013-04-02,,32.2,38.6,27.0
TH000048431,"NAKHON RATCHASIMA, TH",14.967,102.083,188.0,2013-04-03,,33.3,40.1,27.5
TH000048431,"NAKHON RATCHASIMA, TH",14.967,102.083,188.0,2013-04-04,,32.8,40.5,27.7
TH000048431,"NAKHON RATCHASIMA, TH",14.967,102.083,188.0,2013-04-05,,33.4,41.0,26.7
TH000048431,"NAKHON RATCHASIMA, TH",14.967,102.083,188.0,2013-04-06,,32.8,40.5,25.8
TH000048431,"NAKHON RATCHASIMA, TH",14.967,102.083,188.0,2013-04-07,,30.3,35.6,
TH000048431,"NAKHON RATCHASIMA, TH",14.967,102.083,188.0,2013-04-08,,29.6,36.9,24.4
TH000048431,"NAKHON RATCHASIMA, TH",14.967,102.083,188.0,2013-04-09,,32.1,39.5,23.5
TH000048431,"NAKHON RATCHASIMA, TH",14.967,102.083,188.0,2013-04-10,,31.9,38.0,26.7
TH000048431,"NAKHON RATCHASIMA, TH",14.967,102.083,188.0,2013-04-11,,31.2,36.3,26.8
TH000048431,"NAKHON RATCHASIMA, TH",14.967,102.083,188.0,2013-04-12,,28.6,31.8,
TH000048431,"NAKHON RATCHASIMA, TH",14.967,102.083,188.0,2013-04-13,,30.3,36.0,23.8
TH000048431,"NAKHON RATCHASIMA, TH",14.967,102.083,188.0,2013-04-14,,32.0,38.4,26.7
TH000048431,"NAKHON RATCHASIMA, TH",14.967,102.083,188.0,2013-04-15,0.8,28.7,37.3,
TH000048431,"NAKHON RATCHASIMA, TH",14.967,102.083,188.0,2013-04-16,3.6,27.6,34.2,
TH000048431,"NAKHON RATCHASIMA, TH",14.967,102.083,188.0,2013-04-17,0.5,26.6,33.6,
TH000048431,"NAKHON RATCHASIMA, TH",14.967,102.083,188.0,2013-04-18,0.3,29.7,35.8,23.8
TH000048431,"NAKHON RATCHASIMA, TH",14.967,102.083,188.0,2013-04-19,0.0,31.4,38.8,25.4
TH000048431,"NAKHON RATCHASIMA, TH",14.967,102.083,188.0,2013-04-20,,32.4,39.8,25.2
TH000048431,"NAKHON RATCHASIMA, TH",14.967,102.083,188.0,2013-04-21,,31.2,37.8,
TH000048431,"NAKHON RATCHASIMA, TH",14.967,102.083,188.0,2013-04-22,11.2,28.4,37.9,
TH000048431,"NAKHON RATCHASIMA, TH",14.967,102.083,188.0,2013-04-23,2.8,26.3,33.1,24.2
TH000048431,"NAKHON RATCHASIMA, TH",14.967,102.083,188.0,2013-04-24,1.3,28.6,35.0,23.8
TH000048431,"NAKHON RATCHASIMA, TH",14.967,102.083,188.0,2013-04-25,0.8,29.0,36.6,25.7
TH000048431,"NAKHON RATCHASIMA, TH",14.967,102.083,188.0,2013-04-26,0.0,29.6,37.7,25.0
TH000048431,"NAKHON RATCHASIMA, TH",14.967,102.083,188.0,2013-04-27,0.0,29.9,36.7,25.0
TH000048431,"NAKHON RATCHASIMA, TH",14.967,102.083,188.0,2013-04-28,0.0,31.4,37.8,25.8
TH000048431,"NAKHON RATCHASIMA, TH",14.967,102.083,188.0,2013-04-29,,31.5,38.0,25.9
TH000048431,"NAKHON RATCHASIMA, TH",14.967,102.083,188.0,2013-04-30,,32.1,38.8,26.5
TH000048431,"NAKHON RATCHASIMA, TH",14.967,102.083,188.0,2013-05-01,0.0,32.3,38.6,26.4
TH000048431,"NAKHON RATCHASIMA, TH",14.967,102.083,188.0,2013-05-02,0.0,31.7,39.8,26.4
TH000048431,"NAKHON RATCHASIMA, TH",14.967,102.083,188.0,2013-05-03,,31.1,37.7,
TH000048431,"NAKHON RATCHASIMA, TH",14.967,102.083,188.0,2013-05-04,2.5,28.1,36.7,
TH000048431,"NAKHON RATCHASIMA, TH",14.967,102.083,188.0,2013-05-05,6.4,27.2,32.1,23.6
TH000048431,"NAKHON RATCHASIMA, TH",14.967,102.083,188.0,2013-05-06,,30.5,36.4,24.4
TH000048431,"NAKHON RATCHASIMA, TH",14.967,102.083,188.0,2013-05-07,8.4,28.7,36.8,
TH000048431,"NAKHON RATCHASIMA, TH",14.967,102.083,188.0,2013-05-08,6.9,29.3,36.5,23.3
TH000048431,"NAKHON RATCHASIMA, TH",14.967,102.083,188.0,2013-05-09,0.0,30.8,37.4,26.3
TH000048431,"NAKHON RATCHASIMA, TH",14.967,102.083,188.0,2013-05-10,,31.5,37.8,26.8
TH000048431,"NAKHON RATCHASIMA, TH",14.967,102.083,188.0,2013-05-11,,31.7,37.3,26.7
TH000048431,"NAKHON RATCHASIMA, TH",14.967,102.083,188.0,2013-05-12,,31.6,38.2,27.6
TH000048431,"NAKHON RATCHASIMA, TH",14.967,102.083,188.0,2013-05-13,,32.6,38.1,27.2
TH000048431,"NAKHON RATCHASIMA, TH",14.967,102.083,188.0,2013-05-14,,32.3,38.9,27.7
TH000048431,"NAKHON RATCHASIMA, TH",14.967,102.083,188.0,2013-05-15,,33.2,38.7,28.0
TH000048431,"NAKHON RATCHASIMA, TH",14.967,102.083,188.0,2013-05-16,0.8,30.2,39.7,
TH000048431,"NAKHON RATCHASIMA, TH",14.967,102.083,188.0,2013-05-17,,30.6,37.8,26.6
TH000048431,"NAKHON RATCHASIMA, TH",14.967,102.083,188.0,2013-05-18,,29.5,33.5,
TH000048431,"NAKHON RATCHASIMA, TH",14.967,102.083,188.0,2013-05-19,0.0,29.2,35.4,25.7
TH000048431,"NAKHON RATCHASIMA, TH",14.967,102.083,188.0,2013-05-20,0.0,30.6,38.5,26.2
TH000048431,"NAKHON RATCHASIMA, TH",14.967,102.083,188.0,2013-05-21,0.5,30.6,36.7,
TH000048431,"NAKHON RATCHASIMA, TH",14.967,102.083,188.0,2013-05-22,1.5,29.2,36.7,26.3
TH000048431,"NAKHON RATCHASIMA, TH",14.967,102.083,188.0,2013-05-23,0.0,30.3,35.5,26.3
TH000048431,"NAKHON RATCHASIMA, TH",14.967,102.083,188.0,2013-05-24,2.5,30.0,36.6,26.8
TH000048431,"NAKHON RATCHASIMA, TH",14.967,102.083,188.0,2013-05-25,0.0,29.8,35.2,26.1
TH000048431,"NAKHON RATCHASIMA, TH",14.967,102.083,188.0,2013-05-26,1.0,28.8,37.0,26.0
TH000048431,"NAKHON RATCHASIMA, TH",14.967,102.083,188.0,2013-05-27,,30.8,37.7,25.4
TH000048431,"NAKHON RATCHASIMA, TH",14.967,102.083,188.0,2013-05-28,,31.6,38.0,26.8
TH000048431,"NAKHON RATCHASIMA, TH",14.967,102.083,188.0,2013-05-29,3.3,29.4,38.7,
TH000048431,"NAKHON RATCHASIMA, TH",14.967,102.083,188.0,2013-05-30,17.8,28.1,34.6,
TH000048431,"NAKHON RATCHASIMA, TH",14.967,102.083,188.0,2013-05-31,17.8,28.3,34.3,25.0
TH000048431,"NAKHON RATCHASIMA, TH",14.967,102.083,188.0,2013-06-01,0.0,29.6,36.0,25.1
TH000048431,"NAKHON RATCHASIMA, TH",14.967,102.083,188.0,2013-06-02,0.0,28.0,33.6,25.4
TH000048431,"NAKHON RATCHASIMA, TH",14.967,102.083,188.0,2013-06-03,,29.3,34.6,24.8
TH000048431,"NAKHON RATCHASIMA, TH",14.967,102.083,188.0,2013-06-04,23.6,28.6,35.1,
TH000048431,"NAKHON RATCHASIMA, TH",14.967,102.083,188.0,2013-06-05,0.5,27.2,32.6,
TH000048431,"NAKHON RATCHASIMA, TH",14.967,102.083,188.0,2013-06-06,0.0,28.8,34.9,24.4
TH000048431,"NAKHON RATCHASIMA, TH",14.967,102.083,188.0,2013-06-07,0.3,29.3,36.3,25.9
TH000048431,"NAKHON RATCHASIMA, TH",14.967,102.083,188.0,2013-06-08,,30.8,36.0,25.2
TH000048431,"NAKHON RATCHASIMA, TH",14.967,102.083,188.0,2013-06-09,,31.5,37.2,25.2
TH000048431,"NAKHON RATCHASIMA, TH",14.967,102.083,188.0,2013-06-10,,31.2,36.2,26.6
TH000048431,"NAKHON RATCHASIMA, TH",14.967,102.083,188.0,2013-06-11,13.0,28.5,33.9,
TH000048431,"NAKHON RATCHASIMA, TH",14.967,102.083,188.0,2013-06-12,7.6,27.9,31.7,25.1
TH000048431,"NAKHON RATCHASIMA, TH",14.967,102.083,188.0,2013-06-13,0.0,27.7,31.8,
TH000048431,"NAKHON RATCHASIMA, TH",14.967,102.083,188.0,2013-06-14,,28.8,32.5,25.7
TH000048431,"NAKHON RATCHASIMA, TH",14.967,102.083,188.0,2013-06-15,,30.0,35.2,25.9
TH000048431,"NAKHON RATCHASIMA, TH",14.967,102.083,188.0,2013-06-16,,29.6,36.8,24.8
TH000048431,"NAKHON RATCHASIMA, TH",14.967,102.083,188.0,2013-06-17,,29.7,35.6,25.7
TH000048431,"NAKHON RATCHASIMA, TH",14.967,102.083,188.0,2013-06-18,0.0,29.4,33.8,26.0
TH000048431,"NAKHON RATCHASIMA, TH",14.967,102.083,188.0,2013-06-19,10.4,28.1,32.4,
TH000048431,"NAKHON RATCHASIMA, TH",14.967,102.083,188.0,2013-06-20,0.0,29.7,34.8,25.5
TH000048431,"NAKHON RATCHASIMA, TH",14.967,102.083,188.0,2013-06-21,,30.3,35.4,26.6
TH000048431,"NAKHON RATCHASIMA, TH",14.967,102.083,188.0,2013-06-22,0.0,29.3,32.8,
TH000048431,"NAKHON RATCHASIMA, TH",14.967,102.083,188.0,2013-06-23,0.5,27.7,31.7,
TH000048431,"NAKHON RATCHASIMA, TH",14.967,102.083,188.0,2013-06-24,2.8,29.1,33.7,25.5
TH000048431,"NAKHON RATCHASIMA, TH",14.967,102.083,188.0,2013-06-25,0.5,28.7,33.2,26.0
TH000048431,"NAKHON RATCHASIMA, TH",14.967,102.083,188.0,2013-06-26,2.3,27.4,31.1,
TH000048431,"NAKHON RATCHASIMA, TH",14.967,102.083,188.0,2013-06-27,0.0,29.4,34.7,25.0
TH000048431,"NAKHON RATCHASIMA, TH",14.967,102.083,188.0,2013-06-28,0.0,30.3,36.0,25.2
TH000048431,"NAKHON RATCHASIMA, TH",14.967,102.083,188.0,2013-06-29,,30.3,35.6,25.3
TH000048431,"NAKHON RATCHASIMA, TH",14.967,102.083,188.0,2013-06-30,0.0,30.2,36.1,25.1
TH000048431,"NAKHON RATCHASIMA, TH",14.967,102.083,188.0,2013-07-01,0.0,30.9,36.9,25.5
TH000048431,"NAKHON RATCHASIMA, TH",14.967,102.083,188.0,2013-07-02,,30.9,37.0,26.0
TH000048431,"NAKHON RATCHASIMA, TH",14.967,102.083,188.0,2013-07-03,0.0,30.5,35.8,
TH000048431,"NAKHON RATCHASIMA, TH",14.967,102.083,188.0,2013-07-04,3.3,27.2,32.9,
TH000048431,"NAKHON RATCHASIMA, TH",14.967,102.083,188.0,2013-07-05,4.3,28.5,34.5,24.8
TH000048431,"NAKHON RATCHASIMA, TH",14.967,102.083,188.0,2013-07-06,21.8,28.4,35.6,
TH000048431,"NAKHON RATCHASIMA, TH",14.967,102.083,188.0,2013-07-07,25.1,26.6,32.9,23.0
TH000048431,"NAKHON RATCHASIMA, TH",14.967,102.083,188.0,2013-07-08,2.8,26.8,32.5,24.7
TH000048431,"NAKHON RATCHASIMA, TH",14.967,102.083,188.0,2013-07-09,0.3,26.8,31.5,
TH000048431,"NAKHON RATCHASIMA, TH",14.967,102.083,188.0,2013-07-10,0.0,27.7,31.6,24.4
TH000048431,"NAKHON RATCHASIMA, TH",14.967,102.083,188.0,2013-07-11,0.0,28.5,33.8,
TH000048431,"NAKHON RATCHASIMA, TH",14.967,102.083,188.0,2013-07-12,,28.9,33.4,24.6
TH000048431,"NAKHON RATCHASIMA, TH",14.967,102.083,188.0,2013-07-13,,30.1,35.2,25.1
TH000048431,"NAKHON RATCHASIMA, TH",14.967,102.083,188.0,2013-07-14,,30.1,34.7,25.9
TH000048431,"NAKHON RATCHASIMA, TH",14.967,102.083,188.0,2013-07-15,1.5,29.0,34.6,26.2
TH000048431,"NAKHON RATCHASIMA, TH",14.967,102.083,188.0,2013-07-16,1.0,28.6,33.0,25.3
TH000048431,"NAKHON RATCHASIMA, TH",14.967,102.083,188.0,2013-07-17,0.0,28.6,33.1,
TH000048431,"NAKHON RATCHASIMA, TH",14.967,102.083,188.0,2013-07-18,0.3,30.1,35.5,25.0
TH000048431,"NAKHON RATCHASIMA, TH",14.967,102.083,188.0,2013-07-19,0.0,29.6,34.9,25.8
TH000048431,"NAKHON RATCHASIMA, TH",14.967,102.083,188.0,2013-07-20,0.0,28.2,33.2,
TH000048431,"NAKHON RATCHASIMA, TH",14.967,102.083,188.0,2013-07-21,0.0,29.9,34.8,25.8
TH000048431,"NAKHON RATCHASIMA, TH",14.967,102.083,188.0,2013-07-22,13.5,28.5,34.2,
TH000048431,"NAKHON RATCHASIMA, TH",14.967,102.083,188.0,2013-07-23,132.6,26.8,31.7,23.5
TH000048431,"NAKHON RATCHASIMA, TH",14.967,102.083,188.0,2013-07-24,17.0,25.6,28.2,24.6
TH000048431,"NAKHON RATCHASIMA, TH",14.967,102.083,188.0,2013-07-25,0.0,27.3,30.2,24.3
TH000048431,"NAKHON RATCHASIMA, TH",14.967,102.083,188.0,2013-07-26,1.8,28.8,33.2,25.1
TH000048431,"NAKHON RATCHASIMA, TH",14.967,102.083,188.0,2013-07-27,0.3,28.6,33.1,
TH000048431,"NAKHON RATCHASIMA, TH",14.967,102.083,188.0,2013-07-28,2.0,26.1,28.3,
TH000048431,"NAKHON RATCHASIMA, TH",14.967,102.083,188.0,2013-07-29,9.1,27.8,32.7,
TH000048431,"NAKHON RATCHASIMA, TH",14.967,102.083,188.0,2013-07-30,1.5,27.6,33.0,24.4
TH000048431,"NAKHON RATCHASIMA, TH",14.967,102.083,188.0,2013-07-31,23.9,26.9,32.6,24.7
TH000048431,"NAKHON RATCHASIMA, TH",14.967,102.083,188.0,2013-08-01,1.0,28.4,33.5,24.5
TH000048431,"NAKHON RATCHASIMA, TH",14.967,102.083,188.0,2013-08-02,0.0,28.4,32.9,24.8
TH000048431,"NAKHON RATCHASIMA, TH",14.967,102.083,188.0,2013-08-03,27.9,26.9,31.8,
TH000048431,"NAKHON RATCHASIMA, TH",14.967,102.083,188.0,2013-08-04,16.3,26.2,33.0,
TH000048431,"NAKHON RATCHASIMA, TH",14.967,102.083,188.0,2013-08-05,0.3,27.6,33.3,24.3
TH000048431,"NAKHON RATCHASIMA, TH",14.967,102.083,188.0,2013-08-06,,30.1,34.9,25.6
TH000048431,"NAKHON RATCHASIMA, TH",14.967,102.083,188.0,2013-08-07,3.8,27.6,30.8,
TH000048431,"NAKHON RATCHASIMA, TH",14.967,102.083,188.0,2013-08-08,8.9,26.9,31.7,24.2
TH000048431,"NAKHON RATCHASIMA, TH",14.967,102.083,188.0,2013-08-09,11.7,26.8,32.7,24.7
TH000048431,"NAKHON RATCHASIMA, TH",14.967,102.083,188.0,2013-08-10,0.0,27.8,32.9,24.6
TH000048431,"NAKHON RATCHASIMA, TH",14.967,102.083,188.0,2013-08-11,0.0,27.9,31.6,25.3
TH000048431,"NAKHON RATCHASIMA, TH",14.967,102.083,188.0,2013-08-12,1.5,28.3,33.2,25.0
TH000048431,"NAKHON RATCHASIMA, TH",14.967,102.083,188.0,2013-08-13,8.4,26.6,33.6,
TH000048431,"NAKHON RATCHASIMA, TH",14.967,102.083,188.0,2013-08-14,0.0,28.2,32.1,24.5
TH000048431,"NAKHON RATCHASIMA, TH",14.967,102.083,188.0,2013-08-15,0.0,28.9,33.6,25.3
TH000048431,"NAKHON RATCHASIMA, TH",14.967,102.083,188.0,2013-08-16,,28.8,34.7,25.5
TH000048431,"NAKHON RATCHASIMA, TH",14.967,102.083,188.0,2013-08-17,,29.5,33.6,25.5
TH000048431,"NAKHON RATCHASIMA, TH",14.967,102.083,188.0,2013-08-18,,29.0,33.3,26.1
TH000048431,"NAKHON RATCHASIMA, TH",14.967,102.083,188.0,2013-08-19,,29.6,33.6,25.7
TH000048431,"NAKHON RATCHASIMA, TH",14.967,102.083,188.0,2013-08-20,,28.8,33.4,26.1
TH000048431,"NAKHON RATCHASIMA, TH",14.967,102.083,188.0,2013-08-21,0.0,28.3,31.7,25.9
TH000048431,"NAKHON RATCHASIMA, TH",14.967,102.083,188.0,2013-08-22,1.5,25.7,28.7,
TH000048431,"NAKHON RATCHASIMA, TH",14.967,102.083,188.0,2013-08-23,2.3,26.6,32.0,22.8
TH000048431,"NAKHON RATCHASIMA, TH",14.967,102.083,188.0,2013-08-24,0.5,28.3,32.2,24.8
TH000048431,"NAKHON RATCHASIMA, TH",14.967,102.083,188.0,2013-08-25,0.0,29.2,34.0,25.4
TH000048431,"NAKHON RATCHASIMA, TH",14.967,102.083,188.0,2013-08-26,,29.7,34.7,25.4
TH000048431,"NAKHON RATCHASIMA, TH",14.967,102.083,188.0,2013-08-27,1.0,27.8,30.9,25.6
TH000048431,"NAKHON RATCHASIMA, TH",14.967,102.083,188.0,2013-08-28,0.0,29.4,34.8,24.7
TH000048431,"NAKHON RATCHASIMA, TH",14.967,102.083,188.0,2013-08-29,,30.3,35.2,25.3
TH000048431,"NAKHON RATCHASIMA, TH",14.967,102.083,188.0,2013-08-30,72.4,27.6,35.2,
TH000048431,"NAKHON RATCHASIMA, TH",14.967,102.083,188.0,2013-08-31,9.4,27.1,32.8,24.0
TH000048431,"NAKHON RATCHASIMA, TH",14.967,102.083,188.0,2013-09-01,0.8,28.9,34.1,24.6
TH000048431,"NAKHON RATCHASIMA, TH",14.967,102.083,188.0,2013-09-02,3.0,28.4,33.5,25.3
TH000048431,"NAKHON RATCHASIMA, TH",14.967,102.083,188.0,2013-09-03,1.0,27.5,34.2,
TH000048431,"NAKHON RATCHASIMA, TH",14.967,102.083,188.0,2013-09-04,,29.1,34.8,24.2
TH000048431,"NAKHON RATCHASIMA, TH",14.967,102.083,188.0,2013-09-05,0.0,28.3,33.2,
TH000048431,"NAKHON RATCHASIMA, TH",14.967,102.083,188.0,2013-09-06,25.7,27.2,32.7,
TH000048431,"NAKHON RATCHASIMA, TH",14.967,102.083,188.0,2013-09-07,,26.9,31.3,
TH000048431,"NAKHON RATCHASIMA, TH",14.967,102.083,188.0,2013-09-08,32.0,26.5,31.4,22.7
TH000048431,"NAKHON RATCHASIMA, TH",14.967,102.083,188.0,2013-09-09,0.0,27.8,35.7,22.2
TH000048431,"NAKHON RATCHASIMA, TH",14.967,102.083,188.0,2013-09-10,0.0,28.7,32.6,
TH000048431,"NAKHON RATCHASIMA, TH",14.967,102.083,188.0,2013-09-11,0.0,28.4,32.5,24.7
TH000048431,"NAKHON RATCHASIMA, TH",14.967,102.083,188.0,2013-09-12,0.0,28.1,,25.3
TH000048431,"NAKHON RATCHASIMA, TH",14.967,102.083,188.0,2013-09-13,2.5,25.6,30.2,
TH000048431,"NAKHON RATCHASIMA, TH",14.967,102.083,188.0,2013-09-14,26.7,26.4,32.0,24.3
TH000048431,"NAKHON RATCHASIMA, TH",14.967,102.083,188.0,2013-09-15,0.0,28.2,33.0,24.2
TH000048431,"NAKHON RATCHASIMA, TH",14.967,102.083,188.0,2013-09-16,0.5,27.7,31.8,24.5
TH000048431,"NAKHON RATCHASIMA, TH",14.967,102.083,188.0,2013-09-17,3.0,27.5,32.1,
TH000048431,"NAKHON RATCHASIMA, TH",14.967,102.083,188.0,2013-09-18,0.0,26.6,32.2,23.5
TH000048431,"NAKHON RATCHASIMA, TH",14.967,102.083,188.0,2013-09-19,66.3,23.7,25.3,
TH000048431,"NAKHON RATCHASIMA, TH",14.967,102.083,188.0,2013-09-20,102.6,24.4,26.8,22.1
TH000048431,"NAKHON RATCHASIMA, TH",14.967,102.083,188.0,2013-09-21,5.1,26.1,28.8,
TH000048431,"NAKHON RATCHASIMA, TH",14.967,102.083,188.0,2013-09-22,0.0,27.5,30.7,24.5
TH000048431,"NAKHON RATCHASIMA, TH",14.967,102.083,188.0,2013-09-23,0.5,26.3,29.2,
TH000048431,"NAKHON RATCHASIMA, TH",14.967,102.083,188.0,2013-09-24,0.0,27.9,32.2,24.1
TH000048431,"NAKHON RATCHASIMA, TH",14.967,102.083,188.0,2013-09-25,0.0,28.9,33.3,24.5
TH000048431,"NAKHON RATCHASIMA, TH",14.967,102.083,188.0,2013-09-26,44.2,27.2,32.8,
TH000048431,"NAKHON RATCHASIMA, TH",14.967,102.083,188.0,2013-09-27,16.8,25.9,29.6,
TH000048431,"NAKHON RATCHASIMA, TH",14.967,102.083,188.0,2013-09-28,24.6,25.0,28.1,23.0
TH000048431,"NAKHON RATCHASIMA, TH",14.967,102.083,188.0,2013-09-29,0.0,27.6,31.5,23.8
TH000048431,"NAKHON RATCHASIMA, TH",14.967,102.083,188.0,2013-09-30,0.0,27.8,31.0,24.6
TH000048431,"NAKHON RATCHASIMA, TH",14.967,102.083,188.0,2013-10-01,20.3,27.2,31.8,
TH000048431,"NAKHON RATCHASIMA, TH",14.967,102.083,188.0,2013-10-02,27.2,26.2,31.4,23.6
TH000048431,"NAKHON RATCHASIMA, TH",14.967,102.083,188.0,2013-10-03,14.7,27.1,34.6,23.6
TH000048431,"NAKHON RATCHASIMA, TH",14.967,102.083,188.0,2013-10-04,0.0,28.1,31.1,24.7
TH000048431,"NAKHON RATCHASIMA, TH",14.967,102.083,188.0,2013-10-05,0.5,28.1,31.7,25.1
TH000048431,"NAKHON RATCHASIMA, TH",14.967,102.083,188.0,2013-10-06,0.0,27.7,31.6,25.3
TH000048431,"NAKHON RATCHASIMA, TH",14.967,102.083,188.0,2013-10-07,19.6,26.0,30.1,
TH000048431,"NAKHON RATCHASIMA, TH",14.967,102.083,188.0,2013-10-08,0.8,27.2,31.2,22.8
TH000048431,"NAKHON RATCHASIMA, TH",14.967,102.083,188.0,2013-10-09,0.0,27.4,31.8,
TH000048431,"NAKHON RATCHASIMA, TH",14.967,102.083,188.0,2013-10-10,,27.2,31.9,22.9
TH000048431,"NAKHON RATCHASIMA, TH",14.967,102.083,188.0,2013-10-11,,28.1,32.2,23.4
TH000048431,"NAKHON RATCHASIMA, TH",14.967,102.083,188.0,2013-10-12,,28.2,31.8,24.4
TH000048431,"NAKHON RATCHASIMA, TH",14.967,102.083,188.0,2013-10-13,,28.5,33.2,24.2
TH000048431,"NAKHON RATCHASIMA, TH",14.967,102.083,188.0,2013-10-14,,28.9,,24.8
TH000048431,"NAKHON RATCHASIMA, TH",14.967,102.083,188.0,2013-10-15,42.9,27.0,31.6,
TH000048431,"NAKHON RATCHASIMA, TH",14.967,102.083,188.0,2013-10-16,67.3,23.4,23.9,
TH000048431,"NAKHON RATCHASIMA, TH",14.967,102.083,188.0,2013-10-17,26.9,25.6,31.3,22.8
TH000048431,"NAKHON RATCHASIMA, TH",14.967,102.083,188.0,2013-10-18,88.6,25.3,29.7,
TH000048431,"NAKHON RATCHASIMA, TH",14.967,102.083,188.0,2013-10-19,13.0,25.2,26.9,23.0
TH000048431,"NAKHON RATCHASIMA, TH",14.967,102.083,188.0,2013-10-20,0.0,26.4,30.3,23.2
TH000048431,"NAKHON RATCHASIMA, TH",14.967,102.083,188.0,2013-10-21,0.0,26.2,29.8,22.5
TH000048431,"NAKHON RATCHASIMA, TH",14.967,102.083,188.0,2013-10-22,,27.1,31.2,23.3
TH000048431,"NAKHON RATCHASIMA, TH",14.967,102.083,188.0,2013-10-23,,26.6,30.4,23.6
TH000048431,"NAKHON RATCHASIMA, TH",14.967,102.083,188.0,2013-10-24,,26.6,30.6,23.0
TH000048431,"NAKHON RATCHASIMA, TH",14.967,102.083,188.0,2013-10-25,,25.3,28.7,23.0
TH000048431,"NAKHON RATCHASIMA, TH",14.967,102.083,188.0,2013-10-26,,25.0,28.3,22.3
TH000048431,"NAKHON RATCHASIMA, TH",14.967,102.083,188.0,2013-10-27,,25.5,29.8,21.5
TH000048431,"NAKHON RATCHASIMA, TH",14.967,102.083,188.0,2013-10-28,,26.4,30.6,22.4
TH000048431,"NAKHON RATCHASIMA, TH",14.967,102.083,188.0,2013-10-29,,27.1,31.6,
TH000048431,"NAKHON RATCHASIMA, TH",14.967,102.083,188.0,2013-10-30,,27.4,32.2,22.6
TH000048431,"NAKHON RATCHASIMA, TH",14.967,102.083,188.0,2013-10-31,,27.6,32.6,23.3
TH000048431,"NAKHON RATCHASIMA, TH",14.967,102.083,188.0,2013-11-01,,27.8,32.5,
TH000048431,"NAKHON RATCHASIMA, TH",14.967,102.083,188.0,2013-11-02,,27.2,32.2,
TH000048431,"NAKHON RATCHASIMA, TH",14.967,102.083,188.0,2013-11-03,,26.4,31.9,21.7
TH000048431,"NAKHON RATCHASIMA, TH",14.967,102.083,188.0,2013-11-04,,26.2,30.7,20.9
TH000048431,"NAKHON RATCHASIMA, TH",14.967,102.083,188.0,2013-11-05,,27.4,31.6,21.7
TH000048431,"NAKHON RATCHASIMA, TH",14.967,102.083,188.0,2013-11-06,0.0,27.7,31.5,23.3
TH000048431,"NAKHON RATCHASIMA, TH",14.967,102.083,188.0,2013-11-07,1.0,25.6,28.1,23.8
TH000048431,"NAKHON RATCHASIMA, TH",14.967,102.083,188.0,2013-11-08,5.6,26.6,31.7,24.0
TH000048431,"NAKHON RATCHASIMA, TH",14.967,102.083,188.0,2013-11-09,2.3,26.8,30.8,
TH000048431,"NAKHON RATCHASIMA, TH",14.967,102.083,188.0,2013-11-10,0.0,26.8,32.0,22.3
TH000048431,"NAKHON RATCHASIMA, TH",14.967,102.083,188.0,2013-11-11,,28.3,33.5,22.6
TH000048431,"NAKHON RATCHASIMA, TH",14.967,102.083,188.0,2013-11-12,,29.2,34.3,24.1
TH000048431,"NAKHON RATCHASIMA, TH",14.967,102.083,188.0,2013-11-13,22.6,27.0,32.0,24.2
TH000048431,"NAKHON RATCHASIMA, TH",14.967,102.083,188.0,2013-11-14,11.7,26.8,30.4,23.8
TH000048431,"NAKHON RATCHASIMA, TH",14.967,102.083,188.0,2013-11-15,0.0,25.4,29.9,22.6
TH000048431,"NAKHON RATCHASIMA, TH",14.967,102.083,188.0,2013-11-16,0.3,24.9,29.0,22.4
TH000048431,"NAKHON RATCHASIMA, TH",14.967,102.083,188.0,2013-11-17,0.0,25.2,28.6,
TH000048431,"NAKHON RATCHASIMA, TH",14.967,102.083,188.0,2013-11-18,,26.1,30.5,22.2
TH000048431,"NAKHON RATCHASIMA, TH",14.967,102.083,188.0,2013-11-19,,25.7,29.7,21.8
TH000048431,"NAKHON RATCHASIMA, TH",14.967,102.083,188.0,2013-11-20,,25.1,28.8,20.8
TH000048431,"NAKHON RATCHASIMA, TH",14.967,102.083,188.0,2013-11-21,,25.2,29.3,21.5
TH000048431,"NAKHON RATCHASIMA, TH",14.967,102.083,188.0,2013-11-22,,26.8,31.0,21.4
TH000048431,"NAKHON RATCHASIMA, TH",14.967,102.083,188.0,2013-11-23,,26.8,30.9,23.1
TH000048431,"NAKHON RATCHASIMA, TH",14.967,102.083,188.0,2013-11-24,,27.6,32.2,24.0
TH000048431,"NAKHON RATCHASIMA, TH",14.967,102.083,188.0,2013-11-25,,27.3,33.2,
TH000048431,"NAKHON RATCHASIMA, TH",14.967,102.083,188.0,2013-11-26,,26.4,30.7,23.0
TH000048431,"NAKHON RATCHASIMA, TH",14.967,102.083,188.0,2013-11-27,,27.8,32.9,23.1
TH000048431,"NAKHON RATCHASIMA, TH",14.967,102.083,188.0,2013-11-28,,26.6,31.7,
TH000048431,"NAKHON RATCHASIMA, TH",14.967,102.083,188.0,2013-11-29,,23.4,28.1,20.0
TH000048431,"NAKHON RATCHASIMA, TH",14.967,102.083,188.0,2013-11-30,,23.2,27.9,18.6
TH000048431,"NAKHON RATCHASIMA, TH",14.967,102.083,188.0,2013-12-01,,23.1,28.4,
TH000048431,"NAKHON RATCHASIMA, TH",14.967,102.083,188.0,2013-12-02,,21.6,26.5,17.6
TH000048431,"NAKHON RATCHASIMA, TH",14.967,102.083,188.0,2013-12-03,,21.9,27.6,16.0
TH000048431,"NAKHON RATCHASIMA, TH",14.967,102.083,188.0,2013-12-04,,22.9,28.5,17.2
TH000048431,"NAKHON RATCHASIMA, TH",14.967,102.083,188.0,2013-12-05,,23.4,28.9,18.4
TH000048431,"NAKHON RATCHASIMA, TH",14.967,102.083,188.0,2013-12-06,,23.6,28.7,
TH000048431,"NAKHON RATCHASIMA, TH",14.967,102.083,188.0,2013-12-07,,22.1,27.5,16.5
TH000048431,"NAKHON RATCHASIMA, TH",14.967,102.083,188.0,2013-12-08,,22.0,28.0,16.8
TH000048431,"NAKHON RATCHASIMA, TH",14.967,102.083,188.0,2013-12-09,,23.5,29.5,16.8
TH000048431,"NAKHON RATCHASIMA, TH",14.967,102.083,188.0,2013-12-10,,22.9,28.7,18.3
TH000048431,"NAKHON RATCHASIMA, TH",14.967,102.083,188.0,2013-12-11,,23.8,29.8,17.5
TH000048431,"NAKHON RATCHASIMA, TH",14.967,102.083,188.0,2013-12-12,,23.9,29.8,18.7
TH000048431,"NAKHON RATCHASIMA, TH",14.967,102.083,188.0,2013-12-13,,25.5,30.9,19.5
TH000048431,"NAKHON RATCHASIMA, TH",14.967,102.083,188.0,2013-12-14,,26.1,31.4,21.7
TH000048431,"NAKHON RATCHASIMA, TH",14.967,102.083,188.0,2013-12-15,,26.2,31.7,21.1
TH000048431,"NAKHON RATCHASIMA, TH",14.967,102.083,188.0,2013-12-16,0.3,21.4,29.2,
TH000048431,"NAKHON RATCHASIMA, TH",14.967,102.083,188.0,2013-12-17,0.0,19.0,22.2,16.5
TH000048431,"NAKHON RATCHASIMA, TH",14.967,102.083,188.0,2013-12-18,0.0,19.8,25.0,14.5
TH000048431,"NAKHON RATCHASIMA, TH",14.967,102.083,188.0,2013-12-19,,19.1,24.3,14.4
TH000048431,"NAKHON RATCHASIMA, TH",14.967,102.083,188.0,2013-12-20,,19.4,24.8,14.9
TH000048431,"NAKHON RATCHASIMA, TH",14.967,102.083,188.0,2013-12-21,,19.1,24.7,14.0
TH000048431,"NAKHON RATCHASIMA, TH",14.967,102.083,188.0,2013-12-22,,18.8,23.9,
TH000048431,"NAKHON RATCHASIMA, TH",14.967,102.083,188.0,2013-12-23,,20.6,26.2,14.6
TH000048431,"NAKHON RATCHASIMA, TH",14.967,102.083,188.0,2013-12-24,,20.8,26.8,16.6
TH000048431,"NAKHON RATCHASIMA, TH",14.967,102.083,188.0,2013-12-25,,18.5,25.1,
TH000048431,"NAKHON RATCHASIMA, TH",14.967,102.083,188.0,2013-12-26,,19.0,25.7,12.2
TH000048431,"NAKHON RATCHASIMA, TH",14.967,102.083,188.0,2013-12-27,,19.0,24.6,14.1
TH000048431,"NAKHON RATCHASIMA, TH",14.967,102.083,188.0,2013-12-28,,18.7,24.5,13.0
TH000048431,"NAKHON RATCHASIMA, TH",14.967,102.083,188.0,2013-12-29,,19.6,24.9,13.9
TH000048431,"NAKHON RATCHASIMA, TH",14.967,102.083,188.0,2013-12-30,,19.9,25.2,15.5
TH000048431,"NAKHON RATCHASIMA, TH",14.967,102.083,188.0,2013-12-31,,19.6,25.7,14.7
TH000048431,"NAKHON RATCHASIMA, TH",14.967,102.083,188.0,2014-01-01,,19.6,26.6,
TH000048431,"NAKHON RATCHASIMA, TH",14.967,102.083,188.0,2014-01-02,,21.4,30.4,13.4
TH000048431,"NAKHON RATCHASIMA, TH",14.967,102.083,188.0,2014-01-03,,23.8,33.5,14.3
TH000048431,"NAKHON RATCHASIMA, TH",14.967,102.083,188.0,2014-01-04,,24.0,30.7,17.3
TH000048431,"NAKHON RATCHASIMA, TH",14.967,102.083,188.0,2014-01-05,,22.6,28.8,17.1
TH000048431,"NAKHON RATCHASIMA, TH",14.967,102.083,188.0,2014-01-06,,24.6,32.6,16.9
TH000048431,"NAKHON RATCHASIMA, TH",14.967,102.083,188.0,2014-01-07,,25.7,33.5,18.4
TH000048431,"NAKHON RATCHASIMA, TH",14.967,102.083,188.0,2014-01-08,,26.8,33.6,19.6
TH000048431,"NAKHON RATCHASIMA, TH",14.967,102.083,188.0,2014-01-09,,24.9,30.7,20.4
TH000048431,"NAKHON RATCHASIMA, TH",14.967,102.083,188.0,2014-01-10,,23.8,29.5,19.0
TH000048431,"NAKHON RATCHASIMA, TH",14.967,102.083,188.0,2014-01-11,,23.7,30.0,18.5
TH000048431,"NAKHON RATCHASIMA, TH",14.967,102.083,188.0,2014-01-12,,23.9,29.7,18.2
TH000048431,"NAKHON RATCHASIMA, TH",14.967,102.083,188.0,2014-01-13,,22.7,28.5,
TH000048431,"NAKHON RATCHASIMA, TH",14.967,102.083,188.0,2014-01-14,,20.2,26.0,15.6
TH000048431,"NAKHON RATCHASIMA, TH",14.967,102.083,188.0,2014-01-15,,18.8,25.1,14.1
TH000048431,"NAKHON RATCHASIMA, TH",14.967,102.083,188.0,2014-01-16,,19.0,25.9,12.6
TH000048431,"NAKHON RATCHASIMA, TH",14.967,102.083,188.0,2014-01-17,,21.6,27.6,14.5
TH000048431,"NAKHON RATCHASIMA, TH",14.967,102.083,188.0,2014-01-18,,20.2,25.8,
TH000048431,"NAKHON RATCHASIMA, TH",14.967,102.083,188.0,2014-01-19,,19.6,25.3,14.7
TH000048431,"NAKHON RATCHASIMA, TH",14.967,102.083,188.0,2014-01-20,,21.1,26.6,13.7
TH000048431,"NAKHON RATCHASIMA, TH",14.967,102.083,188.0,2014-01-21,,19.6,25.5,
TH000048431,"NAKHON RATCHASIMA, TH",14.967,102.083,188.0,2014-01-22,,18.3,23.9,13.5
TH000048431,"NAKHON RATCHASIMA, TH",14.967,102.083,188.0,2014-01-23,,17.9,24.9,11.3
TH000048431,"NAKHON RATCHASIMA, TH",14.967,102.083,188.0,2014-01-24,,19.4,27.8,11.2
TH000048431,"NAKHON RATCHASIMA, TH",14.967,102.083,188.0,2014-01-25,,21.4,30.0,12.5
TH000048431,"NAKHON RATCHASIMA, TH",14.967,102.083,188.0,2014-01-26,,22.3,29.6,14.7
TH000048431,"NAKHON RATCHASIMA, TH",14.967,102.083,188.0,2014-01-27,,22.3,29.5,15.9
TH000048431,"NAKHON RATCHASIMA, TH",14.967,102.083,188.0,2014-01-28,,23.7,31.0,15.7
TH000048431,"NAKHON RATCHASIMA, TH",14.967,102.083,188.0,2014-01-29,,24.2,31.3,17.2
TH000048431,"NAKHON RATCHASIMA, TH",14.967,102.083,188.0,2014-01-30,,23.6,30.6,17.5
TH000048431,"NAKHON RATCHASIMA, TH",14.967,102.083,188.0,2014-01-31,,23.6,30.7,16.8
TH000048431,"NAKHON RATCHASIMA, TH",14.967,102.083,188.0,2014-02-01,,25.0,32.7,16.9
TH000048431,"NAKHON RATCHASIMA, TH",14.967,102.083,188.0,2014-02-02,,27.5,35.2,18.8
TH000048431,"NAKHON RATCHASIMA, TH",14.967,102.083,188.0,2014-02-03,,27.7,36.0,20.6
TH000048431,"NAKHON RATCHASIMA, TH",14.967,102.083,188.0,2014-02-04,,28.9,36.0,20.6
TH000048431,"NAKHON RATCHASIMA, TH",14.967,102.083,188.0,2014-02-05,,28.6,34.7,22.7
TH000048431,"NAKHON RATCHASIMA, TH",14.967,102.083,188.0,2014-02-06,,28.4,34.2,23.0
TH000048431,"NAKHON RATCHASIMA, TH",14.967,102.083,188.0,2014-02-07,,28.5,34.5,
TH000048431,"NAKHON RATCHASIMA, TH",14.967,102.083,188.0,2014-02-08,,27.6,33.8,
TH000048431,"NAKHON RATCHASIMA, TH",14.967,102.083,188.0,2014-02-09,,27.4,34.7,20.6
TH000048431,"NAKHON RATCHASIMA, TH",14.967,102.083,188.0,2014-02-10,,27.9,34.7,19.5
TH000048431,"NAKHON RATCHASIMA, TH",14.967,102.083,188.0,2014-02-11,,25.3,31.5,21.4
TH000048431,"NAKHON RATCHASIMA, TH",14.967,102.083,188.0,2014-02-12,,26.0,32.0,19.9
TH000048431,"NAKHON RATCHASIMA, TH",14.967,102.083,188.0,2014-02-13,,28.1,33.8,22.1
TH000048431,"NAKHON RATCHASIMA, TH",14.967,102.083,188.0,2014-02-14,,23.0,27.6,
TH000048431,"NAKHON RATCHASIMA, TH",14.967,102.083,188.0,2014-02-15,,24.7,30.2,19.3
TH000048431,"NAKHON RATCHASIMA, TH",14.967,102.083,188.0,2014-02-16,,27.9,34.0,20.8
TH000048431,"NAKHON RATCHASIMA, TH",14.967,102.083,188.0,2014-02-17,,28.7,34.9,24.0
TH000048431,"NAKHON RATCHASIMA, TH",14.967,102.083,188.0,2014-02-18,,28.8,35.9,23.1
TH000048431,"NAKHON RATCHASIMA, TH",14.967,102.083,188.0,2014-02-19,2.8,25.9,35.3,
TH000048431,"NAKHON RATCHASIMA, TH",14.967,102.083,188.0,2014-02-20,,17.3,18.1,
TH000048431,"NAKHON RATCHASIMA, TH",14.967,102.083,188.0,2014-02-21,,21.6,27.2,17.4
TH000048431,"NAKHON RATCHASIMA, TH",14.967,102.083,188.0,2014-02-22,,26.1,33.0,18.4
TH000048431,"NAKHON RATCHASIMA, TH",14.967,102.083,188.0,2014-02-23,,27.3,34.7,21.0
TH000048431,"NAKHON RATCHASIMA, TH",14.967,102.083,188.0,2014-02-24,,28.2,35.6,21.1
TH000048431,"NAKHON RATCHASIMA, TH",14.967,102.083,188.0,2014-02-25,,28.9,35.4,22.7
TH000048431,"NAKHON RATCHASIMA, TH",14.967,102.083,188.0,2014-02-26,,29.4,36.4,23.1
TH000048431,"NAKHON RATCHASIMA, TH",14.967,102.083,188.0,2014-02-27,,29.1,35.2,23.8
TH000048431,"NAKHON RATCHASIMA, TH",14.967,102.083,188.0,2014-02-28,,29.0,35.2,23.8
TH000048431,"NAKHON RATCHASIMA, TH",14.967,102.083,188.0,2014-03-01,,29.6,36.6,23.4
TH000048431,"NAKHON RATCHASIMA, TH",14.967,102.083,188.0,2014-03-02,,30.7,37.8,24.0
TH000048431,"NAKHON RATCHASIMA, TH",14.967,102.083,188.0,2014-03-03,,30.9,38.1,24.5
TH000048431,"NAKHON RATCHASIMA, TH",14.967,102.083,188.0,2014-03-04,,30.6,38.0,22.9
TH000048431,"NAKHON RATCHASIMA, TH",14.967,102.083,188.0,2014-03-05,,30.8,38.1,23.4
TH000048431,"NAKHON RATCHASIMA, TH",14.967,102.083,188.0,2014-03-06,0.0,30.4,36.8,24.5
TH000048431,"NAKHON RATCHASIMA, TH",14.967,102.083,188.0,2014-03-07,0.0,30.1,36.4,23.8
TH000048431,"NAKHON RATCHASIMA, TH",14.967,102.083,188.0,2014-03-08,,30.4,36.8,24.3
TH000048431,"NAKHON RATCHASIMA, TH",14.967,102.083,188.0,2014-03-09,,30.6,37.0,23.7
TH000048431,"NAKHON RATCHASIMA, TH",14.967,102.083,188.0,2014-03-10,,29.1,35.5,24.8
TH000048431,"NAKHON RATCHASIMA, TH",14.967,102.083,188.0,2014-03-11,,29.6,36.0,24.1
TH000048431,"NAKHON RATCHASIMA, TH",14.967,102.083,188.0,2014-03-12,,30.8,37.5,24.8
TH000048431,"NAKHON RATCHASIMA, TH",14.967,102.083,188.0,2014-03-13,,31.0,37.8,25.0
TH000048431,"NAKHON RATCHASIMA, TH",14.967,102.083,188.0,2014-03-14,,31.7,38.4,25.5
TH000048431,"NAKHON RATCHASIMA, TH",14.967,102.083,188.0,2014-03-15,,29.8,34.5,25.6
TH000048431,"NAKHON RATCHASIMA, TH",14.967,102.083,188.0,2014-03-16,,31.1,36.2,26.0
TH000048431,"NAKHON RATCHASIMA, TH",14.967,102.083,188.0,2014-03-17,,31.5,37.7,26.7
TH000048431,"NAKHON RATCHASIMA, TH",14.967,102.083,188.0,2014-03-18,,31.7,37.9,26.3
TH000048431,"NAKHON RATCHASIMA, TH",14.967,102.083,188.0,2014-03-19,0.0,30.0,38.5,26.0
TH000048431,"NAKHON RATCHASIMA, TH",14.967,102.083,188.0,2014-03-20,2.8,28.9,38.7,
TH000048431,"NAKHON RATCHASIMA, TH",14.967,102.083,188.0,2014-03-21,9.1,29.1,33.7,23.0
TH000048431,"NAKHON RATCHASIMA, TH",14.967,102.083,188.0,2014-03-22,15.0,24.9,28.2,21.7
TH000048431,"NAKHON RATCHASIMA, TH",14.967,102.083,188.0,2014-03-23,0.0,26.8,31.8,21.7
TH000048431,"NAKHON RATCHASIMA, TH",14.967,102.083,188.0,2014-03-24,,28.2,33.3,23.6
TH000048431,"NAKHON RATCHASIMA, TH",14.967,102.083,188.0,2014-03-25,,29.6,35.1,23.7
TH000048431,"NAKHON RATCHASIMA, TH",14.967,102.083,188.0,2014-03-26,,30.3,37.4,25.3
TH000048431,"NAKHON RATCHASIMA, TH",14.967,102.083,188.0,2014-03-27,,30.1,36.2,25.2
TH000048431,"NAKHON RATCHASIMA, TH",14.967,102.083,188.0,2014-03-28,,31.2,37.5,25.8
TH000048431,"NAKHON RATCHASIMA, TH",14.967,102.083,188.0,2014-03-29,,32.1,38.3,25.4
TH000048431,"NAKHON RATCHASIMA, TH",14.967,102.083,188.0,2014-03-30,,31.7,38.0,25.4
TH000048431,"NAKHON RATCHASIMA, TH",14.967,102.083,188.0,2014-03-31,,32.3,39.6,25.7
TH000048431,"NAKHON RATCHASIMA, TH",14.967,102.083,188.0,2014-04-01,0.0,30.3,39.5,
TH000048431,"NAKHON RATCHASIMA, TH",14.967,102.083,188.0,2014-04-02,0.0,31.0,39.4,24.2
TH000048431,"NAKHON RATCHASIMA, TH",14.967,102.083,188.0,2014-04-03,,30.8,38.5,
TH000048431,"NAKHON RATCHASIMA, TH",14.967,102.083,188.0,2014-04-04,0.5,27.4,32.8,
TH000048431,"NAKHON RATCHASIMA, TH",14.967,102.083,188.0,2014-04-05,0.5,26.2,33.0,
TH000048431,"NAKHON RATCHASIMA, TH",14.967,102.083,188.0,2014-04-06,0.0,29.1,35.2,22.8
TH000048431,"NAKHON RATCHASIMA, TH",14.967,102.083,188.0,2014-04-07,7.1,28.2,36.8,
TH000048431,"NAKHON RATCHASIMA, TH",14.967,102.083,188.0,2014-04-08,1.8,29.6,36.1,23.2
TH000048431,"NAKHON RATCHASIMA, TH",14.967,102.083,188.0,2014-04-09,0.0,31.0,37.3,24.6
TH000048431,"NAKHON RATCHASIMA, TH",14.967,102.083,188.0,2014-04-10,,31.0,36.8,25.9
TH000048431,"NAKHON RATCHASIMA, TH",14.967,102.083,188.0,2014-04-11,,29.4,36.8,
TH000048431,"NAKHON RATCHASIMA, TH",14.967,102.083,188.0,2014-04-12,0.0,29.2,36.1,25.2
TH000048431,"NAKHON RATCHASIMA, TH",14.967,102.083,188.0,2014-04-13,0.0,29.3,36.4,24.8
TH000048431,"NAKHON RATCHASIMA, TH",14.967,102.083,188.0,2014-04-14,0.0,28.5,35.3,25.7
TH000048431,"NAKHON RATCHASIMA, TH",14.967,102.083,188.0,2014-04-15,0.0,28.4,35.3,25.0
TH000048431,"NAKHON RATCHASIMA, TH",14.967,102.083,188.0,2014-04-16,2.0,29.2,36.6,24.6
TH000048431,"NAKHON RATCHASIMA, TH",14.967,102.083,188.0,2014-04-17,4.1,30.2,35.7,25.0
TH000048431,"NAKHON RATCHASIMA, TH",14.967,102.083,188.0,2014-04-18,,29.9,37.2,25.7
TH000048431,"NAKHON RATCHASIMA, TH",14.967,102.083,188.0,2014-04-19,,31.3,37.8,26.3
TH000048431,"NAKHON RATCHASIMA, TH",14.967,102.083,188.0,2014-04-20,,31.9,38.4,27.1
TH000048431,"NAKHON RATCHASIMA, TH",14.967,102.083,188.0,2014-04-21,,32.6,38.6,26.7
TH000048431,"NAKHON RATCHASIMA, TH",14.967,102.083,188.0,2014-04-22,,32.7,37.8,25.0
TH000048431,"NAKHON RATCHASIMA, TH",14.967,102.083,188.0,2014-04-23,1.3,30.5,38.8,
TH000048431,"NAKHON RATCHASIMA, TH",14.967,102.083,188.0,2014-04-24,0.8,31.8,38.3,25.9
TH000048431,"NAKHON RATCHASIMA, TH",14.967,102.083,188.0,2014-04-25,6.6,30.6,38.4,26.7
TH000048431,"NAKHON RATCHASIMA, TH",14.967,102.083,188.0,2014-04-26,,31.9,37.8,26.5
TH000048431,"NAKHON RATCHASIMA, TH",14.967,102.083,188.0,2014-04-27,,31.7,39.0,
TH000048431,"NAKHON RATCHASIMA, TH",14.967,102.083,188.0,2014-04-28,61.7,29.4,34.5,23.4
TH000048431,"NAKHON RATCHASIMA, TH",14.967,102.083,188.0,2014-04-29,0.0,27.6,31.8,
TH000048431,"NAKHON RATCHASIMA, TH",14.967,102.083,188.0,2014-04-30,0.0,28.3,34.3,23.9
TH000048431,"NAKHON RATCHASIMA, TH",14.967,102.083,188.0,2014-05-01,58.2,28.8,37.0,
TH000048431,"NAKHON RATCHASIMA, TH",14.967,102.083,188.0,2014-05-02,1.3,28.3,34.8,23.5
TH000048431,"NAKHON RATCHASIMA, TH",14.967,102.083,188.0,2014-05-03,4.8,28.1,34.1,
TH000048431,"NAKHON RATCHASIMA, TH",14.967,102.083,188.0,2014-05-04,,29.8,35.6,24.4
TH000048431,"NAKHON RATCHASIMA, TH",14.967,102.083,188.0,2014-05-05,,31.2,36.6,25.7
TH000048431,"NAKHON RATCHASIMA, TH",14.967,102.083,188.0,2014-05-06,3.0,27.8,32.6,
TH000048431,"NAKHON RATCHASIMA, TH",14.967,102.083,188.0,2014-05-07,20.3,27.2,33.7,24.9
TH000048431,"NAKHON RATCHASIMA, TH",14.967,102.083,188.0,2014-05-08,6.1,28.2,35.2,24.3
TH000048431,"NAKHON RATCHASIMA, TH",14.967,102.083,188.0,2014-05-09,0.0,29.8,36.2,25.2
TH000048431,"NAKHON RATCHASIMA, TH",14.967,102.083,188.0,2014-05-10,0.0,31.8,37.1,25.9
TH000048431,"NAKHON RATCHASIMA, TH",14.967,102.083,188.0,2014-05-11,,32.2,37.3,26.0
TH000048431,"NAKHON RATCHASIMA, TH",14.967,102.083,188.0,2014-05-12,,32.4,38.2,26.8
TH000048431,"NAKHON RATCHASIMA, TH",14.967,102.083,188.0,2014-05-13,4.3,29.0,35.9,
TH000048431,"NAKHON RATCHASIMA, TH",14.967,102.083,188.0,2014-05-14,,31.2,36.2,24.7
TH000048431,"NAKHON RATCHASIMA, TH",14.967,102.083,188.0,2014-05-15,0.0,31.6,37.3,27.3
TH000048431,"NAKHON RATCHASIMA, TH",14.967,102.083,188.0,2014-05-16,0.0,31.4,38.1,27.0
TH000048431,"NAKHON RATCHASIMA, TH",14.967,102.083,188.0,2014-05-17,2.3,29.6,37.5,
TH000048431,"NAKHON RATCHASIMA, TH",14.967,102.083,188.0,2014-05-18,48.0,28.5,35.5,25.2
TH000048431,"NAKHON RATCHASIMA, TH",14.967,102.083,188.0,2014-05-19,0.3,29.2,33.8,24.9
TH000048431,"NAKHON RATCHASIMA, TH",14.967,102.083,188.0,2014-05-20,0.0,31.0,36.8,25.2
TH000048431,"NAKHON RATCHASIMA, TH",14.967,102.083,188.0,2014-05-21,14.5,31.2,38.1,26.3
TH000048431,"NAKHON RATCHASIMA, TH",14.967,102.083,188.0,2014-05-22,,31.5,37.1,25.9
TH000048431,"NAKHON RATCHASIMA, TH",14.967,102.083,188.0,2014-05-23,,31.2,37.0,26.4
TH000048431,"NAKHON RATCHASIMA, TH",14.967,102.083,188.0,2014-05-24,,31.0,38.2,25.6
TH000048431,"NAKHON RATCHASIMA, TH",14.967,102.083,188.0,2014-05-25,,31.9,37.4,27.6
TH000048431,"NAKHON RATCHASIMA, TH",14.967,102.083,188.0,2014-05-26,,30.8,37.0,27.4
TH000048431,"NAKHON RATCHASIMA, TH",14.967,102.083,188.0,2014-05-27,31.5,27.6,36.7,
TH000048431,"NAKHON RATCHASIMA, TH",14.967,102.083,188.0,2014-05-28,1.3,29.1,35.7,24.8
TH000048431,"NAKHON RATCHASIMA, TH",14.967,102.083,188.0,2014-05-29,2.3,28.9,35.0,26.1
TH000048431,"NAKHON RATCHASIMA, TH",14.967,102.083,188.0,2014-05-30,,30.6,36.3,26.1
TH000048431,"NAKHON RATCHASIMA, TH",14.967,102.083,188.0,2014-05-31,,31.4,36.3,26.8
TH000048431,"NAKHON RATCHASIMA, TH",14.967,102.083,188.0,2014-06-01,1.0,31.2,36.6,26.6
TH000048431,"NAKHON RATCHASIMA, TH",14.967,102.083,188.0,2014-06-02,,31.7,37.2,26.5
TH000048431,"NAKHON RATCHASIMA, TH",14.967,102.083,188.0,2014-06-03,8.6,29.8,37.1,27.0
TH000048431,"NAKHON RATCHASIMA, TH",14.967,102.083,188.0,2014-06-04,0.0,30.9,36.4,26.2
TH000048431,"NAKHON RATCHASIMA, TH",14.967,102.083,188.0,2014-06-05,0.0,30.6,37.1,26.5
TH000048431,"NAKHON RATCHASIMA, TH",14.967,102.083,188.0,2014-06-06,1.8,30.3,35.2,26.3
TH000048431,"NAKHON RATCHASIMA, TH",14.967,102.083,188.0,2014-06-07,,29.9,35.0,26.3
TH000048431,"NAKHON RATCHASIMA, TH",14.967,102.083,188.0,2014-06-08,1.0,30.7,35.5,25.7
TH000048431,"NAKHON RATCHASIMA, TH",14.967,102.083,188.0,2014-06-09,7.1,29.9,34.5,26.4
TH000048431,"NAKHON RATCHASIMA, TH",14.967,102.083,188.0,2014-06-10,,31.4,38.3,27.2
TH000048431,"NAKHON RATCHASIMA, TH",14.967,102.083,188.0,2014-06-11,2.3,30.0,35.0,
TH000048431,"NAKHON RATCHASIMA, TH",14.967,102.083,188.0,2014-06-12,0.0,29.7,34.9,25.0
TH000048431,"NAKHON RATCHASIMA, TH",14.967,102.083,188.0,2014-06-13,1.3,29.7,34.0,25.7
TH000048431,"NAKHON RATCHASIMA, TH",14.967,102.083,188.0,2014-06-14,1.3,28.8,34.7,26.5
TH000048431,"NAKHON RATCHASIMA, TH",14.967,102.083,188.0,2014-06-15,1.8,28.7,33.7,26.2
TH000048431,"NAKHON RATCHASIMA, TH",14.967,102.083,188.0,2014-06-16,0.0,29.1,33.7,
TH000048431,"NAKHON RATCHASIMA, TH",14.967,102.083,188.0,2014-06-17,0.0,29.1,34.5,26.1
TH000048431,"NAKHON RATCHASIMA, TH",14.967,102.083,188.0,2014-06-18,15.2,29.0,34.2,26.2
TH000048431,"NAKHON RATCHASIMA, TH",14.967,102.083,188.0,2014-06-19,,29.7,33.5,25.8
TH000048431,"NAKHON RATCHASIMA, TH",14.967,102.083,188.0,2014-06-20,,30.8,36.1,26.0
TH000048431,"NAKHON RATCHASIMA, TH",14.967,102.083,188.0,2014-06-21,,30.8,36.6,
TH000048431,"NAKHON RATCHASIMA, TH",14.967,102.083,188.0,2014-06-22,0.0,30.3,34.0,26.3
TH000048431,"NAKHON RATCHASIMA, TH",14.967,102.083,188.0,2014-06-23,,29.9,33.4,24.9
TH000048431,"NAKHON RATCHASIMA, TH",14.967,102.083,188.0,2014-06-24,,30.6,35.7,26.5
TH000048431,"NAKHON RATCHASIMA, TH",14.967,102.083,188.0,2014-06-25,0.0,29.7,36.7,
TH000048431,"NAKHON RATCHASIMA, TH",14.967,102.083,188.0,2014-06-26,11.4,27.4,36.6,
TH000048431,"NAKHON RATCHASIMA, TH",14.967,102.083,188.0,2014-06-27,0.3,30.7,35.8,24.3
TH000048431,"NAKHON RATCHASIMA, TH",14.967,102.083,188.0,2014-06-28,0.0,30.7,36.1,27.0
TH000048431,"NAKHON RATCHASIMA, TH",14.967,102.083,188.0,2014-06-29,,31.3,36.0,
TH000048431,"NAKHON RATCHASIMA, TH",14.967,102.083,188.0,2014-06-30,1.8,28.1,31.7,25.3
TH000048431,"NAKHON RATCHASIMA, TH",14.967,102.083,188.0,2014-07-01,0.0,29.9,35.7,25.4
TH000048431,"NAKHON RATCHASIMA, TH",14.967,102.083,188.0,2014-07-02,,31.2,36.7,25.9
TH000048431,"NAKHON RATCHASIMA, TH",14.967,102.083,188.0,2014-07-03,,32.3,37.2,22.5
TH000048431,"NAKHON RATCHASIMA, TH",14.967,102.083,188.0,2014-07-04,,31.7,38.4,27.5
TH000048431,"NAKHON RATCHASIMA, TH",14.967,102.083,188.0,2014-07-05,,32.6,38.3,27.3
TH000048431,"NAKHON RATCHASIMA, TH",14.967,102.083,188.0,2014-07-06,,32.4,38.0,27.3
TH000048431,"NAKHON RATCHASIMA, TH",14.967,102.083,188.0,2014-07-07,,31.6,36.8,28.0
TH000048431,"NAKHON RATCHASIMA, TH",14.967,102.083,188.0,2014-07-08,,30.8,37.1,27.2
TH000048431,"NAKHON RATCHASIMA, TH",14.967,102.083,188.0,2014-07-09,0.0,30.4,36.1,26.9
TH000048431,"NAKHON RATCHASIMA, TH",14.967,102.083,188.0,2014-07-10,0.0,30.3,35.6,26.9
TH000048431,"NAKHON RATCHASIMA, TH",14.967,102.083,188.0,2014-07-11,,30.2,35.3,26.4
TH000048431,"NAKHON RATCHASIMA, TH",14.967,102.083,188.0,2014-07-12,0.3,30.7,36.3,
TH000048431,"NAKHON RATCHASIMA, TH",14.967,102.083,188.0,2014-07-13,45.2,27.4,34.8,
TH000048431,"NAKHON RATCHASIMA, TH",14.967,102.083,188.0,2014-07-14,0.3,28.1,32.6,24.2
TH000048431,"NAKHON RATCHASIMA, TH",14.967,102.083,188.0,2014-07-15,0.0,29.1,35.0,25.2
TH000048431,"NAKHON RATCHASIMA, TH",14.967,102.083,188.0,2014-07-16,,29.4,34.0,25.4
TH000048431,"NAKHON RATCHASIMA, TH",14.967,102.083,188.0,2014-07-17,,30.6,35.7,25.8
TH000048431,"NAKHON RATCHASIMA, TH",14.967,102.083,188.0,2014-07-18,0.0,29.4,33.8,26.3
TH000048431,"NAKHON RATCHASIMA, TH",14.967,102.083,188.0,2014-07-19,0.0,27.5,34.6,25.6
TH000048431,"NAKHON RATCHASIMA, TH",14.967,102.083,188.0,2014-07-20,9.4,27.1,32.3,24.6
TH000048431,"NAKHON RATCHASIMA, TH",14.967,102.083,188.0,2014-07-21,10.4,27.2,34.0,
TH000048431,"NAKHON RATCHASIMA, TH",14.967,102.083,188.0,2014-07-22,0.3,28.6,33.8,25.0
TH000048431,"NAKHON RATCHASIMA, TH",14.967,102.083,188.0,2014-07-23,15.0,26.8,33.0,
TH000048431,"NAKHON RATCHASIMA, TH",14.967,102.083,188.0,2014-07-24,0.5,29.3,34.7,24.0
TH000048431,"NAKHON RATCHASIMA, TH",14.967,102.083,188.0,2014-07-25,2.0,28.5,34.3,24.8
TH000048431,"NAKHON RATCHASIMA, TH",14.967,102.083,188.0,2014-07-26,12.2,28.7,34.7,25.1
TH000048431,"NAKHON RATCHASIMA, TH",14.967,102.083,188.0,2014-07-27,,29.3,33.4,25.1
TH000048431,"NAKHON RATCHASIMA, TH",14.967,102.083,188.0,2014-07-28,0.3,28.0,33.6,25.8
TH000048431,"NAKHON RATCHASIMA, TH",14.967,102.083,188.0,2014-07-29,,29.9,35.1,25.7
TH000048431,"NAKHON RATCHASIMA, TH",14.967,102.083,188.0,2014-07-30,0.0,29.7,33.7,25.9
TH000048431,"NAKHON RATCHASIMA, TH",14.967,102.083,188.0,2014-07-31,0.0,29.7,34.0,25.9
TH000048431,"NAKHON RATCHASIMA, TH",14.967,102.083,188.0,2014-08-01,,29.9,34.5,
TH000048431,"NAKHON RATCHASIMA, TH",14.967,102.083,188.0,2014-08-02,,30.0,35.2,25.7
TH000048431,"NAKHON RATCHASIMA, TH",14.967,102.083,188.0,2014-08-03,,29.9,35.0,
TH000048431,"NAKHON RATCHASIMA, TH",14.967,102.083,188.0,2014-08-04,0.3,29.5,34.6,
TH000048431,"NAKHON RATCHASIMA, TH",14.967,102.083,188.0,2014-08-05,5.1,27.7,32.2,
TH000048431,"NAKHON RATCHASIMA, TH",14.967,102.083,188.0,2014-08-06,0.3,27.8,33.7,24.2
TH000048431,"NAKHON RATCHASIMA, TH",14.967,102.083,188.0,2014-08-07,0.3,27.2,32.7,24.7
TH000048431,"NAKHON RATCHASIMA, TH",14.967,102.083,188.0,2014-08-08,2.0,28.5,34.5,24.4
TH000048431,"NAKHON RATCHASIMA, TH",14.967,102.083,188.0,2014-08-09,,29.0,33.4,25.0
TH000048431,"NAKHON RATCHASIMA, TH",14.967,102.083,188.0,2014-08-10,,29.9,35.2,25.4
TH000048431,"NAKHON RATCHASIMA, TH",14.967,102.083,188.0,2014-08-11,,30.5,36.1,25.8
TH000048431,"NAKHON RATCHASIMA, TH",14.967,102.083,188.0,2014-08-12,3.0,30.0,36.2,25.3
TH000048431,"NAKHON RATCHASIMA, TH",14.967,102.083,188.0,2014-08-13,1.0,29.7,34.3,25.2
TH000048431,"NAKHON RATCHASIMA, TH",14.967,102.083,188.0,2014-08-14,0.0,29.8,34.7,26.0
TH000048431,"NAKHON RATCHASIMA, TH",14.967,102.083,188.0,2014-08-15,,29.5,35.1,25.2
TH000048431,"NAKHON RATCHASIMA, TH",14.967,102.083,188.0,2014-08-16,,28.8,34.3,25.3
TH000048431,"NAKHON RATCHASIMA, TH",14.967,102.083,188.0,2014-08-17,,29.2,36.0,25.3
TH000048431,"NAKHON RATCHASIMA, TH",14.967,102.083,188.0,2014-08-18,,30.1,37.7,25.7
TH000048431,"NAKHON RATCHASIMA, TH",14.967,102.083,188.0,2014-08-19,0.0,28.6,36.7,25.6
TH000048431,"NAKHON RATCHASIMA, TH",14.967,102.083,188.0,2014-08-20,2.3,28.3,35.2,25.2
TH000048431,"NAKHON RATCHASIMA, TH",14.967,102.083,188.0,2014-08-21,8.4,27.7,33.5,
TH000048431,"NAKHON RATCHASIMA, TH",14.967,102.083,188.0,2014-08-22,3.3,28.1,33.6,24.5
TH000048431,"NAKHON RATCHASIMA, TH",14.967,102.083,188.0,2014-08-23,11.2,27.2,33.2,
TH000048431,"NAKHON RATCHASIMA, TH",14.967,102.083,188.0,2014-08-24,0.0,28.8,35.4,24.3
TH000048431,"NAKHON RATCHASIMA, TH",14.967,102.083,188.0,2014-08-25,0.0,29.6,35.2,25.2
TH000048431,"NAKHON RATCHASIMA, TH",14.967,102.083,188.0,2014-08-26,0.0,26.9,31.0,
TH000048431,"NAKHON RATCHASIMA, TH",14.967,102.083,188.0,2014-08-27,63.2,26.2,31.1,24.5
TH000048431,"NAKHON RATCHASIMA, TH",14.967,102.083,188.0,2014-08-28,4.3,27.3,33.2,24.4
TH000048431,"NAKHON RATCHASIMA, TH",14.967,102.083,188.0,2014-08-29,99.1,27.1,32.7,
TH000048431,"NAKHON RATCHASIMA, TH",14.967,102.083,188.0,2014-08-30,19.3,26.8,31.0,23.7
TH000048431,"NAKHON RATCHASIMA, TH",14.967,102.083,188.0,2014-08-31,26.2,26.9,32.2,
TH000048431,"NAKHON RATCHASIMA, TH",14.967,102.083,188.0,2014-09-01,47.5,25.9,32.7,24.0
TH000048431,"NAKHON RATCHASIMA, TH",14.967,102.083,188.0,2014-09-02,29.2,25.6,30.7,23.9
TH000048431,"NAKHON RATCHASIMA, TH",14.967,102.083,188.0,2014-09-03,0.8,27.6,32.7,23.7
TH000048431,"NAKHON RATCHASIMA, TH",14.967,102.083,188.0,2014-09-04,,28.6,33.0,24.6
TH000048431,"NAKHON RATCHASIMA, TH",14.967,102.083,188.0,2014-09-05,7.1,27.9,33.2,24.4
TH000048431,"NAKHON RATCHASIMA, TH",14.967,102.083,188.0,2014-09-06,52.8,27.4,33.2,
TH000048431,"NAKHON RATCHASIMA, TH",14.967,102.083,188.0,2014-09-07,0.3,27.4,32.7,23.7
TH000048431,"NAKHON RATCHASIMA, TH",14.967,102.083,188.0,2014-09-08,0.0,29.3,34.2,24.0
TH000048431,"NAKHON RATCHASIMA, TH",14.967,102.083,188.0,2014-09-09,19.8,27.6,34.2,24.7
TH000048431,"NAKHON RATCHASIMA, TH",14.967,102.083,188.0,2014-09-10,6.9,27.9,33.1,25.0
TH000048431,"NAKHON RATCHASIMA, TH",14.967,102.083,188.0,2014-09-11,3.3,28.2,33.8,24.9
TH000048431,"NAKHON RATCHASIMA, TH",14.967,102.083,188.0,2014-09-12,25.9,27.3,33.8,24.7
TH000048431,"NAKHON RATCHASIMA, TH",14.967,102.083,188.0,2014-09-13,4.8,28.7,34.2,24.2
TH000048431,"NAKHON RATCHASIMA, TH",14.967,102.083,188.0,2014-09-14,2.5,27.3,33.0,
TH000048431,"NAKHON RATCHASIMA, TH",14.967,102.083,188.0,2014-09-15,1.8,27.2,33.6,24.4
TH000048431,"NAKHON RATCHASIMA, TH",14.967,102.083,188.0,2014-09-16,,28.6,32.8,24.3
TH000048431,"NAKHON RATCHASIMA, TH",14.967,102.083,188.0,2014-09-17,,28.6,33.5,25.1
TH000048431,"NAKHON RATCHASIMA, TH",14.967,102.083,188.0,2014-09-18,0.0,28.8,33.5,25.5
TH000048431,"NAKHON RATCHASIMA, TH",14.967,102.083,188.0,2014-09-19,0.0,29.8,34.6,25.1
TH000048431,"NAKHON RATCHASIMA, TH",14.967,102.083,188.0,2014-09-20,1.5,29.4,35.0,25.2
TH000048431,"NAKHON RATCHASIMA, TH",14.967,102.083,188.0,2014-09-21,,29.8,35.8,25.4
TH000048431,"NAKHON RATCHASIMA, TH",14.967,102.083,188.0,2014-09-22,,28.5,32.1,25.7
TH000048431,"NAKHON RATCHASIMA, TH",14.967,102.083,188.0,2014-09-23,0.0,28.2,34.5,25.6
TH000048431,"NAKHON RATCHASIMA, TH",14.967,102.083,188.0,2014-09-24,7.9,27.2,31.5,
TH000048431,"NAKHON RATCHASIMA, TH",14.967,102.083,188.0,2014-09-25,19.3,26.5,30.7,
TH000048431,"NAKHON RATCHASIMA, TH",14.967,102.083,188.0,2014-09-26,2.0,27.8,33.3,24.2
TH000048431,"NAKHON RATCHASIMA, TH",14.967,102.083,188.0,2014-09-27,1.8,28.7,34.7,24.2
TH000048431,"NAKHON RATCHASIMA, TH",14.967,102.083,188.0,2014-09-28,27.7,28.2,34.7,
TH000048431,"NAKHON RATCHASIMA, TH",14.967,102.083,188.0,2014-09-29,3.0,26.8,32.7,23.8
TH000048431,"NAKHON RATCHASIMA, TH",14.967,102.083,188.0,2014-09-30,3.6,26.2,30.8,23.9
TH000048431,"NAKHON RATCHASIMA, TH",14.967,102.083,188.0,2014-10-01,,27.2,32.6,24.1
TH000048431,"NAKHON RATCHASIMA, TH",14.967,102.083,188.0,2014-10-02,,28.9,33.4,23.9
TH000048431,"NAKHON RATCHASIMA, TH",14.967,102.083,188.0,2014-10-03,,29.2,34.4,24.7
TH000048431,"NAKHON RATCHASIMA, TH",14.967,102.083,188.0,2014-10-04,,29.3,34.6,24.4
TH000048431,"NAKHON RATCHASIMA, TH",14.967,102.083,188.0,2014-10-05,0.5,29.2,33.5,
TH000048431,"NAKHON RATCHASIMA, TH",14.967,102.083,188.0,2014-10-06,0.5,26.1,28.5,
TH000048431,"NAKHON RATCHASIMA, TH",14.967,102.083,188.0,2014-10-07,0.0,27.2,30.8,23.9
TH000048431,"NAKHON RATCHASIMA, TH",14.967,102.083,188.0,2014-10-08,2.3,26.9,31.4,23.4
TH000048431,"NAKHON RATCHASIMA, TH",14.967,102.083,188.0,2014-10-09,0.5,28.0,31.7,23.5
TH000048431,"NAKHON RATCHASIMA, TH",14.967,102.083,188.0,2014-10-10,0.5,27.6,33.1,
TH000048431,"NAKHON RATCHASIMA, TH",14.967,102.083,188.0,2014-10-11,21.6,27.2,31.5,
TH000048431,"NAKHON RATCHASIMA, TH",14.967,102.083,188.0,2014-10-12,,27.7,31.4,24.0
TH000048431,"NAKHON RATCHASIMA, TH",14.967,102.083,188.0,2014-10-13,,27.7,31.7,23.6
TH000048431,"NAKHON RATCHASIMA, TH",14.967,102.083,188.0,2014-10-14,,27.2,31.7,23.5
TH000048431,"NAKHON RATCHASIMA, TH",14.967,102.083,188.0,2014-10-15,,26.6,31.2,22.8
TH000048431,"NAKHON RATCHASIMA, TH",14.967,102.083,188.0,2014-10-16,,27.6,31.3,22.9
TH000048431,"NAKHON RATCHASIMA, TH",14.967,102.083,188.0,2014-10-17,,27.6,32.0,23.8
TH000048431,"NAKHON RATCHASIMA, TH",14.967,102.083,188.0,2014-10-18,,28.0,31.6,23.3
TH000048431,"NAKHON RATCHASIMA, TH",14.967,102.083,188.0,2014-10-19,5.8,25.9,30.0,
TH000048431,"NAKHON RATCHASIMA, TH",14.967,102.083,188.0,2014-10-20,5.3,26.2,31.2,23.1
TH000048431,"NAKHON RATCHASIMA, TH",14.967,102.083,188.0,2014-10-21,0.0,28.2,32.5,24.0
TH000048431,"NAKHON RATCHASIMA, TH",14.967,102.083,188.0,2014-10-22,0.0,28.7,33.0,24.2
TH000048431,"NAKHON RATCHASIMA, TH",14.967,102.083,188.0,2014-10-23,14.7,26.8,30.4,23.7
TH000048431,"NAKHON RATCHASIMA, TH",14.967,102.083,188.0,2014-10-24,0.0,26.8,31.5,23.5
TH000048431,"NAKHON RATCHASIMA, TH",14.967,102.083,188.0,2014-10-25,0.0,26.7,32.5,22.7
TH000048431,"NAKHON RATCHASIMA, TH",14.967,102.083,188.0,2014-10-26,0.0,27.0,31.0,24.3
TH000048431,"NAKHON RATCHASIMA, TH",14.967,102.083,188.0,2014-10-27,0.0,28.4,33.1,24.3
TH000048431,"NAKHON RATCHASIMA, TH",14.967,102.083,188.0,2014-10-28,0.0,26.8,31.4,
TH000048431,"NAKHON RATCHASIMA, TH",14.967,102.083,188.0,2014-10-29,0.0,28.1,32.8,23.6
TH000048431,"NAKHON RATCHASIMA, TH",14.967,102.083,188.0,2014-10-30,4.1,27.3,32.8,24.3
TH000048431,"NAKHON RATCHASIMA, TH",14.967,102.083,188.0,2014-10-31,,27.9,33.2,23.8
TH000048431,"NAKHON RATCHASIMA, TH",14.967,102.083,188.0,2014-11-01,6.1,27.6,32.9,24.3
TH000048431,"NAKHON RATCHASIMA, TH",14.967,102.083,188.0,2014-11-02,,28.4,33.8,24.6
TH000048431,"NAKHON RATCHASIMA, TH",14.967,102.083,188.0,2014-11-03,,27.8,32.3,23.3
TH000048431,"NAKHON RATCHASIMA, TH",14.967,102.083,188.0,2014-11-04,,27.3,31.8,22.7
TH000048431,"NAKHON RATCHASIMA, TH",14.967,102.083,188.0,2014-11-05,0.3,26.9,32.8,
TH000048431,"NAKHON RATCHASIMA, TH",14.967,102.083,188.0,2014-11-06,,28.2,33.3,23.3
TH000048431,"NAKHON RATCHASIMA, TH",14.967,102.083,188.0,2014-11-07,0.0,28.3,32.6,
TH000048431,"NAKHON RATCHASIMA, TH",14.967,102.083,188.0,2014-11-08,0.0,28.4,33.5,24.0
TH000048431,"NAKHON RATCHASIMA, TH",14.967,102.083,188.0,2014-11-09,,27.6,32.7,23.6
TH000048431,"NAKHON RATCHASIMA, TH",14.967,102.083,188.0,2014-11-10,,28.5,34.2,23.7
TH000048431,"NAKHON RATCHASIMA, TH",14.967,102.083,188.0,2014-11-11,,29.0,34.0,24.1
TH000048431,"NAKHON RATCHASIMA, TH",14.967,102.083,188.0,2014-11-12,,28.6,33.6,23.8
TH000048431,"NAKHON RATCHASIMA, TH",14.967,102.083,188.0,2014-11-13,,27.7,32.2,23.5
TH000048431,"NAKHON RATCHASIMA, TH",14.967,102.083,188.0,2014-11-14,,26.1,29.7,23.0
TH000048431,"NAKHON RATCHASIMA, TH",14.967,102.083,188.0,2014-11-15,,26.9,31.8,22.1
TH000048431,"NAKHON RATCHASIMA, TH",14.967,102.083,188.0,2014-11-16,,27.3,32.6,22.3
TH000048431,"NAKHON RATCHASIMA, TH",14.967,102.083,188.0,2014-11-17,,26.9,32.0,22.4
TH000048431,"NAKHON RATCHASIMA, TH",14.967,102.083,188.0,2014-11-18,,25.3,31.0,
TH000048431,"NAKHON RATCHASIMA, TH",14.967,102.083,188.0,2014-11-19,,24.7,29.9,20.1
TH000048431,"NAKHON RATCHASIMA, TH",14.967,102.083,188.0,2014-11-20,,25.1,30.5,20.1
TH000048431,"NAKHON RATCHASIMA, TH",14.967,102.083,188.0,2014-11-21,,25.7,32.0,20.4
TH000048431,"NAKHON RATCHASIMA, TH",14.967,102.083,188.0,2014-11-22,,26.1,32.5,20.1
TH000048431,"NAKHON RATCHASIMA, TH",14.967,102.083,188.0,2014-11-23,,26.7,33.1,20.4
TH000048431,"NAKHON RATCHASIMA, TH",14.967,102.083,188.0,2014-11-24,,27.7,33.7,20.8
TH000048431,"NAKHON RATCHASIMA, TH",14.967,102.083,188.0,2014-11-25,,28.8,33.9,22.3
TH000048431,"NAKHON RATCHASIMA, TH",14.967,102.083,188.0,2014-11-26,,29.2,34.7,24.7
TH000048431,"NAKHON RATCHASIMA, TH",14.967,102.083,188.0,2014-11-27,7.6,27.6,35.2,
TH000048431,"NAKHON RATCHASIMA, TH",14.967,102.083,188.0,2014-11-28,5.6,28.9,34.8,23.5
TH000048431,"NAKHON RATCHASIMA, TH",14.967,102.083,188.0,2014-11-29,0.0,29.1,34.5,
TH000048431,"NAKHON RATCHASIMA, TH",14.967,102.083,188.0,2014-11-30,,29.7,35.7,24.2
TH000048431,"NAKHON RATCHASIMA, TH",14.967,102.083,188.0,2014-12-01,,28.1,35.9,
TH000048431,"NAKHON RATCHASIMA, TH",14.967,102.083,188.0,2014-12-02,0.3,25.9,29.3,23.8
TH000048431,"NAKHON RATCHASIMA, TH",14.967,102.083,188.0,2014-12-03,0.0,27.0,31.9,23.5
TH000048431,"NAKHON RATCHASIMA, TH",14.967,102.083,188.0,2014-12-04,0.0,26.6,31.0,
TH000048431,"NAKHON RATCHASIMA, TH",14.967,102.083,188.0,2014-12-05,,25.8,30.1,22.5
TH000048431,"NAKHON RATCHASIMA, TH",14.967,102.083,188.0,2014-12-06,,26.4,32.0,21.8
TH000048431,"NAKHON RATCHASIMA, TH",14.967,102.083,188.0,2014-12-07,,27.1,33.1,21.5
TH000048431,"NAKHON RATCHASIMA, TH",14.967,102.083,188.0,2014-12-08,,25.5,31.4,20.9
TH000048431,"NAKHON RATCHASIMA, TH",14.967,102.083,188.0,2014-12-09,,24.6,30.8,19.5
TH000048431,"NAKHON RATCHASIMA, TH",14.967,102.083,188.0,2014-12-10,,25.9,31.0,20.3
TH000048431,"NAKHON RATCHASIMA, TH",14.967,102.083,188.0,2014-12-11,,25.4,31.7,19.4
TH000048431,"NAKHON RATCHASIMA, TH",14.967,102.083,188.0,2014-12-12,,24.2,30.1,
TH000048431,"NAKHON RATCHASIMA, TH",14.967,102.083,188.0,2014-12-13,,23.4,28.0,18.6
TH000048431,"NAKHON RATCHASIMA, TH",14.967,102.083,188.0,2014-12-14,,23.6,29.1,17.6
TH000048431,"NAKHON RATCHASIMA, TH",14.967,102.083,188.0,2014-12-15,,25.2,30.8,19.1
TH000048431,"NAKHON RATCHASIMA, TH",14.967,102.083,188.0,2014-12-16,,23.8,29.5,
TH000048431,"NAKHON RATCHASIMA, TH",14.967,102.083,188.0,2014-12-17,,21.2,25.7,
TH000048431,"NAKHON RATCHASIMA, TH",14.967,102.083,188.0,2014-12-18,,21.6,26.1,17.3
TH000048431,"NAKHON RATCHASIMA, TH",14.967,102.083,188.0,2014-12-19,,23.2,28.9,17.8
TH000048431,"NAKHON RATCHASIMA, TH",14.967,102.083,188.0,2014-12-20,,22.9,29.0,17.8
TH000048431,"NAKHON RATCHASIMA, TH",14.967,102.083,188.0,2014-12-21,,23.6,30.0,17.3
TH000048431,"NAKHON RATCHASIMA, TH",14.967,102.083,188.0,2014-12-22,,21.2,26.5,
TH000048431,"NAKHON RATCHASIMA, TH",14.967,102.083,188.0,2014-12-23,,21.8,28.4,15.9
TH000048431,"NAKHON RATCHASIMA, TH",14.967,102.083,188.0,2014-12-24,,24.6,30.6,17.1
TH000048431,"NAKHON RATCHASIMA, TH",14.967,102.083,188.0,2014-12-25,,26.2,32.3,20.8
TH000048431,"NAKHON RATCHASIMA, TH",14.967,102.083,188.0,2014-12-26,,26.7,32.5,21.5
TH000048431,"NAKHON RATCHASIMA, TH",14.967,102.083,188.0,2014-12-27,,27.9,33.1,23.5
TH000048431,"NAKHON RATCHASIMA, TH",14.967,102.083,188.0,2014-12-28,,24.9,33.1,
TH000048431,"NAKHON RATCHASIMA, TH",14.967,102.083,188.0,2014-12-29,,22.5,27.8,17.7
TH000048431,"NAKHON RATCHASIMA, TH",14.967,102.083,188.0,2014-12-30,,21.5,29.0,16.2
TH000048431,"NAKHON RATCHASIMA, TH",14.967,102.083,188.0,2014-12-31,,22.0,28.4,15.3
TH000048431,"NAKHON RATCHASIMA, TH",14.967,102.083,188.0,2015-01-01,,21.8,27.4,16.8
TH000048431,"NAKHON RATCHASIMA, TH",14.967,102.083,188.0,2015-01-02,,20.9,26.7,15.2
TH000048431,"NAKHON RATCHASIMA, TH",14.967,102.083,188.0,2015-01-03,,22.1,29.5,15.4
TH000048431,"NAKHON RATCHASIMA, TH",14.967,102.083,188.0,2015-01-04,,24.3,31.4,16.2
TH000048431,"NAKHON RATCHASIMA, TH",14.967,102.083,188.0,2015-01-05,,26.7,33.8,19.2
TH000048431,"NAKHON RATCHASIMA, TH",14.967,102.083,188.0,2015-01-06,,27.3,34.8,20.0
TH000048431,"NAKHON RATCHASIMA, TH",14.967,102.083,188.0,2015-01-07,1.0,28.3,34.1,22.7
TH000048431,"NAKHON RATCHASIMA, TH",14.967,102.083,188.0,2015-01-08,0.0,24.1,25.8,
TH000048431,"NAKHON RATCHASIMA, TH",14.967,102.083,188.0,2015-01-09,0.0,25.2,30.6,21.4
TH000048431,"NAKHON RATCHASIMA, TH",14.967,102.083,188.0,2015-01-10,0.0,24.4,30.3,20.1
TH000048431,"NAKHON RATCHASIMA, TH",14.967,102.083,188.0,2015-01-11,0.0,21.4,26.7,18.3
TH000048431,"NAKHON RATCHASIMA, TH",14.967,102.083,188.0,2015-01-12,,21.5,25.1,17.9
TH000048431,"NAKHON RATCHASIMA, TH",14.967,102.083,188.0,2015-01-13,,21.4,27.0,
TH000048431,"NAKHON RATCHASIMA, TH",14.967,102.083,188.0,2015-01-14,,20.5,26.2,14.8
TH000048431,"NAKHON RATCHASIMA, TH",14.967,102.083,188.0,2015-01-15,,20.2,27.2,14.8
TH000048431,"NAKHON RATCHASIMA, TH",14.967,102.083,188.0,2015-01-16,,21.2,28.6,13.6
TH000048431,"NAKHON RATCHASIMA, TH",14.967,102.083,188.0,2015-01-17,,21.1,27.7,14.4
TH000048431,"NAKHON RATCHASIMA, TH",14.967,102.083,188.0,2015-01-18,,22.4,27.8,16.5
TH000048431,"NAKHON RATCHASIMA, TH",14.967,102.083,188.0,2015-01-19,,21.8,27.7,16.5
TH000048431,"NAKHON RATCHASIMA, TH",14.967,102.083,188.0,2015-01-20,,21.8,29.6,15.9
TH000048431,"NAKHON RATCHASIMA, TH",14.967,102.083,188.0,2015-01-21,,23.4,31.5,15.3
TH000048431,"NAKHON RATCHASIMA, TH",14.967,102.083,188.0,2015-01-22,,22.9,30.8,16.8
TH000048431,"NAKHON RATCHASIMA, TH",14.967,102.083,188.0,2015-01-23,,24.2,32.4,16.2
TH000048431,"NAKHON RATCHASIMA, TH",14.967,102.083,188.0,2015-01-24,,25.1,33.0,17.5
TH000048431,"NAKHON RATCHASIMA, TH",14.967,102.083,188.0,2015-01-25,,25.8,33.8,18.7
TH000048431,"NAKHON RATCHASIMA, TH",14.967,102.083,188.0,2015-01-26,,25.5,34.2,19.4
TH000048431,"NAKHON RATCHASIMA, TH",14.967,102.083,188.0,2015-01-27,,26.2,35.1,18.8
TH000048431,"NAKHON RATCHASIMA, TH",14.967,102.083,188.0,2015-01-28,,26.2,35.3,18.7
TH000048431,"NAKHON RATCHASIMA, TH",14.967,102.083,188.0,2015-01-29,,26.2,35.1,18.4
TH000048431,"NAKHON RATCHASIMA, TH",14.967,102.083,188.0,2015-01-30,,27.3,34.0,21.1
TH000048431,"NAKHON RATCHASIMA, TH",14.967,102.083,188.0,2015-01-31,,25.4,31.0,20.9
TH000048431,"NAKHON RATCHASIMA, TH",14.967,102.083,188.0,2015-02-01,,24.7,30.4,18.3
TH000048431,"NAKHON RATCHASIMA, TH",14.967,102.083,188.0,2015-02-02,,24.9,30.7,19.6
TH000048431,"NAKHON RATCHASIMA, TH",14.967,102.083,188.0,2015-02-03,,25.7,32.0,19.5
TH000048431,"NAKHON RATCHASIMA, TH",14.967,102.083,188.0,2015-02-04,,25.3,32.0,18.4
TH000048431,"NAKHON RATCHASIMA, TH",14.967,102.083,188.0,2015-02-05,,24.8,31.5,18.9
TH000048431,"NAKHON RATCHASIMA, TH",14.967,102.083,188.0,2015-02-06,,23.1,29.6,17.9
TH000048431,"NAKHON RATCHASIMA, TH",14.967,102.083,188.0,2015-02-07,,24.0,32.3,16.7
TH000048431,"NAKHON RATCHASIMA, TH",14.967,102.083,188.0,2015-02-08,,24.7,30.8,18.2
TH000048431,"NAKHON RATCHASIMA, TH",14.967,102.083,188.0,2015-02-09,,23.2,29.7,18.0
TH000048431,"NAKHON RATCHASIMA, TH",14.967,102.083,188.0,2015-02-10,,23.4,30.2,18.0
TH000048431,"NAKHON RATCHASIMA, TH",14.967,102.083,188.0,2015-02-11,,25.9,33.4,17.5
TH000048431,"NAKHON RATCHASIMA, TH",14.967,102.083,188.0,2015-02-12,,26.8,33.1,19.6
TH000048431,"NAKHON RATCHASIMA, TH",14.967,102.083,188.0,2015-02-13,,27.2,31.7,21.7
TH000048431,"NAKHON RATCHASIMA, TH",14.967,102.083,188.0,2015-02-14,0.8,24.6,29.9,
TH000048431,"NAKHON RATCHASIMA, TH",14.967,102.083,188.0,2015-02-15,,27.1,33.4,19.2
TH000048431,"NAKHON RATCHASIMA, TH",14.967,102.083,188.0,2015-02-16,0.3,28.1,34.5,23.2
TH000048431,"NAKHON RATCHASIMA, TH",14.967,102.083,188.0,2015-02-17,,27.2,32.6,22.7
TH000048431,"NAKHON RATCHASIMA, TH",14.967,102.083,188.0,2015-02-18,1.8,25.7,33.7,
TH000048431,"NAKHON RATCHASIMA, TH",14.967,102.083,188.0,2015-02-19,0.3,25.8,29.5,22.7
TH000048431,"NAKHON RATCHASIMA, TH",14.967,102.083,188.0,2015-02-20,12.7,25.8,33.1,
TH000048431,"NAKHON RATCHASIMA, TH",14.967,102.083,188.0,2015-02-21,1.5,26.4,32.3,22.1
TH000048431,"NAKHON RATCHASIMA, TH",14.967,102.083,188.0,2015-02-22,,27.9,34.5,22.2
TH000048431,"NAKHON RATCHASIMA, TH",14.967,102.083,188.0,2015-02-23,,28.7,35.6,22.3
TH000048431,"NAKHON RATCHASIMA, TH",14.967,102.083,188.0,2015-02-24,,29.6,36.4,22.4
TH000048431,"NAKHON RATCHASIMA, TH",14.967,102.083,188.0,2015-02-25,,30.2,36.8,23.0
TH000048431,"NAKHON RATCHASIMA, TH",14.967,102.083,188.0,2015-02-26,,29.7,36.6,23.6
TH000048431,"NAKHON RATCHASIMA, TH",14.967,102.083,188.0,2015-02-27,,31.0,36.8,24.6
TH000048431,"NAKHON RATCHASIMA, TH",14.967,102.083,188.0,2015-02-28,,30.1,37.5,25.4
TH000048431,"NAKHON RATCHASIMA, TH",14.967,102.083,188.0,2015-03-01,,31.2,37.5,24.8
TH000048431,"NAKHON RATCHASIMA, TH",14.967,102.083,188.0,2015-03-02,,29.4,35.2,
TH000048431,"NAKHON RATCHASIMA, TH",14.967,102.083,188.0,2015-03-03,,30.3,36.6,24.3
TH000048431,"NAKHON RATCHASIMA, TH",14.967,102.083,188.0,2015-03-04,,30.7,38.2,24.5
TH000048431,"NAKHON RATCHASIMA, TH",14.967,102.083,188.0,2015-03-05,,30.8,38.1,25.2
TH000048431,"NAKHON RATCHASIMA, TH",14.967,102.083,188.0,2015-03-06,,30.9,37.8,26.0
TH000048431,"NAKHON RATCHASIMA, TH",14.967,102.083,188.0,2015-03-07,,31.2,37.8,25.2
TH000048431,"NAKHON RATCHASIMA, TH",14.967,102.083,188.0,2015-03-08,,30.7,36.7,26.2
TH000048431,"NAKHON RATCHASIMA, TH",14.967,102.083,188.0,2015-03-09,,31.2,37.7,25.4
TH000048431,"NAKHON RATCHASIMA, TH",14.967,102.083,188.0,2015-03-10,,31.6,38.2,25.4
TH000048431,"NAKHON RATCHASIMA, TH",14.967,102.083,188.0,2015-03-11,,30.7,36.0,25.5
TH000048431,"NAKHON RATCHASIMA, TH",14.967,102.083,188.0,2015-03-12,,30.2,36.4,
TH000048431,"NAKHON RATCHASIMA, TH",14.967,102.083,188.0,2015-03-13,16.0,28.3,36.2,25.3
TH000048431,"NAKHON RATCHASIMA, TH",14.967,102.083,188.0,2015-03-14,,29.4,36.1,24.8
TH000048431,"NAKHON RATCHASIMA, TH",14.967,102.083,188.0,2015-03-15,,30.7,37.7,24.5
TH000048431,"NAKHON RATCHASIMA, TH",14.967,102.083,188.0,2015-03-16,,31.1,38.2,25.2
TH000048431,"NAKHON RATCHASIMA, TH",14.967,102.083,188.0,2015-03-19,,31.3,37.8,24.4
TH000048431,"NAKHON RATCHASIMA, TH",14.967,102.083,188.0,2015-03-20,,32.5,38.4,26.2
TH000048431,"NAKHON RATCHASIMA, TH",14.967,102.083,188.0,2015-03-21,,28.6,32.4,
TH000048431,"NAKHON RATCHASIMA, TH",14.967,102.083,188.0,2015-03-22,,29.2,33.4,25.7
TH000048431,"NAKHON RATCHASIMA, TH",14.967,102.083,188.0,2015-03-23,,30.3,34.8,25.6
TH000048431,"NAKHON RATCHASIMA, TH",14.967,102.083,188.0,2015-03-24,0.0,26.7,28.8,
TH000048431,"NAKHON RATCHASIMA, TH",14.967,102.083,188.0,2015-03-25,0.0,28.7,33.0,22.7
TH000048431,"NAKHON RATCHASIMA, TH",14.967,102.083,188.0,2015-03-26,0.0,28.8,33.2,24.9
TH000048431,"NAKHON RATCHASIMA, TH",14.967,102.083,188.0,2015-03-27,,29.5,34.5,23.9
TH000048431,"NAKHON RATCHASIMA, TH",14.967,102.083,188.0,2015-03-28,,29.9,35.7,25.2
TH000048431,"NAKHON RATCHASIMA, TH",14.967,102.083,188.0,2015-03-29,,27.8,35.7,25.2
TH000048431,"NAKHON RATCHASIMA, TH",14.967,102.083,188.0,2015-03-30,0.0,27.5,35.5,24.3
TH000048431,"NAKHON RATCHASIMA, TH",14.967,102.083,188.0,2015-03-31,31.0,26.9,36.5,23.7
TH000048431,"NAKHON RATCHASIMA, TH",14.967,102.083,188.0,2015-04-01,3.8,29.1,37.5,23.8
TH000048431,"NAKHON RATCHASIMA, TH",14.967,102.083,188.0,2015-04-02,0.0,30.8,37.2,24.6
TH000048431,"NAKHON RATCHASIMA, TH",14.967,102.083,188.0,2015-04-03,0.0,31.6,38.8,25.3
TH000048431,"NAKHON RATCHASIMA, TH",14.967,102.083,188.0,2015-04-04,,32.1,39.3,24.1
TH000048431,"NAKHON RATCHASIMA, TH",14.967,102.083,188.0,2015-04-05,,32.5,38.9,25.2
TH000048431,"NAKHON RATCHASIMA, TH",14.967,102.083,188.0,2015-04-06,,32.9,39.4,26.3
TH000048431,"NAKHON RATCHASIMA, TH",14.967,102.083,188.0,2015-04-07,,32.0,39.0,27.8
TH000048431,"NAKHON RATCHASIMA, TH",14.967,102.083,188.0,2015-04-29,0.8,28.8,37.7,24.0
TH000048431,"NAKHON RATCHASIMA, TH",14.967,102.083,188.0,2015-04-30,,30.6,36.4,25.5
TH000048431,"NAKHON RATCHASIMA, TH",14.967,102.083,188.0,2015-05-01,,30.2,38.3,25.5
TH000048431,"NAKHON RATCHASIMA, TH",14.967,102.083,188.0,2015-05-02,,30.6,38.3,25.8
TH000048431,"NAKHON RATCHASIMA, TH",14.967,102.083,188.0,2015-05-03,,29.3,37.5,
TH000048431,"NAKHON RATCHASIMA, TH",14.967,102.083,188.0,2015-05-04,,31.3,38.4,25.0
TH000048431,"NAKHON RATCHASIMA, TH",14.967,102.083,188.0,2015-05-05,0.8,30.7,39.2,26.4
TH000048431,"NAKHON RATCHASIMA, TH",14.967,102.083,188.0,2015-05-06,0.0,29.6,37.7,26.3
TH000048431,"NAKHON RATCHASIMA, TH",14.967,102.083,188.0,2015-05-07,0.0,30.9,38.4,26.3
TH000048431,"NAKHON RATCHASIMA, TH",14.967,102.083,188.0,2015-05-08,,31.3,37.7,26.7
TH000048431,"NAKHON RATCHASIMA, TH",14.967,102.083,188.0,2015-05-09,15.7,27.8,38.2,
TH000048431,"NAKHON RATCHASIMA, TH",14.967,102.083,188.0,2015-05-10,17.5,29.4,36.0,24.9
TH000048431,"NAKHON RATCHASIMA, TH",14.967,102.083,188.0,2015-05-11,,31.8,37.7,25.6
TH000048431,"NAKHON RATCHASIMA, TH",14.967,102.083,188.0,2015-05-12,0.8,30.7,36.6,
TH000048431,"NAKHON RATCHASIMA, TH",14.967,102.083,188.0,2015-05-13,21.1,28.6,36.3,
TH000048431,"NAKHON RATCHASIMA, TH",14.967,102.083,188.0,2015-05-14,17.0,27.8,35.0,24.8
TH000048431,"NAKHON RATCHASIMA, TH",14.967,102.083,188.0,2015-05-15,,30.4,35.6,25.1
TH000048431,"NAKHON RATCHASIMA, TH",14.967,102.083,188.0,2015-05-16,,31.1,37.2,25.9
TH000048431,"NAKHON RATCHASIMA, TH",14.967,102.083,188.0,2015-05-17,,31.6,36.7,26.3
TH000048431,"NAKHON RATCHASIMA, TH",14.967,102.083,188.0,2015-05-18,,32.7,38.0,27.0
TH000048431,"NAKHON RATCHASIMA, TH",14.967,102.083,188.0,2015-05-19,,32.6,38.2,
TH000048431,"NAKHON RATCHASIMA, TH",14.967,102.083,188.0,2015-05-20,,31.8,37.1,26.5
TH000048431,"NAKHON RATCHASIMA, TH",14.967,102.083,188.0,2015-05-21,,31.9,38.2,26.7
TH000048431,"NAKHON RATCHASIMA, TH",14.967,102.083,188.0,2015-05-22,,31.6,36.8,26.8
TH000048431,"NAKHON RATCHASIMA, TH",14.967,102.083,188.0,2015-05-23,0.0,31.3,36.7,26.7
TH000048431,"NAKHON RATCHASIMA, TH",14.967,102.083,188.0,2015-05-24,0.3,31.5,36.9,26.9
TH000048431,"NAKHON RATCHASIMA, TH",14.967,102.083,188.0,2015-05-25,,31.9,37.8,26.8
TH000048431,"NAKHON RATCHASIMA, TH",14.967,102.083,188.0,2015-05-26,,30.9,37.0,27.0
TH000048431,"NAKHON RATCHASIMA, TH",14.967,102.083,188.0,2015-05-27,,31.1,36.1,27.0
TH000048431,"NAKHON RATCHASIMA, TH",14.967,102.083,188.0,2015-05-28,,32.3,38.1,26.5
TH000048431,"NAKHON RATCHASIMA, TH",14.967,102.083,188.0,2015-05-29,1.0,32.1,38.2,26.7
TH000048431,"NAKHON RATCHASIMA, TH",14.967,102.083,188.0,2015-05-30,,32.3,38.6,26.6
TH000048431,"NAKHON RATCHASIMA, TH",14.967,102.083,188.0,2015-05-31,,33.2,39.3,26.8
TH000048431,"NAKHON RATCHASIMA, TH",14.967,102.083,188.0,2015-06-01,0.5,32.7,40.3,27.8
TH000048431,"NAKHON RATCHASIMA, TH",14.967,102.083,188.0,2015-06-02,,31.8,36.9,
TH000048431,"NAKHON RATCHASIMA, TH",14.967,102.083,188.0,2015-06-03,3.8,27.9,37.7,
TH000048431,"NAKHON RATCHASIMA, TH",14.967,102.083,188.0,2015-06-04,0.3,31.1,36.6,24.5
TH000048431,"NAKHON RATCHASIMA, TH",14.967,102.083,188.0,2015-06-05,0.0,32.3,39.1,26.8
TH000048431,"NAKHON RATCHASIMA, TH",14.967,102.083,188.0,2015-06-06,,33.2,38.7,27.4
TH000048431,"NAKHON RATCHASIMA, TH",14.967,102.083,188.0,2015-06-07,0.3,30.7,38.4,24.1
TH000048431,"NAKHON RATCHASIMA, TH",14.967,102.083,188.0,2015-06-08,1.8,28.0,36.2,
TH000048431,"NAKHON RATCHASIMA, TH",14.967,102.083,188.0,2015-06-09,0.0,30.5,37.5,24.5
TH000048431,"NAKHON RATCHASIMA, TH",14.967,102.083,188.0,2015-06-10,2.3,31.4,37.7,26.2
TH000048431,"NAKHON RATCHASIMA, TH",14.967,102.083,188.0,2015-06-11,,32.6,38.7,25.6
TH000048431,"NAKHON RATCHASIMA, TH",14.967,102.083,188.0,2015-06-12,0.0,31.1,38.0,
TH000048431,"NAKHON RATCHASIMA, TH",14.967,102.083,188.0,2015-06-13,7.1,29.1,35.6,26.1
TH000048431,"NAKHON RATCHASIMA, TH",14.967,102.083,188.0,2015-06-14,37.6,28.3,36.2,
TH000048431,"NAKHON RATCHASIMA, TH",14.967,102.083,188.0,2015-06-15,7.4,27.8,32.2,24.5
TH000048431,"NAKHON RATCHASIMA, TH",14.967,102.083,188.0,2015-06-16,11.4,28.7,34.5,24.6
TH000048431,"NAKHON RATCHASIMA, TH",14.967,102.083,188.0,2015-06-17,,28.6,33.4,25.1
TH000048431,"NAKHON RATCHASIMA, TH",14.967,102.083,188.0,2015-06-18,0.0,28.8,34.6,25.5
TH000048431,"NAKHON RATCHASIMA, TH",14.967,102.083,188.0,2015-06-19,0.0,30.7,35.8,24.7
TH000048431,"NAKHON RATCHASIMA, TH",14.967,102.083,188.0,2015-06-20,2.8,31.2,36.5,25.4
TH000048431,"NAKHON RATCHASIMA, TH",14.967,102.083,188.0,2015-06-21,,31.3,36.2,26.1
TH000048431,"NAKHON RATCHASIMA, TH",14.967,102.083,188.0,2015-06-22,,30.6,35.1,
TH000048431,"NAKHON RATCHASIMA, TH",14.967,102.083,188.0,2015-06-23,3.3,28.7,32.1,26.7
TH000048431,"NAKHON RATCHASIMA, TH",14.967,102.083,188.0,2015-06-24,0.0,29.6,33.8,26.4
TH000048431,"NAKHON RATCHASIMA, TH",14.967,102.083,188.0,2015-06-25,0.0,29.8,34.5,
TH000048431,"NAKHON RATCHASIMA, TH",14.967,102.083,188.0,2015-06-26,,29.1,34.0,25.8
TH000048431,"NAKHON RATCHASIMA, TH",14.967,102.083,188.0,2015-06-27,0.0,29.2,33.7,26.0
TH000048431,"NAKHON RATCHASIMA, TH",14.967,102.083,188.0,2015-06-28,14.0,29.3,36.5,25.5
TH000048431,"NAKHON RATCHASIMA, TH",14.967,102.083,188.0,2015-06-29,,30.4,35.5,24.7
TH000048431,"NAKHON RATCHASIMA, TH",14.967,102.083,188.0,2015-06-30,,31.3,37.0,25.7
TH000048431,"NAKHON RATCHASIMA, TH",14.967,102.083,188.0,2015-07-01,,32.1,38.2,25.8
TH000048431,"NAKHON RATCHASIMA, TH",14.967,102.083,188.0,2015-07-02,,32.4,37.8,27.2
TH000048431,"NAKHON RATCHASIMA, TH",14.967,102.083,188.0,2015-07-03,,32.1,37.7,26.9
TH000048431,"NAKHON RATCHASIMA, TH",14.967,102.083,188.0,2015-07-04,,32.3,38.0,26.9
TH000048431,"NAKHON RATCHASIMA, TH",14.967,102.083,188.0,2015-07-05,,31.6,37.1,26.8
TH000048431,"NAKHON RATCHASIMA, TH",14.967,102.083,188.0,2015-07-06,,31.6,36.5,26.7
TH000048431,"NAKHON RATCHASIMA, TH",14.967,102.083,188.0,2015-07-07,0.0,32.6,38.0,28.2
TH000048431,"NAKHON RATCHASIMA, TH",14.967,102.083,188.0,2015-07-08,0.0,31.3,36.6,
TH000048431,"NAKHON RATCHASIMA, TH",14.967,102.083,188.0,2015-07-09,3.6,27.8,31.3,
TH000048431,"NAKHON RATCHASIMA, TH",14.967,102.083,188.0,2015-07-10,0.5,31.8,37.5,24.2
TH000048431,"NAKHON RATCHASIMA, TH",14.967,102.083,188.0,2015-07-11,0.0,32.6,37.7,27.4
TH000048431,"NAKHON RATCHASIMA, TH",14.967,102.083,188.0,2015-07-12,0.8,30.7,37.3,
TH000048431,"NAKHON RATCHASIMA, TH",14.967,102.083,188.0,2015-07-13,96.0,28.8,37.1,
TH000048431,"NAKHON RATCHASIMA, TH",14.967,102.083,188.0,2015-07-14,37.8,27.7,33.2,24.3
TH000048431,"NAKHON RATCHASIMA, TH",14.967,102.083,188.0,2015-07-15,0.5,29.6,35.0,25.7
TH000048431,"NAKHON RATCHASIMA, TH",14.967,102.083,188.0,2015-07-16,0.0,29.5,34.0,26.2
TH000048431,"NAKHON RATCHASIMA, TH",14.967,102.083,188.0,2015-07-17,0.0,28.9,33.8,25.4
TH000048431,"NAKHON RATCHASIMA, TH",14.967,102.083,188.0,2015-07-18,8.4,28.6,34.2,25.6
TH000048431,"NAKHON RATCHASIMA, TH",14.967,102.083,188.0,2015-07-19,0.5,27.8,30.5,
TH000048431,"NAKHON RATCHASIMA, TH",14.967,102.083,188.0,2015-07-20,1.5,27.6,31.3,24.6
TH000048431,"NAKHON RATCHASIMA, TH",14.967,102.083,188.0,2015-07-21,0.0,28.4,33.3,25.2
TH000048431,"NAKHON RATCHASIMA, TH",14.967,102.083,188.0,2015-07-22,0.0,30.1,34.6,25.7
TH000048431,"NAKHON RATCHASIMA, TH",14.967,102.083,188.0,2015-07-23,0.0,29.9,34.2,26.2
TH000048431,"NAKHON RATCHASIMA, TH",14.967,102.083,188.0,2015-07-24,0.5,29.8,34.6,25.6
TH000048431,"NAKHON RATCHASIMA, TH",14.967,102.083,188.0,2015-07-25,0.0,29.0,33.7,
TH000048431,"NAKHON RATCHASIMA, TH",14.967,102.083,188.0,2015-07-26,26.9,26.9,33.4,24.5
TH000048431,"NAKHON RATCHASIMA, TH",14.967,102.083,188.0,2015-07-27,2.3,27.1,33.7,24.6
TH000048431,"NAKHON RATCHASIMA, TH",14.967,102.083,188.0,2015-07-28,12.2,26.2,31.8,
TH000048431,"NAKHON RATCHASIMA, TH",14.967,102.083,188.0,2015-07-29,39.6,25.3,30.7,
TH000048431,"NAKHON RATCHASIMA, TH",14.967,102.083,188.0,2015-07-30,10.4,26.3,32.7,22.6
TH000048431,"NAKHON RATCHASIMA, TH",14.967,102.083,188.0,2015-07-31,1.3,27.2,31.5,23.3
TH000048431,"NAKHON RATCHASIMA, TH",14.967,102.083,188.0,2015-08-01,74.4,26.6,31.5,
TH000048431,"NAKHON RATCHASIMA, TH",14.967,102.083,188.0,2015-08-02,41.1,25.7,32.0,23.6
TH000048431,"NAKHON RATCHASIMA, TH",14.967,102.083,188.0,2015-08-03,0.0,28.8,33.7,23.7
TH000048431,"NAKHON RATCHASIMA, TH",14.967,102.083,188.0,2015-08-04,0.0,29.2,34.2,24.8
TH000048431,"NAKHON RATCHASIMA, TH",14.967,102.083,188.0,2015-08-05,,29.1,34.7,25.1
TH000048431,"NAKHON RATCHASIMA, TH",14.967,102.083,188.0,2015-08-06,49.5,28.1,34.5,24.8
TH000048431,"NAKHON RATCHASIMA, TH",14.967,102.083,188.0,2015-08-07,26.4,27.6,33.0,25.2
TH000048431,"NAKHON RATCHASIMA, TH",14.967,102.083,188.0,2015-08-08,9.9,26.4,29.3,
TH000048431,"NAKHON RATCHASIMA, TH",14.967,102.083,188.0,2015-08-09,22.6,28.2,34.6,24.0
TH000048431,"NAKHON RATCHASIMA, TH",14.967,102.083,188.0,2015-08-10,0.0,28.5,34.5,25.7
TH000048431,"NAKHON RATCHASIMA, TH",14.967,102.083,188.0,2015-08-11,1.0,27.2,31.7,
TH000048431,"NAKHON RATCHASIMA, TH",14.967,102.083,188.0,2015-08-12,14.5,27.8,34.1,24.8
TH000048431,"NAKHON RATCHASIMA, TH",14.967,102.083,188.0,2015-08-13,2.8,27.0,33.2,24.9
TH000048431,"NAKHON RATCHASIMA, TH",14.967,102.083,188.0,2015-08-14,0.3,29.5,34.6,24.7
TH000048431,"NAKHON RATCHASIMA, TH",14.967,102.083,188.0,2015-08-15,7.1,27.6,33.8,25.3
TH000048431,"NAKHON RATCHASIMA, TH",14.967,102.083,188.0,2015-08-16,0.0,29.7,35.4,24.5
TH000048431,"NAKHON RATCHASIMA, TH",14.967,102.083,188.0,2015-08-17,11.2,29.8,35.6,25.6
TH000048431,"NAKHON RATCHASIMA, TH",14.967,102.083,188.0,2015-08-18,,30.5,35.9,24.9
TH000048431,"NAKHON RATCHASIMA, TH",14.967,102.083,188.0,2015-08-19,,31.2,36.4,26.3
TH000048431,"NAKHON RATCHASIMA, TH",14.967,102.083,188.0,2015-08-20,0.0,29.7,37.2,
TH000048431,"NAKHON RATCHASIMA, TH",14.967,102.083,188.0,2015-08-21,10.9,27.9,35.2,25.1
TH000048431,"NAKHON RATCHASIMA, TH",14.967,102.083,188.0,2015-08-22,,28.8,34.6,24.5
TH000048431,"NAKHON RATCHASIMA, TH",14.967,102.083,188.0,2015-08-23,,28.6,34.5,25.2
TH000048431,"NAKHON RATCHASIMA, TH",14.967,102.083,188.0,2015-08-24,,30.8,35.5,26.4
TH000048431,"NAKHON RATCHASIMA, TH",14.967,102.083,188.0,2015-08-25,0.5,29.8,35.6,
TH000048431,"NAKHON RATCHASIMA, TH",14.967,102.083,188.0,2015-08-26,1.3,27.7,31.2,25.0
TH000048431,"NAKHON RATCHASIMA, TH",14.967,102.083,188.0,2015-08-27,4.1,26.6,30.4,
TH000048431,"NAKHON RATCHASIMA, TH",14.967,102.083,188.0,2015-08-28,1.3,28.0,33.1,24.2
TH000048431,"NAKHON RATCHASIMA, TH",14.967,102.083,188.0,2015-08-29,0.3,29.2,33.8,24.6
TH000048431,"NAKHON RATCHASIMA, TH",14.967,102.083,188.0,2015-08-30,0.0,29.4,34.3,24.5
TH000048431,"NAKHON RATCHASIMA, TH",14.967,102.083,188.0,2015-08-31,0.0,28.1,30.8,
TH000048431,"NAKHON RATCHASIMA, TH",14.967,102.083,188.0,2015-09-01,0.0,29.0,33.1,25.3
TH000048431,"NAKHON RATCHASIMA, TH",14.967,102.083,188.0,2015-09-02,0.3,29.4,34.0,
TH000048431,"NAKHON RATCHASIMA, TH",14.967,102.083,188.0,2015-09-03,64.8,28.3,33.8,25.2
TH000048431,"NAKHON RATCHASIMA, TH",14.967,102.083,188.0,2015-09-04,7.9,27.4,34.6,24.5
TH000048431,"NAKHON RATCHASIMA, TH",14.967,102.083,188.0,2015-09-05,,27.7,32.9,24.4
TH000048431,"NAKHON RATCHASIMA, TH",14.967,102.083,188.0,2015-09-06,,29.9,35.4,24.2
TH000048431,"NAKHON RATCHASIMA, TH",14.967,102.083,188.0,2015-09-07,,30.7,35.3,25.7
TH000048431,"NAKHON RATCHASIMA, TH",14.967,102.083,188.0,2015-09-08,,30.0,35.4,25.6
TH000048431,"NAKHON RATCHASIMA, TH",14.967,102.083,188.0,2015-09-09,0.0,29.7,35.0,25.8
TH000048431,"NAKHON RATCHASIMA, TH",14.967,102.083,188.0,2015-09-10,28.2,26.9,31.7,23.6
TH000048431,"NAKHON RATCHASIMA, TH",14.967,102.083,188.0,2015-09-11,2.8,27.5,32.2,24.5
TH000048431,"NAKHON RATCHASIMA, TH",14.967,102.083,188.0,2015-09-12,0.8,27.4,32.4,
TH000048431,"NAKHON RATCHASIMA, TH",14.967,102.083,188.0,2015-09-13,31.0,26.8,30.2,23.7
TH000048431,"NAKHON RATCHASIMA, TH",14.967,102.083,188.0,2015-09-14,0.0,28.2,32.8,25.0
TH000048431,"NAKHON RATCHASIMA, TH",14.967,102.083,188.0,2015-09-15,41.4,24.5,26.2,
TH000048431,"NAKHON RATCHASIMA, TH",14.967,102.083,188.0,2015-09-16,30.2,26.4,29.7,23.3
TH000048431,"NAKHON RATCHASIMA, TH",14.967,102.083,188.0,2015-09-17,17.5,25.3,28.5,
TH000048431,"NAKHON RATCHASIMA, TH",14.967,102.083,188.0,2015-09-18,2.0,26.1,30.5,23.7
TH000048431,"NAKHON RATCHASIMA, TH",14.967,102.083,188.0,2015-09-19,0.3,28.9,33.7,24.3
TH000048431,"NAKHON RATCHASIMA, TH",14.967,102.083,188.0,2015-09-20,0.0,29.8,34.7,24.5
TH000048431,"NAKHON RATCHASIMA, TH",14.967,102.083,188.0,2015-09-21,2.3,29.1,35.4,
TH000048431,"NAKHON RATCHASIMA, TH",14.967,102.083,188.0,2015-09-22,8.4,26.7,35.5,
TH000048431,"NAKHON RATCHASIMA, TH",14.967,102.083,188.0,2015-09-23,48.5,27.6,35.2,23.6
TH000048431,"NAKHON RATCHASIMA, TH",14.967,102.083,188.0,2015-09-24,0.0,28.2,32.8,24.2
TH000048431,"NAKHON RATCHASIMA, TH",14.967,102.083,188.0,2015-09-25,0.0,29.2,34.0,24.6
TH000048431,"NAKHON RATCHASIMA, TH",14.967,102.083,188.0,2015-09-26,,29.8,35.0,25.2
TH000048431,"NAKHON RATCHASIMA, TH",14.967,102.083,188.0,2015-09-27,0.0,27.9,34.5,
TH000048431,"NAKHON RATCHASIMA, TH",14.967,102.083,188.0,2015-09-28,0.0,29.1,34.0,24.7
TH000048431,"NAKHON RATCHASIMA, TH",14.967,102.083,188.0,2015-09-29,,28.9,33.5,25.2
TH000048431,"NAKHON RATCHASIMA, TH",14.967,102.083,188.0,2015-09-30,0.5,27.6,34.3,
TH000048431,"NAKHON RATCHASIMA, TH",14.967,102.083,188.0,2015-10-01,10.2,26.5,37.8,
TH000048431,"NAKHON RATCHASIMA, TH",14.967,102.083,188.0,2015-10-02,0.5,27.5,32.6,23.6
TH000048431,"NAKHON RATCHASIMA, TH",14.967,102.083,188.0,2015-10-03,14.7,27.5,32.8,24.4
TH000048431,"NAKHON RATCHASIMA, TH",14.967,102.083,188.0,2015-10-04,7.9,26.8,31.3,24.4
TH000048431,"NAKHON RATCHASIMA, TH",14.967,102.083,188.0,2015-10-05,0.0,26.9,31.4,24.3
TH000048431,"NAKHON RATCHASIMA, TH",14.967,102.083,188.0,2015-10-06,0.0,28.4,32.2,25.4
TH000048431,"NAKHON RATCHASIMA, TH",14.967,102.083,188.0,2015-10-07,2.3,28.8,33.5,25.3
TH000048431,"NAKHON RATCHASIMA, TH",14.967,102.083,188.0,2015-10-08,0.0,27.0,30.0,
TH000048431,"NAKHON RATCHASIMA, TH",14.967,102.083,188.0,2015-10-09,50.3,26.6,31.3,
TH000048431,"NAKHON RATCHASIMA, TH",14.967,102.083,188.0,2015-10-10,0.0,28.0,32.3,24.6
TH000048431,"NAKHON RATCHASIMA, TH",14.967,102.083,188.0,2015-10-11,1.0,25.5,29.5,
TH000048431,"NAKHON RATCHASIMA, TH",14.967,102.083,188.0,2015-10-12,,25.1,27.6,21.8
TH000048431,"NAKHON RATCHASIMA, TH",14.967,102.083,188.0,2015-10-13,,26.8,29.7,23.4
TH000048431,"NAKHON RATCHASIMA, TH",14.967,102.083,188.0,2015-10-14,,27.4,31.0,23.7
TH000048431,"NAKHON RATCHASIMA, TH",14.967,102.083,188.0,2015-10-15,,26.7,28.7,25.0
TH000048431,"NAKHON RATCHASIMA, TH",14.967,102.083,188.0,2015-10-16,,28.1,31.9,24.3
TH000048431,"NAKHON RATCHASIMA, TH",14.967,102.083,188.0,2015-10-17,,28.1,32.5,24.1
TH000048431,"NAKHON RATCHASIMA, TH",14.967,102.083,188.0,2015-10-18,,27.7,32.4,23.4
TH000048431,"NAKHON RATCHASIMA, TH",14.967,102.083,188.0,2015-10-19,,27.4,32.0,23.0
TH000048431,"NAKHON RATCHASIMA, TH",14.967,102.083,188.0,2015-10-20,,28.1,32.9,22.6
TH000048431,"NAKHON RATCHASIMA, TH",14.967,102.083,188.0,2015-10-21,0.3,26.7,32.8,23.6
TH000048431,"NAKHON RATCHASIMA, TH",14.967,102.083,188.0,2015-10-22,,28.3,33.5,
TH000048431,"NAKHON RATCHASIMA, TH",14.967,102.083,188.0,2015-10-23,,28.0,33.1,22.8
TH000048431,"NAKHON RATCHASIMA, TH",14.967,102.083,188.0,2015-10-24,4.1,27.1,32.4,
TH000048431,"NAKHON RATCHASIMA, TH",14.967,102.083,188.0,2015-10-25,0.0,26.9,31.7,21.4
TH000048431,"NAKHON RATCHASIMA, TH",14.967,102.083,188.0,2015-10-26,,27.9,32.8,22.8
TH000048431,"NAKHON RATCHASIMA, TH",14.967,102.083,188.0,2015-10-27,,28.6,33.7,24.1
TH000048431,"NAKHON RATCHASIMA, TH",14.967,102.083,188.0,2015-10-28,,29.0,33.8,24.8
TH000048431,"NAKHON RATCHASIMA, TH",14.967,102.083,188.0,2015-10-29,,29.2,34.5,24.3
TH000048431,"NAKHON RATCHASIMA, TH",14.967,102.083,188.0,2015-10-30,,29.3,34.8,24.1
TH000048431,"NAKHON RATCHASIMA, TH",14.967,102.083,188.0,2015-10-31,,28.6,34.0,
TH000048431,"NAKHON RATCHASIMA, TH",14.967,102.083,188.0,2015-11-01,,27.9,32.7,23.3
TH000048431,"NAKHON RATCHASIMA, TH",14.967,102.083,188.0,2015-11-02,,26.6,30.1,23.0
TH000048431,"NAKHON RATCHASIMA, TH",14.967,102.083,188.0,2015-11-03,,26.6,31.0,22.4
TH000048431,"NAKHON RATCHASIMA, TH",14.967,102.083,188.0,2015-11-04,,27.8,31.8,23.2
TH000048431,"NAKHON RATCHASIMA, TH",14.967,102.083,188.0,2015-11-05,,28.5,33.2,23.8
TH000048431,"NAKHON RATCHASIMA, TH",14.967,102.083,188.0,2015-11-06,0.0,27.5,31.6,24.0
TH000048431,"NAKHON RATCHASIMA, TH",14.967,102.083,188.0,2015-11-07,0.0,26.6,31.2,24.5
TH000048431,"NAKHON RATCHASIMA, TH",14.967,102.083,188.0,2015-11-08,0.0,28.7,33.7,24.0
TH000048431,"NAKHON RATCHASIMA, TH",14.967,102.083,188.0,2015-11-09,0.8,28.7,34.0,24.7
TH000048431,"NAKHON RATCHASIMA, TH",14.967,102.083,188.0,2015-11-10,,28.3,33.4,24.2
TH000048431,"NAKHON RATCHASIMA, TH",14.967,102.083,188.0,2015-11-11,,29.1,34.8,24.2
TH000048431,"NAKHON RATCHASIMA, TH",14.967,102.083,188.0,2015-11-12,0.0,28.9,34.6,24.4
TH000048431,"NAKHON RATCHASIMA, TH",14.967,102.083,188.0,2015-11-13,0.0,29.2,35.5,24.7
TH000048431,"NAKHON RATCHASIMA, TH",14.967,102.083,188.0,2015-11-14,16.5,29.1,35.8,24.7
TH000048431,"NAKHON RATCHASIMA, TH",14.967,102.083,188.0,2015-11-15,16.3,27.8,34.0,24.3
TH000048431,"NAKHON RATCHASIMA, TH",14.967,102.083,188.0,2015-11-16,0.0,29.6,35.3,24.1
TH000048431,"NAKHON RATCHASIMA, TH",14.967,102.083,188.0,2015-11-17,,29.9,35.2,24.6
TH000048431,"NAKHON RATCHASIMA, TH",14.967,102.083,188.0,2015-11-18,,29.6,36.3,25.2
TH000048431,"NAKHON RATCHASIMA, TH",14.967,102.083,188.0,2015-11-19,,29.1,34.5,24.4
TH000048431,"NAKHON RATCHASIMA, TH",14.967,102.083,188.0,2015-11-20,,28.9,33.7,24.8
TH000048431,"NAKHON RATCHASIMA, TH",14.967,102.083,188.0,2015-11-21,,28.7,33.6,23.6
TH000048431,"NAKHON RATCHASIMA, TH",14.967,102.083,188.0,2015-11-22,,28.2,33.0,23.3
TH000048431,"NAKHON RATCHASIMA, TH",14.967,102.083,188.0,2015-11-23,,28.4,33.5,23.7
TH000048431,"NAKHON RATCHASIMA, TH",14.967,102.083,188.0,2015-11-24,,28.4,33.4,23.0
TH000048431,"NAKHON RATCHASIMA, TH",14.967,102.083,188.0,2015-11-25,,28.4,33.7,24.0
TH000048431,"NAKHON RATCHASIMA, TH",14.967,102.083,188.0,2015-11-26,,27.2,32.8,
TH000048431,"NAKHON RATCHASIMA, TH",14.967,102.083,188.0,2015-11-27,,26.3,31.5,21.4
TH000048431,"NAKHON RATCHASIMA, TH",14.967,102.083,188.0,2015-11-28,,26.6,31.1,21.5
TH000048431,"NAKHON RATCHASIMA, TH",14.967,102.083,188.0,2015-11-29,,28.1,32.7,23.0
TH000048431,"NAKHON RATCHASIMA, TH",14.967,102.083,188.0,2015-11-30,,28.0,33.2,22.7
TH000048431,"NAKHON RATCHASIMA, TH",14.967,102.083,188.0,2015-12-01,,29.1,35.1,23.0
TH000048431,"NAKHON RATCHASIMA, TH",14.967,102.083,188.0,2015-12-02,,30.4,35.8,25.0
TH000048431,"NAKHON RATCHASIMA, TH",14.967,102.083,188.0,2015-12-03,,28.6,34.9,
TH000048431,"NAKHON RATCHASIMA, TH",14.967,102.083,188.0,2015-12-04,,28.4,34.7,24.3
TH000048431,"NAKHON RATCHASIMA, TH",14.967,102.083,188.0,2015-12-05,3.3,27.0,33.6,
TH000048431,"NAKHON RATCHASIMA, TH",14.967,102.083,188.0,2015-12-06,,26.5,31.5,22.1
TH000048431,"NAKHON RATCHASIMA, TH",14.967,102.083,188.0,2015-12-07,,25.1,29.7,20.6
TH000048431,"NAKHON RATCHASIMA, TH",14.967,102.083,188.0,2015-12-08,,25.4,30.5,19.9
TH000048431,"NAKHON RATCHASIMA, TH",14.967,102.083,188.0,2015-12-09,,26.4,,21.2
TH000048431,"NAKHON RATCHASIMA, TH",14.967,102.083,188.0,2015-12-10,,27.8,34.0,21.2
TH000048431,"NAKHON RATCHASIMA, TH",14.967,102.083,188.0,2015-12-11,,28.0,34.3,22.1
TH000048431,"NAKHON RATCHASIMA, TH",14.967,102.083,188.0,2015-12-12,,28.1,34.8,21.9
TH000048431,"NAKHON RATCHASIMA, TH",14.967,102.083,188.0,2015-12-13,,28.5,35.1,22.4
TH000048431,"NAKHON RATCHASIMA, TH",14.967,102.083,188.0,2015-12-14,,28.2,34.6,22.8
TH000048431,"NAKHON RATCHASIMA, TH",14.967,102.083,188.0,2015-12-15,,27.9,33.7,22.5
TH000048431,"NAKHON RATCHASIMA, TH",14.967,102.083,188.0,2015-12-16,,26.2,32.0,
TH000048431,"NAKHON RATCHASIMA, TH",14.967,102.083,188.0,2015-12-17,,22.4,27.1,
TH000048431,"NAKHON RATCHASIMA, TH",14.967,102.083,188.0,2015-12-18,,22.1,27.2,17.1
TH000048431,"NAKHON RATCHASIMA, TH",14.967,102.083,188.0,2015-12-19,,22.9,28.5,17.6
TH000048431,"NAKHON RATCHASIMA, TH",14.967,102.083,188.0,2015-12-20,,23.7,30.0,17.8
TH000048431,"NAKHON RATCHASIMA, TH",14.967,102.083,188.0,2015-12-21,,26.5,31.8,19.2
TH000048431,"NAKHON RATCHASIMA, TH",14.967,102.083,188.0,2015-12-22,,26.7,30.3,23.1
TH000048431,"NAKHON RATCHASIMA, TH",14.967,102.083,188.0,2015-12-23,0.0,27.2,31.3,
TH000048431,"NAKHON RATCHASIMA, TH",14.967,102.083,188.0,2015-12-24,0.0,28.7,34.1,23.0
TH000048431,"NAKHON RATCHASIMA, TH",14.967,102.083,188.0,2015-12-25,,29.5,35.6,24.2
TH000048431,"NAKHON RATCHASIMA, TH",14.967,102.083,188.0,2015-12-26,,28.6,34.5,23.1
TH000048431,"NAKHON RATCHASIMA, TH",14.967,102.083,188.0,2015-12-27,,27.5,33.7,22.3
TH000048431,"NAKHON RATCHASIMA, TH",14.967,102.083,188.0,2015-12-28,,26.6,32.5,21.8
TH000048431,"NAKHON RATCHASIMA, TH",14.967,102.083,188.0,2015-12-29,,26.1,32.2,20.8
TH000048431,"NAKHON RATCHASIMA, TH",14.967,102.083,188.0,2015-12-30,,26.3,32.5,21.7
TH000048431,"NAKHON RATCHASIMA, TH",14.967,102.083,188.0,2015-12-31,,24.4,30.3,
TH000048431,"NAKHON RATCHASIMA, TH",14.967,102.083,188.0,2016-01-01,,24.2,29.8,18.7
TH000048431,"NAKHON RATCHASIMA, TH",14.967,102.083,188.0,2016-01-02,,24.0,31.0,18.5
TH000048431,"NAKHON RATCHASIMA, TH",14.967,102.083,188.0,2016-01-03,,24.8,32.3,18.1
TH000048431,"NAKHON RATCHASIMA, TH",14.967,102.083,188.0,2016-01-04,,26.3,33.7,18.6
TH000048431,"NAKHON RATCHASIMA, TH",14.967,102.083,188.0,2016-01-05,,26.9,34.8,19.9
TH000048431,"NAKHON RATCHASIMA, TH",14.967,102.083,188.0,2016-01-06,,26.8,34.9,20.2
TH000048431,"NAKHON RATCHASIMA, TH",14.967,102.083,188.0,2016-01-07,,27.0,31.8,20.6
TH000048431,"NAKHON RATCHASIMA, TH",14.967,102.083,188.0,2016-01-08,,27.3,32.6,22.4
TH000048431,"NAKHON RATCHASIMA, TH",14.967,102.083,188.0,2016-01-09,0.3,25.9,31.5,
TH000048431,"NAKHON RATCHASIMA, TH",14.967,102.083,188.0,2016-01-10,,26.4,32.1,20.4
TH000048431,"NAKHON RATCHASIMA, TH",14.967,102.083,188.0,2016-01-11,,25.7,31.0,20.6
TH000048431,"NAKHON RATCHASIMA, TH",14.967,102.083,188.0,2016-01-12,,26.7,33.1,21.9
TH000048431,"NAKHON RATCHASIMA, TH",14.967,102.083,188.0,2016-01-13,,27.6,33.4,22.2
TH000048431,"NAKHON RATCHASIMA, TH",14.967,102.083,188.0,2016-01-14,,28.4,34.0,23.5
TH000048431,"NAKHON RATCHASIMA, TH",14.967,102.083,188.0,2016-01-15,2.3,28.6,35.8,23.2
TH000048431,"NAKHON RATCHASIMA, TH",14.967,102.083,188.0,2016-01-16,1.0,28.7,35.6,23.5
TH000048431,"NAKHON RATCHASIMA, TH",14.967,102.083,188.0,2016-01-17,0.0,29.9,36.4,23.2
TH000048431,"NAKHON RATCHASIMA, TH",14.967,102.083,188.0,2016-01-18,1.8,28.4,35.2,23.2
TH000048431,"NAKHON RATCHASIMA, TH",14.967,102.083,188.0,2016-01-19,13.2,27.6,34.3,23.5
TH000048431,"NAKHON RATCHASIMA, TH",14.967,102.083,188.0,2016-01-20,12.7,27.8,32.5,24.3
TH000048431,"NAKHON RATCHASIMA, TH",14.967,102.083,188.0,2016-01-21,0.0,28.8,34.7,24.3
TH000048431,"NAKHON RATCHASIMA, TH",14.967,102.083,188.0,2016-01-22,0.0,28.9,35.7,24.0
TH000048431,"NAKHON RATCHASIMA, TH",14.967,102.083,188.0,2016-01-23,16.0,27.5,35.2,
TH000048431,"NAKHON RATCHASIMA, TH",14.967,102.083,188.0,2016-01-24,3.8,14.4,17.8,
TH000048431,"NAKHON RATCHASIMA, TH",14.967,102.083,188.0,2016-01-25,,14.2,18.2,12.0
TH000048431,"NAKHON RATCHASIMA, TH",14.967,102.083,188.0,2016-01-26,,16.8,21.8,12.0
TH000048431,"NAKHON RATCHASIMA, TH",14.967,102.083,188.0,2016-01-27,,21.2,27.2,14.8
TH000048431,"NAKHON RATCHASIMA, TH",14.967,102.083,188.0,2016-01-28,,24.6,31.2,17.3
TH000048431,"NAKHON RATCHASIMA, TH",14.967,102.083,188.0,2016-01-29,,27.0,33.3,20.5
TH000048431,"NAKHON RATCHASIMA, TH",14.967,102.083,188.0,2016-01-30,0.0,28.2,34.3,22.2
TH000048431,"NAKHON RATCHASIMA, TH",14.967,102.083,188.0,2016-01-31,0.0,29.0,35.6,23.1
TH000048431,"NAKHON RATCHASIMA, TH",14.967,102.083,188.0,2016-02-01,,28.2,34.6,
TH000048431,"NAKHON RATCHASIMA, TH",14.967,102.083,188.0,2016-02-02,,23.4,27.4,19.8
TH000048431,"NAKHON RATCHASIMA, TH",14.967,102.083,188.0,2016-02-03,,22.8,29.0,17.5
TH000048431,"NAKHON RATCHASIMA, TH",14.967,102.083,188.0,2016-02-04,,25.2,31.7,18.5
TH000048431,"NAKHON RATCHASIMA, TH",14.967,102.083,188.0,2016-02-05,,24.8,31.2,19.8
TH000048431,"NAKHON RATCHASIMA, TH",14.967,102.083,188.0,2016-02-06,,20.5,26.5,
TH000048431,"NAKHON RATCHASIMA, TH",14.967,102.083,188.0,2016-02-07,,18.6,24.1,13.1
TH000048431,"NAKHON RATCHASIMA, TH",14.967,102.083,188.0,2016-02-08,,18.8,25.2,12.6
TH000048431,"NAKHON RATCHASIMA, TH",14.967,102.083,188.0,2016-02-09,,20.3,27.8,13.2
TH000048431,"NAKHON RATCHASIMA, TH",14.967,102.083,188.0,2016-02-10,,22.8,31.1,13.9
TH000048431,"NAKHON RATCHASIMA, TH",14.967,102.083,188.0,2016-02-11,,25.3,34.7,15.9
TH000048431,"NAKHON RATCHASIMA, TH",14.967,102.083,188.0,2016-02-12,,27.7,36.5,17.0
TH000048431,"NAKHON RATCHASIMA, TH",14.967,102.083,188.0,2016-02-13,,28.6,36.8,20.4
TH000048431,"NAKHON RATCHASIMA, TH",14.967,102.083,188.0,2016-02-14,,29.5,37.3,21.8
TH000048431,"NAKHON RATCHASIMA, TH",14.967,102.083,188.0,2016-02-15,,30.0,37.0,23.6
TH000048431,"NAKHON RATCHASIMA, TH",14.967,102.083,188.0,2016-02-16,,25.8,31.0,21.6
TH000048431,"NAKHON RATCHASIMA, TH",14.967,102.083,188.0,2016-02-17,,26.3,32.8,21.0
TH000048431,"NAKHON RATCHASIMA, TH",14.967,102.083,188.0,2016-02-18,,26.6,34.3,20.4
TH000048431,"NAKHON RATCHASIMA, TH",14.967,102.083,188.0,2016-02-19,,28.3,36.3,20.0
TH000048431,"NAKHON RATCHASIMA, TH",14.967,102.083,188.0,2016-02-20,,27.3,33.4,
TH000048431,"NAKHON RATCHASIMA, TH",14.967,102.083,188.0,2016-02-21,,25.3,32.4,19.0
TH000048431,"NAKHON RATCHASIMA, TH",14.967,102.083,188.0,2016-02-22,,27.9,34.8,21.0
TH000048431,"NAKHON RATCHASIMA, TH",14.967,102.083,188.0,2016-02-23,,29.9,36.1,22.8
TH000048431,"NAKHON RATCHASIMA, TH",14.967,102.083,188.0,2016-02-24,,26.5,32.9,
TH000048431,"NAKHON RATCHASIMA, TH",14.967,102.083,188.0,2016-02-25,,23.5,29.3,18.0
TH000048431,"NAKHON RATCHASIMA, TH",14.967,102.083,188.0,2016-02-26,,23.7,30.2,17.4
TH000048431,"NAKHON RATCHASIMA, TH",14.967,102.083,188.0,2016-02-27,,24.4,31.0,17.0
TH000048431,"NAKHON RATCHASIMA, TH",14.967,102.083,188.0,2016-02-28,,25.7,31.7,19.6
TH000048431,"NAKHON RATCHASIMA, TH",14.967,102.083,188.0,2016-02-29,,24.8,30.8,
TH000048431,"NAKHON RATCHASIMA, TH",14.967,102.083,188.0,2016-03-01,,24.1,31.2,18.3
TH000048431,"NAKHON RATCHASIMA, TH",14.967,102.083,188.0,2016-03-02,,25.0,32.6,18.9
TH000048431,"NAKHON RATCHASIMA, TH",14.967,102.083,188.0,2016-03-03,,26.5,34.2,18.2
TH000048431,"NAKHON RATCHASIMA, TH",14.967,102.083,188.0,2016-03-04,,29.4,37.0,20.2
TH000048431,"NAKHON RATCHASIMA, TH",14.967,102.083,188.0,2016-03-05,,30.7,37.0,23.8
TH000048431,"NAKHON RATCHASIMA, TH",14.967,102.083,188.0,2016-03-06,0.0,30.4,37.2,25.4
TH000048431,"NAKHON RATCHASIMA, TH",14.967,102.083,188.0,2016-03-07,0.0,31.8,38.5,25.7
TH000048431,"NAKHON RATCHASIMA, TH",14.967,102.083,188.0,2016-03-08,,32.2,39.0,25.9
TH000048431,"NAKHON RATCHASIMA, TH",14.967,102.083,188.0,2016-03-09,,32.2,40.4,25.2
TH000048431,"NAKHON RATCHASIMA, TH",14.967,102.083,188.0,2016-03-10,,31.9,40.5,24.0
TH000048431,"NAKHON RATCHASIMA, TH",14.967,102.083,188.0,2016-03-11,,31.4,37.4,25.1
TH000048431,"NAKHON RATCHASIMA, TH",14.967,102.083,188.0,2016-03-12,,30.1,37.7,25.2
TH000048431,"NAKHON RATCHASIMA, TH",14.967,102.083,188.0,2016-03-13,,31.7,38.8,24.3
TH000048431,"NAKHON RATCHASIMA, TH",14.967,102.083,188.0,2016-03-14,,32.7,39.7,24.5
TH000048431,"NAKHON RATCHASIMA, TH",14.967,102.083,188.0,2016-03-15,,32.8,40.3,26.2
TH000048431,"NAKHON RATCHASIMA, TH",14.967,102.083,188.0,2016-03-16,,32.6,39.2,25.8
TH000048431,"NAKHON RATCHASIMA, TH",14.967,102.083,188.0,2016-03-17,,33.2,40.6,25.3
TH000048431,"NAKHON RATCHASIMA, TH",14.967,102.083,188.0,2016-03-18,,33.2,41.5,26.2
TH000048431,"NAKHON RATCHASIMA, TH",14.967,102.083,188.0,2016-03-19,,32.5,39.7,25.8
TH000048431,"NAKHON RATCHASIMA, TH",14.967,102.083,188.0,2016-03-20,,32.7,40.3,25.2
TH000048431,"NAKHON RATCHASIMA, TH",14.967,102.083,188.0,2016-03-21,,32.4,39.9,25.3
TH000048431,"NAKHON RATCHASIMA, TH",14.967,102.083,188.0,2016-03-22,,32.6,40.5,25.0
TH000048431,"NAKHON RATCHASIMA, TH",14.967,102.083,188.0,2016-03-23,,31.9,40.0,
TH000048431,"NAKHON RATCHASIMA, TH",14.967,102.083,188.0,2016-03-24,,32.9,40.6,24.3
TH000048431,"NAKHON RATCHASIMA, TH",14.967,102.083,188.0,2016-03-25,,26.1,31.8,
TH000048431,"NAKHON RATCHASIMA, TH",14.967,102.083,188.0,2016-03-26,,27.8,33.5,22.3
TH000048431,"NAKHON RATCHASIMA, TH",14.967,102.083,188.0,2016-03-27,,27.5,33.1,
TH000048431,"NAKHON RATCHASIMA, TH",14.967,102.083,188.0,2016-03-28,,27.2,33.1,21.1
TH000048431,"NAKHON RATCHASIMA, TH",14.967,102.083,188.0,2016-03-29,,30.6,36.3,24.3
TH000048431,"NAKHON RATCHASIMA, TH",14.967,102.083,188.0,2016-03-30,,30.9,36.2,25.8
TH000048431,"NAKHON RATCHASIMA, TH",14.967,102.083,188.0,2016-03-31,,28.8,34.9,
TH000048431,"NAKHON RATCHASIMA, TH",14.967,102.083,188.0,2016-04-01,0.0,30.4,37.2,25.5
TH000048431,"NAKHON RATCHASIMA, TH",14.967,102.083,188.0,2016-04-02,0.0,32.0,39.3,25.5
TH000048431,"NAKHON RATCHASIMA, TH",14.967,102.083,188.0,2016-04-03,,31.1,38.2,25.8
TH000048431,"NAKHON RATCHASIMA, TH",14.967,102.083,188.0,2016-04-04,,32.7,40.1,25.0
TH000048431,"NAKHON RATCHASIMA, TH",14.967,102.083,188.0,2016-04-05,,32.3,40.4,24.3
TH000048431,"NAKHON RATCHASIMA, TH",14.967,102.083,188.0,2016-04-06,,33.2,40.7,24.6
TH000048431,"NAKHON RATCHASIMA, TH",14.967,102.083,188.0,2016-04-07,,33.6,40.5,26.8
TH000048431,"NAKHON RATCHASIMA, TH",14.967,102.083,188.0,2016-04-08,,33.8,41.7,26.8
TH000048431,"NAKHON RATCHASIMA, TH",14.967,102.083,188.0,2016-04-09,,33.4,41.5,26.7
TH000048431,"NAKHON RATCHASIMA, TH",14.967,102.083,188.0,2016-04-10,,33.9,40.4,25.7
TH000048431,"NAKHON RATCHASIMA, TH",14.967,102.083,188.0,2016-04-11,,34.5,43.2,26.5
TH000048431,"NAKHON RATCHASIMA, TH",14.967,102.083,188.0,2016-04-12,,33.6,42.0,27.3
TH000048431,"NAKHON RATCHASIMA, TH",14.967,102.083,188.0,2016-04-13,,34.4,42.0,27.0
TH000048431,"NAKHON RATCHASIMA, TH",14.967,102.083,188.0,2016-04-14,,34.2,41.3,28.3
TH000048431,"NAKHON RATCHASIMA, TH",14.967,102.083,188.0,2016-04-15,,33.8,42.2,27.5
TH000048431,"NAKHON RATCHASIMA, TH",14.967,102.083,188.0,2016-04-16,,34.7,42.3,24.9
TH000048431,"NAKHON RATCHASIMA, TH",14.967,102.083,188.0,2016-04-17,,34.4,42.2,27.6
TH000048431,"NAKHON RATCHASIMA, TH",14.967,102.083,188.0,2016-04-18,,33.2,41.9,28.0
TH000048431,"NAKHON RATCHASIMA, TH",14.967,102.083,188.0,2016-04-19,,33.4,40.2,28.0
TH000048431,"NAKHON RATCHASIMA, TH",14.967,102.083,188.0,2016-04-20,9.9,29.7,40.9,
TH000048431,"NAKHON RATCHASIMA, TH",14.967,102.083,188.0,2016-04-21,0.5,31.9,37.8,24.3
TH000048431,"NAKHON RATCHASIMA, TH",14.967,102.083,188.0,2016-04-22,0.0,33.1,39.0,27.5
TH000048431,"NAKHON RATCHASIMA, TH",14.967,102.083,188.0,2016-04-23,0.0,33.5,40.7,27.2
TH000048431,"NAKHON RATCHASIMA, TH",14.967,102.083,188.0,2016-04-24,,34.0,41.0,27.0
TH000048431,"NAKHON RATCHASIMA, TH",14.967,102.083,188.0,2016-04-25,,33.6,40.8,27.4
TH000048431,"NAKHON RATCHASIMA, TH",14.967,102.083,188.0,2016-04-26,,33.8,41.3,26.5
TH000048431,"NAKHON RATCHASIMA, TH",14.967,102.083,188.0,2016-04-27,6.4,33.0,42.0,28.2
TH000048431,"NAKHON RATCHASIMA, TH",14.967,102.083,188.0,2016-04-28,0.3,31.6,40.6,24.3
TH000048431,"NAKHON RATCHASIMA, TH",14.967,102.083,188.0,2016-04-29,0.0,32.4,39.0,27.2
TH000048431,"NAKHON RATCHASIMA, TH",14.967,102.083,188.0,2016-04-30,5.6,26.6,28.8,
TH000048431,"NAKHON RATCHASIMA, TH",14.967,102.083,188.0,2016-05-01,,31.4,37.6,24.0
TH000048431,"NAKHON RATCHASIMA, TH",14.967,102.083,188.0,2016-05-02,2.3,29.5,39.5,
TH000048431,"NAKHON RATCHASIMA, TH",14.967,102.083,188.0,2016-05-03,0.0,31.2,39.1,25.1
TH000048431,"NAKHON RATCHASIMA, TH",14.967,102.083,188.0,2016-05-04,0.0,31.0,38.7,26.6
TH000048431,"NAKHON RATCHASIMA, TH",14.967,102.083,188.0,2016-05-05,0.0,32.6,40.1,26.7
TH000048431,"NAKHON RATCHASIMA, TH",14.967,102.083,188.0,2016-05-06,0.3,33.4,40.8,27.3
TH000048431,"NAKHON RATCHASIMA, TH",14.967,102.083,188.0,2016-05-07,0.0,32.9,40.3,27.2
TH000048431,"NAKHON RATCHASIMA, TH",14.967,102.083,188.0,2016-05-08,0.0,31.4,38.7,27.8
TH000048431,"NAKHON RATCHASIMA, TH",14.967,102.083,188.0,2016-05-09,0.0,33.6,39.6,27.7
TH000048431,"NAKHON RATCHASIMA, TH",14.967,102.083,188.0,2016-05-10,,34.1,41.0,28.4
TH000048431,"NAKHON RATCHASIMA, TH",14.967,102.083,188.0,2016-05-11,,34.6,41.8,28.7
TH000048431,"NAKHON RATCHASIMA, TH",14.967,102.083,188.0,2016-05-12,,32.3,41.5,28.5
TH000048431,"NAKHON RATCHASIMA, TH",14.967,102.083,188.0,2016-05-13,18.5,28.6,40.0,
TH000048431,"NAKHON RATCHASIMA, TH",14.967,102.083,188.0,2016-05-14,0.0,30.6,35.6,22.8
TH000048431,"NAKHON RATCHASIMA, TH",14.967,102.083,188.0,2016-05-15,51.8,28.6,38.1,
TH000048431,"NAKHON RATCHASIMA, TH",14.967,102.083,188.0,2016-05-16,0.0,29.9,33.8,24.9
TH000048431,"NAKHON RATCHASIMA, TH",14.967,102.083,188.0,2016-05-17,4.3,28.2,32.4,
TH000048431,"NAKHON RATCHASIMA, TH",14.967,102.083,188.0,2016-05-18,0.8,31.1,36.3,25.0
TH000048431,"NAKHON RATCHASIMA, TH",14.967,102.083,188.0,2016-05-19,0.0,31.4,36.4,24.9
TH000048431,"NAKHON RATCHASIMA, TH",14.967,102.083,188.0,2016-05-20,0.5,30.3,38.6,
TH000048431,"NAKHON RATCHASIMA, TH",14.967,102.083,188.0,2016-05-21,0.8,31.6,37.5,26.3
TH000048431,"NAKHON RATCHASIMA, TH",14.967,102.083,188.0,2016-05-22,0.0,31.8,36.4,26.9
TH000048431,"NAKHON RATCHASIMA, TH",14.967,102.083,188.0,2016-05-23,,31.4,36.5,27.3
TH000048431,"NAKHON RATCHASIMA, TH",14.967,102.083,188.0,2016-05-24,4.1,30.1,36.5,26.5
TH000048431,"NAKHON RATCHASIMA, TH",14.967,102.083,188.0,2016-05-25,,31.4,36.8,26.5
TH000048431,"NAKHON RATCHASIMA, TH",14.967,102.083,188.0,2016-05-26,,31.9,36.8,27.2
TH000048431,"NAKHON RATCHASIMA, TH",14.967,102.083,188.0,2016-05-27,,32.3,37.2,27.1
TH000048431,"NAKHON RATCHASIMA, TH",14.967,102.083,188.0,2016-05-28,4.1,30.3,36.4,27.1
TH000048431,"NAKHON RATCHASIMA, TH",14.967,102.083,188.0,2016-05-29,,29.1,34.1,26.5
TH000048431,"NAKHON RATCHASIMA, TH",14.967,102.083,188.0,2016-05-30,0.3,27.9,32.3,26.0
TH000048431,"NAKHON RATCHASIMA, TH",14.967,102.083,188.0,2016-05-31,1.0,27.3,33.4,25.3
TH000048431,"NAKHON RATCHASIMA, TH",14.967,102.083,188.0,2016-06-01,0.0,29.7,35.5,25.0
TH000048431,"NAKHON RATCHASIMA, TH",14.967,102.083,188.0,2016-06-02,0.0,30.4,36.8,25.2
TH000048431,"NAKHON RATCHASIMA, TH",14.967,102.083,188.0,2016-06-03,,30.3,37.3,25.1
TH000048431,"NAKHON RATCHASIMA, TH",14.967,102.083,188.0,2016-06-04,4.8,29.1,35.0,25.4
TH000048431,"NAKHON RATCHASIMA, TH",14.967,102.083,188.0,2016-06-05,,26.6,35.1,
TH000048431,"NAKHON RATCHASIMA, TH",14.967,102.083,188.0,2016-06-06,0.0,29.6,35.2,23.5
TH000048431,"NAKHON RATCHASIMA, TH",14.967,102.083,188.0,2016-06-07,0.0,30.7,35.3,26.3
TH000048431,"NAKHON RATCHASIMA, TH",14.967,102.083,188.0,2016-06-08,0.3,31.1,35.6,26.1
TH000048431,"NAKHON RATCHASIMA, TH",14.967,102.083,188.0,2016-06-09,0.0,31.1,35.8,26.8
TH000048431,"NAKHON RATCHASIMA, TH",14.967,102.083,188.0,2016-06-10,0.0,31.6,36.9,26.8
TH000048431,"NAKHON RATCHASIMA, TH",14.967,102.083,188.0,2016-06-11,0.0,31.4,36.9,25.3
TH000048431,"NAKHON RATCHASIMA, TH",14.967,102.083,188.0,2016-06-12,,31.2,36.8,25.9
TH000048431,"NAKHON RATCHASIMA, TH",14.967,102.083,188.0,2016-06-13,0.0,32.1,37.3,26.6
TH000048431,"NAKHON RATCHASIMA, TH",14.967,102.083,188.0,2016-06-14,0.0,32.2,38.2,26.0
TH000048431,"NAKHON RATCHASIMA, TH",14.967,102.083,188.0,2016-06-15,0.8,30.6,38.1,
TH000048431,"NAKHON RATCHASIMA, TH",14.967,102.083,188.0,2016-06-16,0.8,29.1,36.5,25.5
TH000048431,"NAKHON RATCHASIMA, TH",14.967,102.083,188.0,2016-06-17,17.3,27.2,35.7,
TH000048431,"NAKHON RATCHASIMA, TH",14.967,102.083,188.0,2016-06-18,5.6,29.1,33.0,24.1
TH000048431,"NAKHON RATCHASIMA, TH",14.967,102.083,188.0,2016-06-19,0.0,30.7,36.0,25.8
TH000048431,"NAKHON RATCHASIMA, TH",14.967,102.083,188.0,2016-06-20,0.8,29.0,35.4,
TH000048431,"NAKHON RATCHASIMA, TH",14.967,102.083,188.0,2016-06-21,21.6,28.1,32.4,22.8
TH000048431,"NAKHON RATCHASIMA, TH",14.967,102.083,188.0,2016-06-22,0.0,29.1,34.2,25.4
TH000048431,"NAKHON RATCHASIMA, TH",14.967,102.083,188.0,2016-06-23,,28.7,32.4,25.2
TH000048431,"NAKHON RATCHASIMA, TH",14.967,102.083,188.0,2016-06-24,1.0,28.6,34.0,25.6
TH000048431,"NAKHON RATCHASIMA, TH",14.967,102.083,188.0,2016-06-25,0.0,29.8,34.7,25.5
TH000048431,"NAKHON RATCHASIMA, TH",14.967,102.083,188.0,2016-06-26,9.4,28.9,34.5,
TH000048431,"NAKHON RATCHASIMA, TH",14.967,102.083,188.0,2016-06-27,6.6,27.7,30.9,24.0
TH000048431,"NAKHON RATCHASIMA, TH",14.967,102.083,188.0,2016-06-28,5.1,27.2,28.8,
TH000048431,"NAKHON RATCHASIMA, TH",14.967,102.083,188.0,2016-06-29,8.4,27.9,31.7,24.7
TH000048431,"NAKHON RATCHASIMA, TH",14.967,102.083,188.0,2016-06-30,0.0,28.0,32.2,24.7
TH000048431,"NAKHON RATCHASIMA, TH",14.967,102.083,188.0,2016-07-01,0.0,29.0,33.3,24.6
TH000048431,"NAKHON RATCHASIMA, TH",14.967,102.083,188.0,2016-07-02,33.0,26.9,32.8,
TH000048431,"NAKHON RATCHASIMA, TH",14.967,102.083,188.0,2016-07-03,0.0,29.4,32.5,24.6
TH000048431,"NAKHON RATCHASIMA, TH",14.967,102.083,188.0,2016-07-04,0.0,29.1,33.1,26.1
TH000048431,"NAKHON RATCHASIMA, TH",14.967,102.083,188.0,2016-07-07,31.8,27.8,,23.4
TH000048431,"NAKHON RATCHASIMA, TH",14.967,102.083,188.0,2016-07-08,0.5,29.2,34.3,24.1
TH000048431,"NAKHON RATCHASIMA, TH",14.967,102.083,188.0,2016-07-09,0.0,29.8,34.7,25.8
TH000048431,"NAKHON RATCHASIMA, TH",14.967,102.083,188.0,2016-07-10,9.7,27.8,33.0,
TH000048431,"NAKHON RATCHASIMA, TH",14.967,102.083,188.0,2016-07-17,,29.0,,
TH000048431,"NAKHON RATCHASIMA, TH",14.967,102.083,188.0,2016-07-18,15.5,29.4,37.3,
TH000048431,"NAKHON RATCHASIMA, TH",14.967,102.083,188.0,2016-07-19,41.7,27.4,35.1,24.4
TH000048431,"NAKHON RATCHASIMA, TH",14.967,102.083,188.0,2016-07-20,10.7,27.4,34.7,24.5
TH000048431,"NAKHON RATCHASIMA, TH",14.967,102.083,188.0,2016-07-21,27.4,26.8,32.9,
TH000048431,"NAKHON RATCHASIMA, TH",14.967,102.083,188.0,2016-07-22,3.0,28.0,34.1,23.7
TH000048431,"NAKHON RATCHASIMA, TH",14.967,102.083,188.0,2016-07-23,18.8,27.5,33.8,
TH000048431,"NAKHON RATCHASIMA, TH",14.967,102.083,188.0,2016-07-24,0.8,28.0,34.0,24.1
TH000048431,"NAKHON RATCHASIMA, TH",14.967,102.083,188.0,2016-07-25,3.6,29.3,34.4,23.8
TH000048431,"NAKHON RATCHASIMA, TH",14.967,102.083,188.0,2016-07-26,0.0,29.7,35.5,25.4
TH000048431,"NAKHON RATCHASIMA, TH",14.967,102.083,188.0,2016-07-27,0.5,28.5,34.3,25.3
TH000048431,"NAKHON RATCHASIMA, TH",14.967,102.083,188.0,2016-07-28,5.6,27.6,33.2,24.7
TH000048431,"NAKHON RATCHASIMA, TH",14.967,102.083,188.0,2016-07-29,4.3,25.8,30.3,24.3
TH000048431,"NAKHON RATCHASIMA, TH",14.967,102.083,188.0,2016-07-30,2.0,28.1,33.9,24.2
TH000048431,"NAKHON RATCHASIMA, TH",14.967,102.083,188.0,2016-07-31,0.3,28.6,32.9,25.1
TH000048431,"NAKHON RATCHASIMA, TH",14.967,102.083,188.0,2016-08-01,0.0,30.6,35.2,25.4
TH000048431,"NAKHON RATCHASIMA, TH",14.967,102.083,188.0,2016-08-02,9.1,29.3,34.8,
TH000048431,"NAKHON RATCHASIMA, TH",14.967,102.083,188.0,2016-08-03,15.0,28.7,33.0,
TH000048431,"NAKHON RATCHASIMA, TH",14.967,102.083,188.0,2016-08-04,7.9,28.7,34.3,24.6
TH000048431,"NAKHON RATCHASIMA, TH",14.967,102.083,188.0,2016-08-05,4.1,28.5,32.2,24.5
TH000048431,"NAKHON RATCHASIMA, TH",14.967,102.083,188.0,2016-08-06,0.0,28.9,33.4,25.0
TH000048431,"NAKHON RATCHASIMA, TH",14.967,102.083,188.0,2016-08-07,,29.3,33.9,24.8
TH000048431,"NAKHON RATCHASIMA, TH",14.967,102.083,188.0,2016-08-08,,29.8,34.7,25.4
TH000048431,"NAKHON RATCHASIMA, TH",14.967,102.083,188.0,2016-08-09,21.3,29.2,34.6,25.0
TH000048431,"NAKHON RATCHASIMA, TH",14.967,102.083,188.0,2016-08-10,0.5,29.8,34.2,25.0
TH000048431,"NAKHON RATCHASIMA, TH",14.967,102.083,188.0,2016-08-11,,29.3,32.8,26.4
TH000048431,"NAKHON RATCHASIMA, TH",14.967,102.083,188.0,2016-08-12,,29.4,33.6,25.7
TH000048431,"NAKHON RATCHASIMA, TH",14.967,102.083,188.0,2016-08-13,,29.4,33.0,26.0
TH000048431,"NAKHON RATCHASIMA, TH",14.967,102.083,188.0,2016-08-14,,29.9,33.2,26.9
TH000048431,"NAKHON RATCHASIMA, TH",14.967,102.083,188.0,2016-08-15,0.0,28.9,33.1,
TH000048431,"NAKHON RATCHASIMA, TH",14.967,102.083,188.0,2016-08-16,4.1,29.1,35.2,25.5
TH000048431,"NAKHON RATCHASIMA, TH",14.967,102.083,188.0,2016-08-17,0.0,30.1,34.5,26.1
TH000048431,"NAKHON RATCHASIMA, TH",14.967,102.083,188.0,2016-08-18,,30.1,33.8,26.7
TH000048431,"NAKHON RATCHASIMA, TH",14.967,102.083,188.0,2016-08-19,,29.5,33.7,27.2
TH000048431,"NAKHON RATCHASIMA, TH",14.967,102.083,188.0,2016-08-20,,31.0,35.8,27.1
TH000048431,"NAKHON RATCHASIMA, TH",14.967,102.083,188.0,2016-08-21,,31.3,36.5,26.4
TH000048431,"NAKHON RATCHASIMA, TH",14.967,102.083,188.0,2016-08-22,,31.2,35.7,26.7
TH000048431,"NAKHON RATCHASIMA, TH",14.967,102.083,188.0,2016-08-23,0.3,28.2,33.9,
TH000048431,"NAKHON RATCHASIMA, TH",14.967,102.083,188.0,2016-08-24,4.8,27.9,35.2,
TH000048431,"NAKHON RATCHASIMA, TH",14.967,102.083,188.0,2016-08-25,7.9,26.9,32.2,24.2
TH000048431,"NAKHON RATCHASIMA, TH",14.967,102.083,188.0,2016-08-26,0.5,28.2,34.3,24.9
TH000048431,"NAKHON RATCHASIMA, TH",14.967,102.083,188.0,2016-08-27,0.0,29.1,34.3,25.5
TH000048431,"NAKHON RATCHASIMA, TH",14.967,102.083,188.0,2016-08-28,29.2,27.4,32.3,23.6
TH000048431,"NAKHON RATCHASIMA, TH",14.967,102.083,188.0,2016-08-29,45.2,26.1,33.5,24.0
TH000048431,"NAKHON RATCHASIMA, TH",14.967,102.083,188.0,2016-08-30,4.3,27.7,32.4,24.2
TH000048431,"NAKHON RATCHASIMA, TH",14.967,102.083,188.0,2016-08-31,0.3,28.6,34.0,25.4
TH000048431,"NAKHON RATCHASIMA, TH",14.967,102.083,188.0,2016-09-01,0.0,29.1,33.9,25.3
TH000048431,"NAKHON RATCHASIMA, TH",14.967,102.083,188.0,2016-09-02,,29.6,33.8,25.7
TH000048431,"NAKHON RATCHASIMA, TH",14.967,102.083,188.0,2016-09-03,,29.8,33.6,26.1
TH000048431,"NAKHON RATCHASIMA, TH",14.967,102.083,188.0,2016-09-04,,29.4,34.3,25.7
TH000048431,"NAKHON RATCHASIMA, TH",14.967,102.083,188.0,2016-09-05,0.0,29.5,32.9,26.2
TH000048431,"NAKHON RATCHASIMA, TH",14.967,102.083,188.0,2016-09-06,6.1,28.4,33.8,
TH000048431,"NAKHON RATCHASIMA, TH",14.967,102.083,188.0,2016-09-07,5.6,28.6,34.3,25.2
TH000048431,"NAKHON RATCHASIMA, TH",14.967,102.083,188.0,2016-09-08,63.5,27.0,30.2,
TH000048431,"NAKHON RATCHASIMA, TH",14.967,102.083,188.0,2016-09-09,33.0,28.8,33.9,24.7
TH000048431,"NAKHON RATCHASIMA, TH",14.967,102.083,188.0,2016-09-10,0.0,29.9,35.0,25.1
TH000048431,"NAKHON RATCHASIMA, TH",14.967,102.083,188.0,2016-09-11,1.3,28.3,32.2,25.3
TH000048431,"NAKHON RATCHASIMA, TH",14.967,102.083,188.0,2016-09-12,4.6,26.4,29.4,
TH000048431,"NAKHON RATCHASIMA, TH",14.967,102.083,188.0,2016-09-13,14.5,25.3,28.8,24.1
TH000048431,"NAKHON RATCHASIMA, TH",14.967,102.083,188.0,2016-09-14,0.5,27.3,31.0,23.9
TH000048431,"NAKHON RATCHASIMA, TH",14.967,102.083,188.0,2016-09-15,,29.1,33.7,23.9
TH000048431,"NAKHON RATCHASIMA, TH",14.967,102.083,188.0,2016-09-16,,29.4,33.5,25.4
TH000048431,"NAKHON RATCHASIMA, TH",14.967,102.083,188.0,2016-09-17,1.8,29.2,34.0,
TH000048431,"NAKHON RATCHASIMA, TH",14.967,102.083,188.0,2016-09-18,4.1,27.4,33.2,24.1
TH000048431,"NAKHON RATCHASIMA, TH",14.967,102.083,188.0,2016-09-19,0.5,27.5,32.3,25.1
TH000048431,"NAKHON RATCHASIMA, TH",14.967,102.083,188.0,2016-09-20,43.7,25.8,29.2,23.0
TH000048431,"NAKHON RATCHASIMA, TH",14.967,102.083,188.0,2016-09-21,35.3,25.5,28.3,23.4
TH000048431,"NAKHON RATCHASIMA, TH",14.967,102.083,188.0,2016-09-22,6.4,25.3,27.3,24.2
TH000048431,"NAKHON RATCHASIMA, TH",14.967,102.083,188.0,2016-09-23,14.0,26.3,30.1,24.3
TH000048431,"NAKHON RATCHASIMA, TH",14.967,102.083,188.0,2016-09-24,41.4,26.3,31.7,
TH000048431,"NAKHON RATCHASIMA, TH",14.967,102.083,188.0,2016-09-25,42.4,28.0,32.2,23.5
TH000048431,"NAKHON RATCHASIMA, TH",14.967,102.083,188.0,2016-09-26,28.7,27.4,33.7,
TH000048431,"NAKHON RATCHASIMA, TH",14.967,102.083,188.0,2016-09-27,4.6,28.2,32.7,24.7
TH000048431,"NAKHON RATCHASIMA, TH",14.967,102.083,188.0,2016-09-28,0.3,27.8,33.7,24.8
TH000048431,"NAKHON RATCHASIMA, TH",14.967,102.083,188.0,2016-09-29,,28.3,32.5,24.5
TH000048431,"NAKHON RATCHASIMA, TH",14.967,102.083,188.0,2016-09-30,10.9,25.9,30.1,
TH000048431,"NAKHON RATCHASIMA, TH",14.967,102.083,188.0,2016-10-01,0.5,27.5,31.4,24.5
TH000048431,"NAKHON RATCHASIMA, TH",14.967,102.083,188.0,2016-10-02,0.0,28.0,32.1,25.0
TH000048431,"NAKHON RATCHASIMA, TH",14.967,102.083,188.0,2016-10-03,0.0,28.1,32.1,24.9
TH000048431,"NAKHON RATCHASIMA, TH",14.967,102.083,188.0,2016-10-04,0.0,28.6,32.5,25.2
TH000048431,"NAKHON RATCHASIMA, TH",14.967,102.083,188.0,2016-10-05,0.0,28.1,32.3,24.8
TH000048431,"NAKHON RATCHASIMA, TH",14.967,102.083,188.0,2016-10-06,5.8,26.8,,
TH000048431,"NAKHON RATCHASIMA, TH",14.967,102.083,188.0,2016-10-07,46.2,26.2,29.4,24.5
TH000048431,"NAKHON RATCHASIMA, TH",14.967,102.083,188.0,2016-10-08,30.7,26.0,28.7,24.2
TH000048431,"NAKHON RATCHASIMA, TH",14.967,102.083,188.0,2016-10-09,0.3,28.1,33.2,24.6
TH000048431,"NAKHON RATCHASIMA, TH",14.967,102.083,188.0,2016-10-10,0.0,28.5,33.3,24.9
TH000048431,"NAKHON RATCHASIMA, TH",14.967,102.083,188.0,2016-10-11,0.0,28.4,32.3,24.8
TH000048431,"NAKHON RATCHASIMA, TH",14.967,102.083,188.0,2016-10-12,0.0,28.9,32.4,25.0
TH000048431,"NAKHON RATCHASIMA, TH",14.967,102.083,188.0,2016-10-13,5.8,28.2,32.3,25.4
TH000048431,"NAKHON RATCHASIMA, TH",14.967,102.083,188.0,2016-10-14,0.0,27.7,31.9,24.4
TH000048431,"NAKHON RATCHASIMA, TH",14.967,102.083,188.0,2016-10-15,0.0,27.4,31.8,24.9
TH000048431,"NAKHON RATCHASIMA, TH",14.967,102.083,188.0,2016-10-16,7.4,27.9,32.2,24.2
TH000048431,"NAKHON RATCHASIMA, TH",14.967,102.083,188.0,2016-10-17,,27.9,31.7,24.7
TH000048431,"NAKHON RATCHASIMA, TH",14.967,102.083,188.0,2016-10-18,,28.4,32.5,24.0
TH000048431,"NAKHON RATCHASIMA, TH",14.967,102.083,188.0,2016-10-19,,28.7,34.0,23.7
TH000048431,"NAKHON RATCHASIMA, TH",14.967,102.083,188.0,2016-10-20,1.0,28.8,34.8,24.5
TH000048431,"NAKHON RATCHASIMA, TH",14.967,102.083,188.0,2016-10-21,0.5,29.0,34.1,24.4
TH000048431,"NAKHON RATCHASIMA, TH",14.967,102.083,188.0,2016-10-22,0.0,29.1,34.2,24.8
TH000048431,"NAKHON RATCHASIMA, TH",14.967,102.083,188.0,2016-10-23,,29.1,33.5,25.0
TH000048431,"NAKHON RATCHASIMA, TH",14.967,102.083,188.0,2016-10-24,3.0,27.0,31.8,
TH000048431,"NAKHON RATCHASIMA, TH",14.967,102.083,188.0,2016-10-25,0.3,27.5,31.2,24.2
TH000048431,"NAKHON RATCHASIMA, TH",14.967,102.083,188.0,2016-10-26,1.5,27.8,31.6,25.3
TH000048431,"NAKHON RATCHASIMA, TH",14.967,102.083,188.0,2016-10-27,5.8,26.9,32.0,
TH000048431,"NAKHON RATCHASIMA, TH",14.967,102.083,188.0,2016-10-28,,28.5,32.8,24.1
TH000048431,"NAKHON RATCHASIMA, TH",14.967,102.083,188.0,2016-10-29,1.3,27.7,31.5,24.5
TH000048431,"NAKHON RATCHASIMA, TH",14.967,102.083,188.0,2016-10-30,1.0,27.9,31.8,24.3
TH000048431,"NAKHON RATCHASIMA, TH",14.967,102.083,188.0,2016-10-31,3.6,27.4,32.6,24.3
TH000048431,"NAKHON RATCHASIMA, TH",14.967,102.083,188.0,2016-11-01,6.4,26.8,31.0,24.2
TH000048431,"NAKHON RATCHASIMA, TH",14.967,102.083,188.0,2016-11-02,0.0,27.3,31.5,23.7
TH000048431,"NAKHON RATCHASIMA, TH",14.967,102.083,188.0,2016-11-03,0.0,26.9,30.7,23.4
TH000048431,"NAKHON RATCHASIMA, TH",14.967,102.083,188.0,2016-11-04,,26.1,30.5,22.4
TH000048431,"NAKHON RATCHASIMA, TH",14.967,102.083,188.0,2016-11-05,,26.7,31.2,22.6
TH000048431,"NAKHON RATCHASIMA, TH",14.967,102.083,188.0,2016-11-06,0.0,27.9,31.6,24.1
TH000048431,"NAKHON RATCHASIMA, TH",14.967,102.083,188.0,2016-11-07,18.8,26.4,30.0,
TH000048431,"NAKHON RATCHASIMA, TH",14.967,102.083,188.0,2016-11-08,3.0,27.7,32.8,24.8
TH000048431,"NAKHON RATCHASIMA, TH",14.967,102.083,188.0,2016-11-09,8.9,27.4,32.9,24.5
TH000048431,"NAKHON RATCHASIMA, TH",14.967,102.083,188.0,2016-11-10,2.3,25.2,29.3,
TH000048431,"NAKHON RATCHASIMA, TH",14.967,102.083,188.0,2016-11-11,,25.6,30.4,21.2
TH000048431,"NAKHON RATCHASIMA, TH",14.967,102.083,188.0,2016-11-12,,27.3,32.0,22.0
TH000048431,"NAKHON RATCHASIMA, TH",14.967,102.083,188.0,2016-11-13,,28.4,33.4,23.2
TH000048431,"NAKHON RATCHASIMA, TH",14.967,102.083,188.0,2016-11-14,,28.7,33.8,24.3
TH000048431,"NAKHON RATCHASIMA, TH",14.967,102.083,188.0,2016-11-15,,28.2,32.9,23.5
TH000048431,"NAKHON RATCHASIMA, TH",14.967,102.083,188.0,2016-11-16,,27.3,32.1,22.5
TH000048431,"NAKHON RATCHASIMA, TH",14.967,102.083,188.0,2016-11-17,,26.8,31.4,22.3
TH000048431,"NAKHON RATCHASIMA, TH",14.967,102.083,188.0,2016-11-18,,27.7,32.6,22.2
TH000048431,"NAKHON RATCHASIMA, TH",14.967,102.083,188.0,2016-11-19,,28.3,33.0,24.3
TH000048431,"NAKHON RATCHASIMA, TH",14.967,102.083,188.0,2016-11-20,,28.7,32.9,23.9
TH000048431,"NAKHON RATCHASIMA, TH",14.967,102.083,188.0,2016-11-21,,28.1,32.9,24.2
TH000048431,"NAKHON RATCHASIMA, TH",14.967,102.083,188.0,2016-11-22,,28.7,32.4,23.4
TH000048431,"NAKHON RATCHASIMA, TH",14.967,102.083,188.0,2016-11-23,4.8,27.6,33.0,
TH000048431,"NAKHON RATCHASIMA, TH",14.967,102.083,188.0,2016-11-24,0.5,28.3,32.3,25.3
TH000048431,"NAKHON RATCHASIMA, TH",14.967,102.083,188.0,2016-11-25,0.0,27.6,31.8,23.9
TH000048431,"NAKHON RATCHASIMA, TH",14.967,102.083,188.0,2016-11-26,,26.9,31.6,
TH000048431,"NAKHON RATCHASIMA, TH",14.967,102.083,188.0,2016-11-27,,25.1,29.8,21.2
TH000048431,"NAKHON RATCHASIMA, TH",14.967,102.083,188.0,2016-11-28,,23.8,28.3,20.3
TH000048431,"NAKHON RATCHASIMA, TH",14.967,102.083,188.0,2016-11-29,,24.8,29.8,20.0
TH000048431,"NAKHON RATCHASIMA, TH",14.967,102.083,188.0,2016-11-30,,25.8,30.0,21.3
TH000048431,"NAKHON RATCHASIMA, TH",14.967,102.083,188.0,2016-12-01,,24.3,29.6,20.1
TH000048431,"NAKHON RATCHASIMA, TH",14.967,102.083,188.0,2016-12-02,,25.2,29.7,20.4
TH000048431,"NAKHON RATCHASIMA, TH",14.967,102.083,188.0,2016-12-03,,25.6,29.7,21.8
TH000048431,"NAKHON RATCHASIMA, TH",14.967,102.083,188.0,2016-12-04,,26.2,30.3,22.7
TH000048431,"NAKHON RATCHASIMA, TH",14.967,102.083,188.0,2016-12-05,,25.6,28.5,22.3
TH000048431,"NAKHON RATCHASIMA, TH",14.967,102.083,188.0,2016-12-06,,25.4,29.3,
TH000048431,"NAKHON RATCHASIMA, TH",14.967,102.083,188.0,2016-12-07,,24.9,28.7,20.2
TH000048431,"NAKHON RATCHASIMA, TH",14.967,102.083,188.0,2016-12-08,,25.2,30.0,20.8
TH000048431,"NAKHON RATCHASIMA, TH",14.967,102.083,188.0,2016-12-09,,24.2,29.4,20.3
TH000048431,"NAKHON RATCHASIMA, TH",14.967,102.083,188.0,2016-12-10,,24.1,29.9,19.6
TH000048431,"NAKHON RATCHASIMA, TH",14.967,102.083,188.0,2016-12-11,,24.1,29.2,18.8
TH000048431,"NAKHON RATCHASIMA, TH",14.967,102.083,188.0,2016-12-12,,25.7,32.2,19.6
TH000048431,"NAKHON RATCHASIMA, TH",14.967,102.083,188.0,2016-12-13,,26.8,32.7,20.1
TH000048431,"NAKHON RATCHASIMA, TH",14.967,102.083,188.0,2016-12-14,0.0,27.2,30.6,23.8
TH000048431,"NAKHON RATCHASIMA, TH",14.967,102.083,188.0,2016-12-15,0.0,25.8,28.7,
TH000048431,"NAKHON RATCHASIMA, TH",14.967,102.083,188.0,2016-12-16,0.0,22.6,25.2,
TH000048431,"NAKHON RATCHASIMA, TH",14.967,102.083,188.0,2016-12-17,0.0,23.1,28.1,19.1
TH000048431,"NAKHON RATCHASIMA, TH",14.967,102.083,188.0,2016-12-18,,24.8,30.6,18.7
TH000048431,"NAKHON RATCHASIMA, TH",14.967,102.083,188.0,2016-12-19,,26.2,32.5,19.9
TH000048431,"NAKHON RATCHASIMA, TH",14.967,102.083,188.0,2016-12-20,,27.2,33.3,22.5
TH000048431,"NAKHON RATCHASIMA, TH",14.967,102.083,188.0,2016-12-21,,28.2,33.4,21.7
TH000048431,"NAKHON RATCHASIMA, TH",14.967,102.083,188.0,2016-12-22,,27.2,32.3,23.0
TH000048431,"NAKHON RATCHASIMA, TH",14.967,102.083,188.0,2016-12-23,,25.9,30.5,22.2
TH000048431,"NAKHON RATCHASIMA, TH",14.967,102.083,188.0,2016-12-24,,26.2,31.7,21.5
TH000048431,"NAKHON RATCHASIMA, TH",14.967,102.083,188.0,2016-12-25,,26.9,33.2,21.5
TH000048431,"NAKHON RATCHASIMA, TH",14.967,102.083,188.0,2016-12-26,,28.3,33.6,22.0
TH000048431,"NAKHON RATCHASIMA, TH",14.967,102.083,188.0,2016-12-27,,25.2,31.7,
TH000048431,"NAKHON RATCHASIMA, TH",14.967,102.083,188.0,2016-12-28,,22.1,26.8,
TH000048431,"NAKHON RATCHASIMA, TH",14.967,102.083,188.0,2016-12-29,,22.1,27.5,16.6
TH000048431,"NAKHON RATCHASIMA, TH",14.967,102.083,188.0,2016-12-30,,22.8,27.5,17.4
TH000048431,"NAKHON RATCHASIMA, TH",14.967,102.083,188.0,2016-12-31,0.0,23.3,28.2,19.8
TH000048431,"NAKHON RATCHASIMA, TH",14.967,102.083,188.0,2017-01-01,0.0,24.8,29.7,20.7
TH000048431,"NAKHON RATCHASIMA, TH",14.967,102.083,188.0,2017-01-02,,26.5,31.1,21.5
TH000048431,"NAKHON RATCHASIMA, TH",14.967,102.083,188.0,2017-01-03,0.0,26.2,30.8,22.2
TH000048431,"NAKHON RATCHASIMA, TH",14.967,102.083,188.0,2017-01-04,0.0,25.3,28.2,21.4
TH000048431,"NAKHON RATCHASIMA, TH",14.967,102.083,188.0,2017-01-05,4.3,26.3,31.2,22.5
TH000048431,"NAKHON RATCHASIMA, TH",14.967,102.083,188.0,2017-01-06,1.5,26.1,30.3,21.3
TH000048431,"NAKHON RATCHASIMA, TH",14.967,102.083,188.0,2017-01-07,0.0,27.1,32.0,23.1
TH000048431,"NAKHON RATCHASIMA, TH",14.967,102.083,188.0,2017-01-08,0.3,25.9,29.2,
TH000048431,"NAKHON RATCHASIMA, TH",14.967,102.083,188.0,2017-01-09,0.0,26.3,30.1,23.0
TH000048431,"NAKHON RATCHASIMA, TH",14.967,102.083,188.0,2017-01-10,0.0,25.8,28.9,23.8
TH000048431,"NAKHON RATCHASIMA, TH",14.967,102.083,188.0,2017-01-11,0.0,27.3,31.3,24.0
TH000048431,"NAKHON RATCHASIMA, TH",14.967,102.083,188.0,2017-01-12,,28.5,34.0,24.5
TH000048431,"NAKHON RATCHASIMA, TH",14.967,102.083,188.0,2017-01-13,,28.4,33.6,24.5
TH000048431,"NAKHON RATCHASIMA, TH",14.967,102.083,188.0,2017-01-14,,27.1,32.7,23.4
TH000048431,"NAKHON RATCHASIMA, TH",14.967,102.083,188.0,2017-01-15,,27.3,33.0,22.0
TH000048431,"NAKHON RATCHASIMA, TH",14.967,102.083,188.0,2017-01-16,,26.9,,21.0
TH000048431,"NAKHON RATCHASIMA, TH",14.967,102.083,188.0,2017-01-17,,27.1,31.0,24.6
TH000048431,"NAKHON RATCHASIMA, TH",14.967,102.083,188.0,2017-01-18,,26.1,31.1,23.6
TH000048431,"NAKHON RATCHASIMA, TH",14.967,102.083,188.0,2017-01-19,,27.0,32.6,22.4
TH000048431,"NAKHON RATCHASIMA, TH",14.967,102.083,188.0,2017-01-20,,26.3,32.0,21.1
TH000048431,"NAKHON RATCHASIMA, TH",14.967,102.083,188.0,2017-01-21,,25.7,31.0,20.6
TH000048431,"NAKHON RATCHASIMA, TH",14.967,102.083,188.0,2017-01-22,,24.6,30.5,19.8
TH000048431,"NAKHON RATCHASIMA, TH",14.967,102.083,188.0,2017-01-23,,24.0,29.2,19.2
TH000048431,"NAKHON RATCHASIMA, TH",14.967,102.083,188.0,2017-01-24,,24.2,29.6,18.8
TH000048431,"NAKHON RATCHASIMA, TH",14.967,102.083,188.0,2017-01-25,,26.1,31.6,20.2
TH000048431,"NAKHON RATCHASIMA, TH",14.967,102.083,188.0,2017-01-26,,25.8,31.3,20.5
TH000048431,"NAKHON RATCHASIMA, TH",14.967,102.083,188.0,2017-01-27,,24.7,31.0,19.1
TH000048431,"NAKHON RATCHASIMA, TH",14.967,102.083,188.0,2017-01-28,,23.4,30.2,
TH000048431,"NAKHON RATCHASIMA, TH",14.967,102.083,188.0,2017-01-29,,24.8,32.7,16.8
TH000048431,"NAKHON RATCHASIMA, TH",14.967,102.083,188.0,2017-01-30,,25.8,32.8,18.0
TH000048431,"NAKHON RATCHASIMA, TH",14.967,102.083,188.0,2017-01-31,,24.4,30.7,18.7
TH000048431,"NAKHON RATCHASIMA, TH",14.967,102.083,188.0,2017-02-01,,26.2,32.7,19.1
TH000048431,"NAKHON RATCHASIMA, TH",14.967,102.083,188.0,2017-02-02,0.0,24.0,28.1,22.0
TH000048431,"NAKHON RATCHASIMA, TH",14.967,102.083,188.0,2017-02-03,0.0,24.4,27.7,21.8
TH000048431,"NAKHON RATCHASIMA, TH",14.967,102.083,188.0,2017-02-04,0.0,26.9,34.0,21.0
TH000048431,"NAKHON RATCHASIMA, TH",14.967,102.083,188.0,2017-02-05,,26.9,34.5,
TH000048431,"NAKHON RATCHASIMA, TH",14.967,102.083,188.0,2017-02-06,,27.2,36.2,19.0
TH000048431,"NAKHON RATCHASIMA, TH",14.967,102.083,188.0,2017-02-07,,28.1,37.0,19.6
TH000048431,"NAKHON RATCHASIMA, TH",14.967,102.083,188.0,2017-02-08,,27.9,36.2,20.2
TH000048431,"NAKHON RATCHASIMA, TH",14.967,102.083,188.0,2017-02-09,,27.3,33.5,21.2
TH000048431,"NAKHON RATCHASIMA, TH",14.967,102.083,188.0,2017-02-10,,24.9,31.1,
TH000048431,"NAKHON RATCHASIMA, TH",14.967,102.083,188.0,2017-02-11,,23.5,29.7,18.1
TH000048431,"NAKHON RATCHASIMA, TH",14.967,102.083,188.0,2017-02-12,,22.4,28.6,16.5
TH000048431,"NAKHON RATCHASIMA, TH",14.967,102.083,188.0,2017-02-13,,22.6,28.7,16.3
TH000048431,"NAKHON RATCHASIMA, TH",14.967,102.083,188.0,2017-02-14,,23.7,29.7,17.1
TH000048431,"NAKHON RATCHASIMA, TH",14.967,102.083,188.0,2017-02-15,,24.4,30.5,17.6
TH000048431,"NAKHON RATCHASIMA, TH",14.967,102.083,188.0,2017-02-16,,24.9,32.0,19.1
TH000048431,"NAKHON RATCHASIMA, TH",14.967,102.083,188.0,2017-02-17,,25.8,32.8,18.1
TH000048431,"NAKHON RATCHASIMA, TH",14.967,102.083,188.0,2017-02-18,,25.8,32.5,19.6
TH000048431,"NAKHON RATCHASIMA, TH",14.967,102.083,188.0,2017-02-19,,25.6,33.5,18.6
TH000048431,"NAKHON RATCHASIMA, TH",14.967,102.083,188.0,2017-02-20,,28.3,36.2,19.1
TH000048431,"NAKHON RATCHASIMA, TH",14.967,102.083,188.0,2017-02-21,,29.2,36.6,21.4
TH000048431,"NAKHON RATCHASIMA, TH",14.967,102.083,188.0,2017-02-22,,30.4,37.2,23.6
TH000048431,"NAKHON RATCHASIMA, TH",14.967,102.083,188.0,2017-02-23,,31.3,38.4,25.0
TH000048431,"NAKHON RATCHASIMA, TH",14.967,102.083,188.0,2017-02-24,,29.6,35.9,25.3
TH000048431,"NAKHON RATCHASIMA, TH",14.967,102.083,188.0,2017-02-25,,28.3,34.0,
TH000048431,"NAKHON RATCHASIMA, TH",14.967,102.083,188.0,2017-02-26,,26.1,32.0,21.6
TH000048431,"NAKHON RATCHASIMA, TH",14.967,102.083,188.0,2017-02-27,,25.9,31.3,20.6
TH000048431,"NAKHON RATCHASIMA, TH",14.967,102.083,188.0,2017-02-28,,26.6,33.6,20.7
TH000048431,"NAKHON RATCHASIMA, TH",14.967,102.083,188.0,2017-03-01,,27.3,34.0,21.2
TH000048431,"NAKHON RATCHASIMA, TH",14.967,102.083,188.0,2017-03-02,,25.4,31.7,19.3
TH000048431,"NAKHON RATCHASIMA, TH",14.967,102.083,188.0,2017-03-03,,26.1,34.2,19.7
TH000048431,"NAKHON RATCHASIMA, TH",14.967,102.083,188.0,2017-03-04,,28.6,36.8,19.5
TH000048431,"NAKHON RATCHASIMA, TH",14.967,102.083,188.0,2017-03-05,,30.1,37.0,23.0
TH000048431,"NAKHON RATCHASIMA, TH",14.967,102.083,188.0,2017-03-06,,30.9,37.7,24.1
TH000048431,"NAKHON RATCHASIMA, TH",14.967,102.083,188.0,2017-03-07,,30.7,36.8,25.0
TH000048431,"NAKHON RATCHASIMA, TH",14.967,102.083,188.0,2017-03-08,0.0,29.6,37.3,
TH000048431,"NAKHON RATCHASIMA, TH",14.967,102.083,188.0,2017-03-09,2.8,28.4,35.1,24.2
TH000048431,"NAKHON RATCHASIMA, TH",14.967,102.083,188.0,2017-03-10,,30.3,37.5,24.5
TH000048431,"NAKHON RATCHASIMA, TH",14.967,102.083,188.0,2017-03-11,,30.9,38.3,24.4
TH000048431,"NAKHON RATCHASIMA, TH",14.967,102.083,188.0,2017-03-12,,31.5,38.8,25.3
TH000048431,"NAKHON RATCHASIMA, TH",14.967,102.083,188.0,2017-03-13,,31.6,39.0,24.8
TH000048431,"NAKHON RATCHASIMA, TH",14.967,102.083,188.0,2017-03-14,,32.1,39.6,24.0
TH000048431,"NAKHON RATCHASIMA, TH",14.967,102.083,188.0,2017-03-15,,31.2,38.2,25.8
TH000048431,"NAKHON RATCHASIMA, TH",14.967,102.083,188.0,2017-03-16,55.4,26.6,,
TH000048431,"NAKHON RATCHASIMA, TH",14.967,102.083,188.0,2017-03-17,0.5,28.8,34.3,23.0
TH000048431,"NAKHON RATCHASIMA, TH",14.967,102.083,188.0,2017-03-18,74.7,26.1,35.1,
TH000048431,"NAKHON RATCHASIMA, TH",14.967,102.083,188.0,2017-03-19,1.0,27.3,32.7,23.8
TH000048431,"NAKHON RATCHASIMA, TH",14.967,102.083,188.0,2017-03-20,1.5,28.2,34.1,23.8
TH000048431,"NAKHON RATCHASIMA, TH",14.967,102.083,188.0,2017-03-21,0.5,29.1,35.2,25.2
TH000048431,"NAKHON RATCHASIMA, TH",14.967,102.083,188.0,2017-03-22,,30.3,36.2,24.1
TH000048431,"NAKHON RATCHASIMA, TH",14.967,102.083,188.0,2017-03-23,,31.2,37.0,26.7
TH000048431,"NAKHON RATCHASIMA, TH",14.967,102.083,188.0,2017-03-24,16.8,26.6,34.2,
TH000048431,"NAKHON RATCHASIMA, TH",14.967,102.083,188.0,2017-03-25,,28.3,34.5,23.7
TH000048431,"NAKHON RATCHASIMA, TH",14.967,102.083,188.0,2017-03-26,93.2,26.4,33.3,
TH000048431,"NAKHON RATCHASIMA, TH",14.967,102.083,188.0,2017-03-27,77.2,24.4,28.2,21.4
TH000048431,"NAKHON RATCHASIMA, TH",14.967,102.083,188.0,2017-03-28,0.0,27.2,32.3,21.7
TH000048431,"NAKHON RATCHASIMA, TH",14.967,102.083,188.0,2017-03-29,,28.3,34.1,24.0
TH000048431,"NAKHON RATCHASIMA, TH",14.967,102.083,188.0,2017-03-30,,29.9,35.5,23.2
TH000048431,"NAKHON RATCHASIMA, TH",14.967,102.083,188.0,2017-03-31,2.5,27.8,34.2,
TH000048431,"NAKHON RATCHASIMA, TH",14.967,102.083,188.0,2017-04-01,0.5,25.7,29.6,
TH000048431,"NAKHON RATCHASIMA, TH",14.967,102.083,188.0,2017-04-02,0.0,25.9,30.2,20.8
TH000048431,"NAKHON RATCHASIMA, TH",14.967,102.083,188.0,2017-04-03,,27.3,31.8,22.2
TH000048431,"NAKHON RATCHASIMA, TH",14.967,102.083,188.0,2017-04-04,0.0,28.6,34.7,24.8
TH000048431,"NAKHON RATCHASIMA, TH",14.967,102.083,188.0,2017-04-05,0.0,28.9,34.0,25.5
TH000048431,"NAKHON RATCHASIMA, TH",14.967,102.083,188.0,2017-04-06,0.0,28.4,31.5,25.2
TH000048431,"NAKHON RATCHASIMA, TH",14.967,102.083,188.0,2017-04-07,0.3,28.4,33.8,
TH000048431,"NAKHON RATCHASIMA, TH",14.967,102.083,188.0,2017-04-08,0.0,30.5,36.8,24.5
TH000048431,"NAKHON RATCHASIMA, TH",14.967,102.083,188.0,2017-04-09,,31.6,37.2,25.3
TH000048431,"NAKHON RATCHASIMA, TH",14.967,102.083,188.0,2017-04-10,,31.9,38.5,25.5
TH000048431,"NAKHON RATCHASIMA, TH",14.967,102.083,188.0,2017-04-11,10.2,30.4,38.4,
TH000048431,"NAKHON RATCHASIMA, TH",14.967,102.083,188.0,2017-04-12,0.3,32.1,38.2,26.3
TH000048431,"NAKHON RATCHASIMA, TH",14.967,102.083,188.0,2017-04-13,0.0,29.6,36.1,
TH000048431,"NAKHON RATCHASIMA, TH",14.967,102.083,188.0,2017-04-14,,29.6,35.0,25.0
TH000048431,"NAKHON RATCHASIMA, TH",14.967,102.083,188.0,2017-04-15,,30.6,37.2,25.6
TH000048431,"NAKHON RATCHASIMA, TH",14.967,102.083,188.0,2017-04-16,,30.8,36.7,25.3
TH000048431,"NAKHON RATCHASIMA, TH",14.967,102.083,188.0,2017-04-17,,30.0,36.5,25.6
TH000048431,"NAKHON RATCHASIMA, TH",14.967,102.083,188.0,2017-04-18,,30.5,36.5,24.9
TH000048431,"NAKHON RATCHASIMA, TH",14.967,102.083,188.0,2017-04-19,1.0,30.7,36.3,25.6
TH000048431,"NAKHON RATCHASIMA, TH",14.967,102.083,188.0,2017-04-20,0.0,31.6,38.0,25.7
TH000048431,"NAKHON RATCHASIMA, TH",14.967,102.083,188.0,2017-04-21,,31.3,38.2,
TH000048431,"NAKHON RATCHASIMA, TH",14.967,102.083,188.0,2017-04-22,,32.4,38.9,24.0
TH000048431,"NAKHON RATCHASIMA, TH",14.967,102.083,188.0,2017-04-23,,32.7,39.1,26.4
TH000048431,"NAKHON RATCHASIMA, TH",14.967,102.083,188.0,2017-04-24,1.8,28.9,38.5,
TH000048431,"NAKHON RATCHASIMA, TH",14.967,102.083,188.0,2017-04-25,0.3,29.1,34.7,24.8
TH000048431,"NAKHON RATCHASIMA, TH",14.967,102.083,188.0,2017-04-26,,30.1,36.6,25.2
TH000048431,"NAKHON RATCHASIMA, TH",14.967,102.083,188.0,2017-04-27,,31.1,37.4,25.4
TH000048431,"NAKHON RATCHASIMA, TH",14.967,102.083,188.0,2017-04-28,47.8,27.6,35.2,
TH000048431,"NAKHON RATCHASIMA, TH",14.967,102.083,188.0,2017-04-29,32.5,28.3,32.8,23.2
TH000048431,"NAKHON RATCHASIMA, TH",14.967,102.083,188.0,2017-04-30,0.0,29.7,35.6,25.4
TH000048431,"NAKHON RATCHASIMA, TH",14.967,102.083,188.0,2017-05-01,0.0,29.9,35.6,25.9
TH000048431,"NAKHON RATCHASIMA, TH",14.967,102.083,188.0,2017-05-02,,31.3,38.5,27.2
TH000048431,"NAKHON RATCHASIMA, TH",14.967,102.083,188.0,2017-05-03,,31.3,37.6,26.9
TH000048431,"NAKHON RATCHASIMA, TH",14.967,102.083,188.0,2017-05-04,30.0,29.8,38.5,
TH000048431,"NAKHON RATCHASIMA, TH",14.967,102.083,188.0,2017-05-05,0.5,28.9,34.1,24.1
TH000048431,"NAKHON RATCHASIMA, TH",14.967,102.083,188.0,2017-05-06,11.7,29.8,36.2,
TH000048431,"NAKHON RATCHASIMA, TH",14.967,102.083,188.0,2017-05-07,13.0,28.6,33.3,23.9
TH000048431,"NAKHON RATCHASIMA, TH",14.967,102.083,188.0,2017-05-08,0.0,30.2,35.5,25.6
TH000048431,"NAKHON RATCHASIMA, TH",14.967,102.083,188.0,2017-05-09,,30.1,35.3,26.0
TH000048431,"NAKHON RATCHASIMA, TH",14.967,102.083,188.0,2017-05-10,0.0,27.8,31.0,
TH000048431,"NAKHON RATCHASIMA, TH",14.967,102.083,188.0,2017-05-11,0.0,28.6,33.3,24.3
TH000048431,"NAKHON RATCHASIMA, TH",14.967,102.083,188.0,2017-05-12,37.6,29.6,34.9,25.0
TH000048431,"NAKHON RATCHASIMA, TH",14.967,102.083,188.0,2017-05-13,8.4,27.2,34.0,
TH000048431,"NAKHON RATCHASIMA, TH",14.967,102.083,188.0,2017-05-14,20.6,28.1,33.0,24.8
TH000048431,"NAKHON RATCHASIMA, TH",14.967,102.083,188.0,2017-05-15,11.2,27.9,34.1,26.0
TH000048431,"NAKHON RATCHASIMA, TH",14.967,102.083,188.0,2017-05-16,1.5,28.9,34.5,25.7
TH000048431,"NAKHON RATCHASIMA, TH",14.967,102.083,188.0,2017-05-17,11.2,27.1,30.1,
TH000048431,"NAKHON RATCHASIMA, TH",14.967,102.083,188.0,2017-05-18,6.6,29.0,34.3,25.2
TH000048431,"NAKHON RATCHASIMA, TH",14.967,102.083,188.0,2017-05-19,0.0,28.3,33.6,25.4
TH000048431,"NAKHON RATCHASIMA, TH",14.967,102.083,188.0,2017-05-20,,29.3,35.2,25.7
TH000048431,"NAKHON RATCHASIMA, TH",14.967,102.083,188.0,2017-05-21,,31.5,37.2,26.5
TH000048431,"NAKHON RATCHASIMA, TH",14.967,102.083,188.0,2017-05-22,1.3,29.9,35.7,27.2
TH000048431,"NAKHON RATCHASIMA, TH",14.967,102.083,188.0,2017-05-23,22.6,27.8,36.9,
TH000048431,"NAKHON RATCHASIMA, TH",14.967,102.083,188.0,2017-05-24,0.8,27.9,36.6,24.8
TH000048431,"NAKHON RATCHASIMA, TH",14.967,102.083,188.0,2017-05-25,,27.8,32.3,25.6
TH000048431,"NAKHON RATCHASIMA, TH",14.967,102.083,188.0,2017-05-26,0.8,26.9,29.6,25.8
TH000048431,"NAKHON RATCHASIMA, TH",14.967,102.083,188.0,2017-05-27,0.0,28.6,31.5,25.7
TH000048431,"NAKHON RATCHASIMA, TH",14.967,102.083,188.0,2017-05-28,18.0,26.6,31.7,25.4
TH000048431,"NAKHON RATCHASIMA, TH",14.967,102.083,188.0,2017-05-29,19.3,27.6,32.5,25.1
TH000048431,"NAKHON RATCHASIMA, TH",14.967,102.083,188.0,2017-05-30,5.6,28.2,33.0,25.7
TH000048431,"NAKHON RATCHASIMA, TH",14.967,102.083,188.0,2017-05-31,16.3,27.6,34.8,25.4
TH000048431,"NAKHON RATCHASIMA, TH",14.967,102.083,188.0,2017-06-01,0.3,30.0,35.2,25.1
TH000048431,"NAKHON RATCHASIMA, TH",14.967,102.083,188.0,2017-06-02,15.5,28.2,35.0,
TH000048431,"NAKHON RATCHASIMA, TH",14.967,102.083,188.0,2017-06-03,6.9,29.7,35.2,
TH000048431,"NAKHON RATCHASIMA, TH",14.967,102.083,188.0,2017-06-04,,29.3,34.6,24.0
TH000048431,"NAKHON RATCHASIMA, TH",14.967,102.083,188.0,2017-06-05,,28.9,35.0,25.2
TH000048431,"NAKHON RATCHASIMA, TH",14.967,102.083,188.0,2017-06-06,,29.1,35.2,25.4
TH000048431,"NAKHON RATCHASIMA, TH",14.967,102.083,188.0,2017-06-07,0.0,29.1,34.2,
TH000048431,"NAKHON RATCHASIMA, TH",14.967,102.083,188.0,2017-06-08,0.0,29.7,34.2,25.2
TH000048431,"NAKHON RATCHASIMA, TH",14.967,102.083,188.0,2017-06-09,2.8,28.1,33.5,
TH000048431,"NAKHON RATCHASIMA, TH",14.967,102.083,188.0,2017-06-10,43.7,27.7,34.1,
TH000048431,"NAKHON RATCHASIMA, TH",14.967,102.083,188.0,2017-06-11,4.3,28.3,31.9,23.4
TH000048431,"NAKHON RATCHASIMA, TH",14.967,102.083,188.0,2017-06-12,0.3,29.1,33.1,26.0
TH000048431,"NAKHON RATCHASIMA, TH",14.967,102.083,188.0,2017-06-13,0.0,30.2,34.7,25.9
TH000048431,"NAKHON RATCHASIMA, TH",14.967,102.083,188.0,2017-06-14,18.0,27.4,34.3,24.0
TH000048431,"NAKHON RATCHASIMA, TH",14.967,102.083,188.0,2017-06-15,0.0,28.7,33.8,24.4
TH000048431,"NAKHON RATCHASIMA, TH",14.967,102.083,188.0,2017-06-16,0.0,30.1,35.3,24.5
TH000048431,"NAKHON RATCHASIMA, TH",14.967,102.083,188.0,2017-06-17,15.0,30.2,36.2,25.4
TH000048431,"NAKHON RATCHASIMA, TH",14.967,102.083,188.0,2017-06-18,,29.7,35.2,25.2
TH000048431,"NAKHON RATCHASIMA, TH",14.967,102.083,188.0,2017-06-19,,30.4,35.5,25.8
TH000048431,"NAKHON RATCHASIMA, TH",14.967,102.083,188.0,2017-06-20,,29.8,33.5,25.3
TH000048431,"NAKHON RATCHASIMA, TH",14.967,102.083,188.0,2017-06-21,,30.0,34.1,26.7
TH000048431,"NAKHON RATCHASIMA, TH",14.967,102.083,188.0,2017-06-22,,30.1,35.6,25.5
TH000048431,"NAKHON RATCHASIMA, TH",14.967,102.083,188.0,2017-06-23,0.8,29.6,34.4,26.0
TH000048431,"NAKHON RATCHASIMA, TH",14.967,102.083,188.0,2017-06-24,,30.4,35.0,25.3
TH000048431,"NAKHON RATCHASIMA, TH",14.967,102.083,188.0,2017-06-25,46.2,28.6,34.5,
TH000048431,"NAKHON RATCHASIMA, TH",14.967,102.083,188.0,2017-06-26,13.5,29.0,34.4,24.4
TH000048431,"NAKHON RATCHASIMA, TH",14.967,102.083,188.0,2017-06-27,29.5,28.3,34.0,
TH000048431,"NAKHON RATCHASIMA, TH",14.967,102.083,188.0,2017-06-28,24.6,28.6,34.3,24.9
TH000048431,"NAKHON RATCHASIMA, TH",14.967,102.083,188.0,2017-06-29,57.9,26.7,33.0,
TH000048431,"NAKHON RATCHASIMA, TH",14.967,102.083,188.0,2017-06-30,8.4,28.1,33.4,24.6
TH000048431,"NAKHON RATCHASIMA, TH",14.967,102.083,188.0,2017-07-01,4.3,27.9,32.4,
TH000048431,"NAKHON RATCHASIMA, TH",14.967,102.083,188.0,2017-07-02,1.5,27.8,,24.6
TH000048431,"NAKHON RATCHASIMA, TH",14.967,102.083,188.0,2017-07-03,1.0,28.3,,24.5
TH000048431,"NAKHON RATCHASIMA, TH",14.967,102.083,188.0,2017-07-04,15.5,27.3,32.6,
TH000048431,"NAKHON RATCHASIMA, TH",14.967,102.083,188.0,2017-07-05,1.0,28.1,32.9,23.2
TH000048431,"NAKHON RATCHASIMA, TH",14.967,102.083,188.0,2017-07-06,0.0,29.3,34.4,24.4
TH000048431,"NAKHON RATCHASIMA, TH",14.967,102.083,188.0,2017-07-07,,28.8,33.3,25.3
TH000048431,"NAKHON RATCHASIMA, TH",14.967,102.083,188.0,2017-07-08,0.0,28.0,33.1,24.8
TH000048431,"NAKHON RATCHASIMA, TH",14.967,102.083,188.0,2017-07-09,15.5,28.3,,25.5
TH000048431,"NAKHON RATCHASIMA, TH",14.967,102.083,188.0,2017-07-10,0.3,27.9,33.2,
TH000048431,"NAKHON RATCHASIMA, TH",14.967,102.083,188.0,2017-07-11,5.1,27.1,31.0,24.0
TH000048431,"NAKHON RATCHASIMA, TH",14.967,102.083,188.0,2017-07-12,0.8,27.8,32.3,25.2
TH000048431,"NAKHON RATCHASIMA, TH",14.967,102.083,188.0,2017-07-13,0.0,29.1,33.7,24.6
TH000048431,"NAKHON RATCHASIMA, TH",14.967,102.083,188.0,2017-07-14,,29.5,34.4,25.6
TH000048431,"NAKHON RATCHASIMA, TH",14.967,102.083,188.0,2017-07-15,0.0,29.0,33.1,25.9
TH000048431,"NAKHON RATCHASIMA, TH",14.967,102.083,188.0,2017-07-16,0.5,28.7,33.0,
TH000048431,"NAKHON RATCHASIMA, TH",14.967,102.083,188.0,2017-07-17,0.0,27.9,32.6,
TH000048431,"NAKHON RATCHASIMA, TH",14.967,102.083,188.0,2017-07-18,0.0,29.2,34.5,24.9
TH000048431,"NAKHON RATCHASIMA, TH",14.967,102.083,188.0,2017-07-19,0.0,28.5,32.3,
TH000048431,"NAKHON RATCHASIMA, TH",14.967,102.083,188.0,2017-07-20,,28.7,33.1,25.4
TH000048431,"NAKHON RATCHASIMA, TH",14.967,102.083,188.0,2017-07-21,,28.5,32.3,25.1
TH000048431,"NAKHON RATCHASIMA, TH",14.967,102.083,188.0,2017-07-22,16.0,27.8,,25.2
TH000048431,"NAKHON RATCHASIMA, TH",14.967,102.083,188.0,2017-07-23,0.0,29.3,,25.2
TH000048431,"NAKHON RATCHASIMA, TH",14.967,102.083,188.0,2017-07-24,0.0,28.8,39.8,25.0
TH000048431,"NAKHON RATCHASIMA, TH",14.967,102.083,188.0,2017-07-25,0.0,27.6,29.8,25.1
TH000048431,"NAKHON RATCHASIMA, TH",14.967,102.083,188.0,2017-07-26,27.4,25.2,28.2,
TH000048431,"NAKHON RATCHASIMA, TH",14.967,102.083,188.0,2017-07-27,14.0,27.7,30.8,23.3
TH000048431,"NAKHON RATCHASIMA, TH",14.967,102.083,188.0,2017-07-28,0.0,28.2,33.3,25.3
TH000048431,"NAKHON RATCHASIMA, TH",14.967,102.083,188.0,2017-07-29,0.0,28.7,32.4,25.0
TH000048431,"NAKHON RATCHASIMA, TH",14.967,102.083,188.0,2017-07-30,,30.0,35.0,25.7
TH000048431,"NAKHON RATCHASIMA, TH",14.967,102.083,188.0,2017-07-31,,30.5,34.9,26.0
TH000048431,"NAKHON RATCHASIMA, TH",14.967,102.083,188.0,2017-08-01,,30.2,34.6,26.0
TH000048431,"NAKHON RATCHASIMA, TH",14.967,102.083,188.0,2017-08-02,3.8,29.9,,25.7
TH000048431,"NAKHON RATCHASIMA, TH",14.967,102.083,188.0,2017-08-03,4.6,29.8,34.6,25.2
TH000048431,"NAKHON RATCHASIMA, TH",14.967,102.083,188.0,2017-08-04,,29.3,33.6,26.2
TH000048431,"NAKHON RATCHASIMA, TH",14.967,102.083,188.0,2017-08-05,38.4,27.1,32.8,
TH000048431,"NAKHON RATCHASIMA, TH",14.967,102.083,188.0,2017-08-06,40.1,26.9,32.2,25.2
TH000048431,"NAKHON RATCHASIMA, TH",14.967,102.083,188.0,2017-08-07,5.1,27.2,29.9,25.2
TH000048431,"NAKHON RATCHASIMA, TH",14.967,102.083,188.0,2017-08-08,2.8,26.9,33.4,25.0
TH000048431,"NAKHON RATCHASIMA, TH",14.967,102.083,188.0,2017-08-09,,29.8,34.9,25.0
TH000048431,"NAKHON RATCHASIMA, TH",14.967,102.083,188.0,2017-08-10,,30.5,35.3,25.9
TH000048431,"NAKHON RATCHASIMA, TH",14.967,102.083,188.0,2017-08-11,0.0,30.1,35.7,25.7
TH000048431,"NAKHON RATCHASIMA, TH",14.967,102.083,188.0,2017-08-12,0.0,30.3,35.5,25.8
TH000048431,"NAKHON RATCHASIMA, TH",14.967,102.083,188.0,2017-08-13,0.0,30.1,35.5,26.7
TH000048431,"NAKHON RATCHASIMA, TH",14.967,102.083,188.0,2017-08-14,34.0,29.1,35.9,
TH000048431,"NAKHON RATCHASIMA, TH",14.967,102.083,188.0,2017-08-15,0.0,28.8,34.3,25.1
TH000048431,"NAKHON RATCHASIMA, TH",14.967,102.083,188.0,2017-08-16,56.9,26.9,32.9,
TH000048431,"NAKHON RATCHASIMA, TH",14.967,102.083,188.0,2017-08-17,6.9,26.7,32.5,25.0
TH000048431,"NAKHON RATCHASIMA, TH",14.967,102.083,188.0,2017-08-18,31.5,27.6,,24.4
TH000048431,"NAKHON RATCHASIMA, TH",14.967,102.083,188.0,2017-08-19,45.2,27.5,,23.2
TH000048431,"NAKHON RATCHASIMA, TH",14.967,102.083,188.0,2017-08-20,0.3,28.0,,25.0
TH000048431,"NAKHON RATCHASIMA, TH",14.967,102.083,188.0,2017-08-21,0.0,28.9,,25.3
TH000048431,"NAKHON RATCHASIMA, TH",14.967,102.083,188.0,2017-08-22,0.0,30.1,,25.3
TH000048431,"NAKHON RATCHASIMA, TH",14.967,102.083,188.0,2017-08-23,,30.1,,25.9
TH000048431,"NAKHON RATCHASIMA, TH",14.967,102.083,188.0,2017-08-24,,29.2,32.8,25.9
TH000048431,"NAKHON RATCHASIMA, TH",14.967,102.083,188.0,2017-08-25,0.3,29.1,,
TH000048431,"NAKHON RATCHASIMA, TH",14.967,102.083,188.0,2017-08-26,3.6,28.4,33.1,24.6
TH000048431,"NAKHON RATCHASIMA, TH",14.967,102.083,188.0,2017-08-27,10.2,26.4,,24.7
TH000048431,"NAKHON RATCHASIMA, TH",14.967,102.083,188.0,2017-08-28,3.8,27.3,33.6,
TH000048431,"NAKHON RATCHASIMA, TH",14.967,102.083,188.0,2017-08-29,8.9,26.8,29.3,24.2
TH000048431,"NAKHON RATCHASIMA, TH",14.967,102.083,188.0,2017-08-30,0.0,28.0,,24.6
TH000048431,"NAKHON RATCHASIMA, TH",14.967,102.083,188.0,2017-08-31,0.0,29.1,,24.8
TH000048431,"NAKHON RATCHASIMA, TH",14.967,102.083,188.0,2017-09-01,,30.3,34.9,25.5
TH000048431,"NAKHON RATCHASIMA, TH",14.967,102.083,188.0,2017-09-02,,29.3,33.8,
TH000048431,"NAKHON RATCHASIMA, TH",14.967,102.083,188.0,2017-09-03,,30.4,35.0,24.7
TH000048431,"NAKHON RATCHASIMA, TH",14.967,102.083,188.0,2017-09-04,11.7,29.2,34.8,26.1
TH000048431,"NAKHON RATCHASIMA, TH",14.967,102.083,188.0,2017-09-05,92.7,28.3,35.1,
TH000048431,"NAKHON RATCHASIMA, TH",14.967,102.083,188.0,2017-09-06,72.4,27.0,33.3,24.4
TH000048431,"NAKHON RATCHASIMA, TH",14.967,102.083,188.0,2017-09-07,33.0,27.4,32.9,25.1
TH000048431,"NAKHON RATCHASIMA, TH",14.967,102.083,188.0,2017-09-08,,29.7,34.1,24.8
TH000048431,"NAKHON RATCHASIMA, TH",14.967,102.083,188.0,2017-09-09,0.0,29.8,35.4,26.0
TH000048431,"NAKHON RATCHASIMA, TH",14.967,102.083,188.0,2017-09-10,19.1,28.5,34.6,
TH000048431,"NAKHON RATCHASIMA, TH",14.967,102.083,188.0,2017-09-11,83.6,27.6,34.9,
TH000048431,"NAKHON RATCHASIMA, TH",14.967,102.083,188.0,2017-09-12,0.3,28.8,34.1,22.7
TH000048431,"NAKHON RATCHASIMA, TH",14.967,102.083,188.0,2017-09-13,0.0,30.6,35.4,24.7
TH000048431,"NAKHON RATCHASIMA, TH",14.967,102.083,188.0,2017-09-14,17.8,28.4,35.3,
TH000048431,"NAKHON RATCHASIMA, TH",14.967,102.083,188.0,2017-09-15,0.8,27.4,,24.9
TH000048431,"NAKHON RATCHASIMA, TH",14.967,102.083,188.0,2017-09-16,2.3,28.4,,25.2
TH000048431,"NAKHON RATCHASIMA, TH",14.967,102.083,188.0,2017-09-17,2.0,28.2,,25.1
TH000048431,"NAKHON RATCHASIMA, TH",14.967,102.083,188.0,2017-09-18,0.0,29.3,34.0,24.9
TH000048431,"NAKHON RATCHASIMA, TH",14.967,102.083,188.0,2017-09-19,,30.6,35.4,24.6
TH000048431,"NAKHON RATCHASIMA, TH",14.967,102.083,188.0,2017-09-20,3.3,26.0,29.5,
TH000048431,"NAKHON RATCHASIMA, TH",14.967,102.083,188.0,2017-09-21,,29.4,34.0,23.7
TH000048431,"NAKHON RATCHASIMA, TH",14.967,102.083,188.0,2017-09-22,7.1,26.6,30.0,
TH000048431,"NAKHON RATCHASIMA, TH",14.967,102.083,188.0,2017-09-23,3.6,27.2,31.0,
TH000048431,"NAKHON RATCHASIMA, TH",14.967,102.083,188.0,2017-09-24,3.3,27.8,,23.7
TH000048431,"NAKHON RATCHASIMA, TH",14.967,102.083,188.0,2017-09-25,90.2,27.2,32.5,
TH000048431,"NAKHON RATCHASIMA, TH",14.967,102.083,188.0,2017-09-26,3.0,27.0,31.1,24.3
TH000048431,"NAKHON RATCHASIMA, TH",14.967,102.083,188.0,2017-09-27,,29.2,34.7,24.1
TH000048431,"NAKHON RATCHASIMA, TH",14.967,102.083,188.0,2017-09-28,6.1,27.9,34.5,
TH000048431,"NAKHON RATCHASIMA, TH",14.967,102.083,188.0,2017-09-29,5.6,28.2,32.8,24.0
TH000048431,"NAKHON RATCHASIMA, TH",14.967,102.083,188.0,2017-09-30,0.8,27.1,33.1,24.4
TH000048431,"NAKHON RATCHASIMA, TH",14.967,102.083,188.0,2017-10-01,,27.9,,24.1
TH000048431,"NAKHON RATCHASIMA, TH",14.967,102.083,188.0,2017-10-02,34.8,26.4,32.2,
TH000048431,"NAKHON RATCHASIMA, TH",14.967,102.083,188.0,2017-10-03,37.8,25.5,29.2,23.0
TH000048431,"NAKHON RATCHASIMA, TH",14.967,102.083,188.0,2017-10-04,7.4,25.2,28.6,24.1
TH000048431,"NAKHON RATCHASIMA, TH",14.967,102.083,188.0,2017-10-05,5.8,27.3,31.3,24.0
TH000048431,"NAKHON RATCHASIMA, TH",14.967,102.083,188.0,2017-10-06,,27.1,30.5,24.7
TH000048431,"NAKHON RATCHASIMA, TH",14.967,102.083,188.0,2017-10-07,5.1,26.4,31.1,24.5
TH000048431,"NAKHON RATCHASIMA, TH",14.967,102.083,188.0,2017-10-08,0.5,28.3,32.5,24.3
TH000048431,"NAKHON RATCHASIMA, TH",14.967,102.083,188.0,2017-10-09,0.0,29.0,32.6,25.8
TH000048431,"NAKHON RATCHASIMA, TH",14.967,102.083,188.0,2017-10-10,,28.7,33.7,25.7
TH000048431,"NAKHON RATCHASIMA, TH",14.967,102.083,188.0,2017-10-11,5.1,27.4,31.7,25.3
TH000048431,"NAKHON RATCHASIMA, TH",14.967,102.083,188.0,2017-10-12,0.5,28.2,35.3,25.4
TH000048431,"NAKHON RATCHASIMA, TH",14.967,102.083,188.0,2017-10-13,0.0,28.0,32.2,25.2
TH000048431,"NAKHON RATCHASIMA, TH",14.967,102.083,188.0,2017-10-14,,28.6,33.4,24.8
TH000048431,"NAKHON RATCHASIMA, TH",14.967,102.083,188.0,2017-10-15,1.0,28.8,33.6,24.7
TH000048431,"NAKHON RATCHASIMA, TH",14.967,102.083,188.0,2017-10-16,,28.9,33.1,24.7
TH000048431,"NAKHON RATCHASIMA, TH",14.967,102.083,188.0,2017-10-17,0.5,24.6,27.2,
TH000048431,"NAKHON RATCHASIMA, TH",14.967,102.083,188.0,2017-10-18,,26.1,29.0,23.3
TH000048431,"NAKHON RATCHASIMA, TH",14.967,102.083,188.0,2017-10-19,,27.9,32.2,24.3
TH000048431,"NAKHON RATCHASIMA, TH",14.967,102.083,188.0,2017-10-20,,28.7,33.3,23.8
TH000048431,"NAKHON RATCHASIMA, TH",14.967,102.083,188.0,2017-10-21,,29.6,33.6,
TH000048431,"NAKHON RATCHASIMA, TH",14.967,102.083,188.0,2017-10-22,,28.7,33.1,25.0
TH000048431,"NAKHON RATCHASIMA, TH",14.967,102.083,188.0,2017-10-23,,28.4,32.8,
TH000048431,"NAKHON RATCHASIMA, TH",14.967,102.083,188.0,2017-10-24,,26.3,28.7,24.0
TH000048431,"NAKHON RATCHASIMA, TH",14.967,102.083,188.0,2017-10-25,,26.9,35.2,23.6
TH000048431,"NAKHON RATCHASIMA, TH",14.967,102.083,188.0,2017-10-26,,27.7,32.3,23.8
TH000048431,"NAKHON RATCHASIMA, TH",14.967,102.083,188.0,2017-10-27,,27.6,,23.3
TH000048431,"NAKHON RATCHASIMA, TH",14.967,102.083,188.0,2017-10-28,,27.4,32.0,22.5
TH000048431,"NAKHON RATCHASIMA, TH",14.967,102.083,188.0,2017-10-29,,27.2,32.0,
TH000048431,"NAKHON RATCHASIMA, TH",14.967,102.083,188.0,2017-10-30,,25.8,30.0,
TH000048431,"NAKHON RATCHASIMA, TH",14.967,102.083,188.0,2017-10-31,,25.6,30.1,20.5
TH000048431,"NAKHON RATCHASIMA, TH",14.967,102.083,188.0,2017-11-01,0.0,24.9,28.8,
TH000048431,"NAKHON RATCHASIMA, TH",14.967,102.083,188.0,2017-11-02,0.0,26.1,31.5,22.2
TH000048431,"NAKHON RATCHASIMA, TH",14.967,102.083,188.0,2017-11-03,,25.4,30.6,
TH000048431,"NAKHON RATCHASIMA, TH",14.967,102.083,188.0,2017-11-04,,25.4,29.7,18.8
TH000048431,"NAKHON RATCHASIMA, TH",14.967,102.083,188.0,2017-11-05,0.8,21.9,24.9,
TH000048431,"NAKHON RATCHASIMA, TH",14.967,102.083,188.0,2017-11-06,,24.4,27.6,20.4
TH000048431,"NAKHON RATCHASIMA, TH",14.967,102.083,188.0,2017-11-07,,25.8,30.2,22.7
TH000048431,"NAKHON RATCHASIMA, TH",14.967,102.083,188.0,2017-11-08,,25.2,27.8,22.6
TH000048431,"NAKHON RATCHASIMA, TH",14.967,102.083,188.0,2017-11-09,,26.8,31.1,23.1
TH000048431,"NAKHON RATCHASIMA, TH",14.967,102.083,188.0,2017-11-10,,28.3,32.7,23.7
TH000048431,"NAKHON RATCHASIMA, TH",14.967,102.083,188.0,2017-11-11,0.0,27.2,32.2,
TH000048431,"NAKHON RATCHASIMA, TH",14.967,102.083,188.0,2017-11-12,,27.9,32.6,23.5
TH000048431,"NAKHON RATCHASIMA, TH",14.967,102.083,188.0,2017-11-13,,27.6,32.5,
TH000048431,"NAKHON RATCHASIMA, TH",14.967,102.083,188.0,2017-11-14,,27.9,33.3,23.1
TH000048431,"NAKHON RATCHASIMA, TH",14.967,102.083,188.0,2017-11-15,25.4,26.7,32.7,23.0
TH000048431,"NAKHON RATCHASIMA, TH",14.967,102.083,188.0,2017-11-16,1.8,27.7,33.4,23.8
TH000048431,"NAKHON RATCHASIMA, TH",14.967,102.083,188.0,2017-11-17,0.0,29.1,35.1,23.8
TH000048431,"NAKHON RATCHASIMA, TH",14.967,102.083,188.0,2017-11-18,,29.9,35.5,24.7
TH000048431,"NAKHON RATCHASIMA, TH",14.967,102.083,188.0,2017-11-19,0.3,28.6,32.4,
TH000048431,"NAKHON RATCHASIMA, TH",14.967,102.083,188.0,2017-11-20,0.3,27.2,30.2,24.7
TH000048431,"NAKHON RATCHASIMA, TH",14.967,102.083,188.0,2017-11-21,,26.9,30.8,23.4
TH000048431,"NAKHON RATCHASIMA, TH",14.967,102.083,188.0,2017-11-22,,26.2,30.3,22.8
TH000048431,"NAKHON RATCHASIMA, TH",14.967,102.083,188.0,2017-11-23,,25.6,,
TH000048431,"NAKHON RATCHASIMA, TH",14.967,102.083,188.0,2017-11-24,,23.4,28.1,19.5
TH000048431,"NAKHON RATCHASIMA, TH",14.967,102.083,188.0,2017-11-25,,24.0,29.0,18.5
TH000048431,"NAKHON RATCHASIMA, TH",14.967,102.083,188.0,2017-11-26,,24.6,29.8,19.5
TH000048431,"NAKHON RATCHASIMA, TH",14.967,102.083,188.0,2017-11-27,,25.3,,20.0
TH000048431,"NAKHON RATCHASIMA, TH",14.967,102.083,188.0,2017-11-28,,25.8,30.7,21.0
TH000048431,"NAKHON RATCHASIMA, TH",14.967,102.083,188.0,2017-11-29,,27.6,32.2,20.9
TH000048431,"NAKHON RATCHASIMA, TH",14.967,102.083,188.0,2017-11-30,,27.8,,23.9
TH000048431,"NAKHON RATCHASIMA, TH",14.967,102.083,188.0,2017-12-01,,25.9,29.7,
TH000048431,"NAKHON RATCHASIMA, TH",14.967,102.083,188.0,2017-12-02,,26.1,,21.9
TH000048431,"NAKHON RATCHASIMA, TH",14.967,102.083,188.0,2017-12-03,,26.8,31.7,20.8
TH000048431,"NAKHON RATCHASIMA, TH",14.967,102.083,188.0,2017-12-04,,27.0,,21.3
TH000048431,"NAKHON RATCHASIMA, TH",14.967,102.083,188.0,2017-12-05,,24.6,28.5,
TH000048431,"NAKHON RATCHASIMA, TH",14.967,102.083,188.0,2017-12-06,,24.3,29.4,20.5
TH000048431,"NAKHON RATCHASIMA, TH",14.967,102.083,188.0,2017-12-07,,27.0,32.8,20.4
TH000048431,"NAKHON RATCHASIMA, TH",14.967,102.083,188.0,2017-12-08,,26.5,32.5,
TH000048431,"NAKHON RATCHASIMA, TH",14.967,102.083,188.0,2017-12-09,,24.1,,
TH000048431,"NAKHON RATCHASIMA, TH",14.967,102.083,188.0,2017-12-10,,25.6,,19.0
TH000048431,"NAKHON RATCHASIMA, TH",14.967,102.083,188.0,2017-12-11,,26.8,32.3,20.9
TH000048431,"NAKHON RATCHASIMA, TH",14.967,102.083,188.0,2017-12-12,1.3,27.9,34.3,22.3
TH000048431,"NAKHON RATCHASIMA, TH",14.967,102.083,188.0,2017-12-13,0.0,28.8,34.9,23.4
TH000048431,"NAKHON RATCHASIMA, TH",14.967,102.083,188.0,2017-12-14,0.0,28.6,34.5,24.5
TH000048431,"NAKHON RATCHASIMA, TH",14.967,102.083,188.0,2017-12-15,,27.7,33.1,
TH000048431,"NAKHON RATCHASIMA, TH",14.967,102.083,188.0,2017-12-16,,25.6,31.5,
TH000048431,"NAKHON RATCHASIMA, TH",14.967,102.083,188.0,2017-12-17,,22.2,26.9,
TH000048431,"NAKHON RATCHASIMA, TH",14.967,102.083,188.0,2017-12-18,,19.0,24.7,
TH000048431,"NAKHON RATCHASIMA, TH",14.967,102.083,188.0,2017-12-19,,17.9,23.6,12.8
TH000048431,"NAKHON RATCHASIMA, TH",14.967,102.083,188.0,2017-12-20,,18.1,,13.4
TH000048431,"NAKHON RATCHASIMA, TH",14.967,102.083,188.0,2017-12-21,,19.8,25.8,12.8
TH000048431,"NAKHON RATCHASIMA, TH",14.967,102.083,188.0,2017-12-22,,23.1,29.9,16.4
TH000048431,"NAKHON RATCHASIMA, TH",14.967,102.083,188.0,2017-12-23,,24.7,31.9,17.1
TH000048431,"NAKHON RATCHASIMA, TH",14.967,102.083,188.0,2017-12-24,,25.2,31.5,20.0
TH000048431,"NAKHON RATCHASIMA, TH",14.967,102.083,188.0,2017-12-25,0.0,22.9,27.6,18.8
TH000048431,"NAKHON RATCHASIMA, TH",14.967,102.083,188.0,2017-12-26,2.5,20.7,25.8,
TH000048431,"NAKHON RATCHASIMA, TH",14.967,102.083,188.0,2017-12-27,3.3,20.1,25.7,17.4
TH000048431,"NAKHON RATCHASIMA, TH",14.967,102.083,188.0,2017-12-28,3.3,23.2,28.1,20.0
TH000048431,"NAKHON RATCHASIMA, TH",14.967,102.083,188.0,2017-12-29,0.5,25.9,31.6,20.0
TH000048431,"NAKHON RATCHASIMA, TH",14.967,102.083,188.0,2017-12-30,0.0,25.6,31.1,20.9
TH000048431,"NAKHON RATCHASIMA, TH",14.967,102.083,188.0,2017-12-31,,24.0,29.9,
TH000048431,"NAKHON RATCHASIMA, TH",14.967,102.083,188.0,2018-01-01,,23.7,29.1,18.6
TH000048431,"NAKHON RATCHASIMA, TH",14.967,102.083,188.0,2018-01-02,,24.3,29.9,18.7
TH000048431,"NAKHON RATCHASIMA, TH",14.967,102.083,188.0,2018-01-03,,25.4,30.4,21.1
TH000048431,"NAKHON RATCHASIMA, TH",14.967,102.083,188.0,2018-01-04,,26.1,32.7,20.6
TH000048431,"NAKHON RATCHASIMA, TH",14.967,102.083,188.0,2018-01-05,,27.4,33.8,20.5
TH000048431,"NAKHON RATCHASIMA, TH",14.967,102.083,188.0,2018-01-06,2.5,27.9,34.8,23.3
TH000048431,"NAKHON RATCHASIMA, TH",14.967,102.083,188.0,2018-01-07,,27.8,33.5,
TH000048431,"NAKHON RATCHASIMA, TH",14.967,102.083,188.0,2018-01-08,,28.2,34.3,23.4
TH000048431,"NAKHON RATCHASIMA, TH",14.967,102.083,188.0,2018-01-09,,28.4,34.8,
TH000048431,"NAKHON RATCHASIMA, TH",14.967,102.083,188.0,2018-01-10,,21.2,24.4,
TH000048431,"NAKHON RATCHASIMA, TH",14.967,102.083,188.0,2018-01-11,,21.0,25.8,
TH000048431,"NAKHON RATCHASIMA, TH",14.967,102.083,188.0,2018-01-12,,19.9,24.9,15.5
TH000048431,"NAKHON RATCHASIMA, TH",14.967,102.083,188.0,2018-01-13,,20.2,25.6,14.9
TH000048431,"NAKHON RATCHASIMA, TH",14.967,102.083,188.0,2018-01-14,,22.3,28.8,16.2
TH000048431,"NAKHON RATCHASIMA, TH",14.967,102.083,188.0,2018-01-15,,20.8,26.7,16.8
TH000048431,"NAKHON RATCHASIMA, TH",14.967,102.083,188.0,2018-01-16,,25.5,32.0,17.5
TH000048431,"NAKHON RATCHASIMA, TH",14.967,102.083,188.0,2018-01-17,,25.7,31.9,19.3
TH000048431,"NAKHON RATCHASIMA, TH",14.967,102.083,188.0,2018-01-18,,25.3,32.5,19.1
TH000048431,"NAKHON RATCHASIMA, TH",14.967,102.083,188.0,2018-01-19,,26.6,32.9,18.7
TH000048431,"NAKHON RATCHASIMA, TH",14.967,102.083,188.0,2018-01-20,,25.8,31.8,21.0
TH000048431,"NAKHON RATCHASIMA, TH",14.967,102.083,188.0,2018-01-21,,27.1,33.8,20.6
TH000048431,"NAKHON RATCHASIMA, TH",14.967,102.083,188.0,2018-01-22,,27.1,33.0,22.2
TH000048431,"NAKHON RATCHASIMA, TH",14.967,102.083,188.0,2018-01-23,,27.4,,21.7
TH000048431,"NAKHON RATCHASIMA, TH",14.967,102.083,188.0,2018-01-24,,27.2,34.3,20.7
TH000048431,"NAKHON RATCHASIMA, TH",14.967,102.083,188.0,2018-01-25,,28.0,34.5,21.2
TH000048431,"NAKHON RATCHASIMA, TH",14.967,102.083,188.0,2018-01-26,,28.8,34.0,23.7
TH000048431,"NAKHON RATCHASIMA, TH",14.967,102.083,188.0,2018-01-27,,28.1,33.7,23.9
TH000048431,"NAKHON RATCHASIMA, TH",14.967,102.083,188.0,2018-01-28,,28.9,33.7,24.2
TH000048431,"NAKHON RATCHASIMA, TH",14.967,102.083,188.0,2018-01-29,,29.7,36.6,23.7
TH000048431,"NAKHON RATCHASIMA, TH",14.967,102.083,188.0,2018-01-30,,24.3,27.2,
TH000048431,"NAKHON RATCHASIMA, TH",14.967,102.083,188.0,2018-01-31,,24.9,30.1,
TH000048431,"NAKHON RATCHASIMA, TH",14.967,102.083,188.0,2018-02-01,,20.2,24.8,17.6
TH000048431,"NAKHON RATCHASIMA, TH",14.967,102.083,188.0,2018-02-02,,22.8,28.8,17.1
TH000048431,"NAKHON RATCHASIMA, TH",14.967,102.083,188.0,2018-02-03,,20.8,25.1,16.1
TH000048431,"NAKHON RATCHASIMA, TH",14.967,102.083,188.0,2018-02-04,,21.4,26.9,16.7
TH000048431,"NAKHON RATCHASIMA, TH",14.967,102.083,188.0,2018-02-05,,20.5,27.7,
TH000048431,"NAKHON RATCHASIMA, TH",14.967,102.083,188.0,2018-02-06,,19.3,25.5,13.5
TH000048431,"NAKHON RATCHASIMA, TH",14.967,102.083,188.0,2018-02-07,,21.9,29.2,16.5
TH000048431,"NAKHON RATCHASIMA, TH",14.967,102.083,188.0,2018-02-08,,23.6,30.9,17.0
TH000048431,"NAKHON RATCHASIMA, TH",14.967,102.083,188.0,2018-02-09,,25.6,33.1,17.9
TH000048431,"NAKHON RATCHASIMA, TH",14.967,102.083,188.0,2018-02-10,,26.7,34.0,19.6
TH000048431,"NAKHON RATCHASIMA, TH",14.967,102.083,188.0,2018-02-11,,27.0,32.6,21.5
TH000048431,"NAKHON RATCHASIMA, TH",14.967,102.083,188.0,2018-02-12,,24.8,,20.0
TH000048431,"NAKHON RATCHASIMA, TH",14.967,102.083,188.0,2018-02-13,,23.4,29.9,18.0
TH000048431,"NAKHON RATCHASIMA, TH",14.967,102.083,188.0,2018-02-14,,25.7,33.7,18.1
TH000048431,"NAKHON RATCHASIMA, TH",14.967,102.083,188.0,2018-02-15,,27.8,36.8,19.3
TH000048431,"NAKHON RATCHASIMA, TH",14.967,102.083,188.0,2018-02-16,,29.1,37.6,20.8
TH000048431,"NAKHON RATCHASIMA, TH",14.967,102.083,188.0,2018-02-17,,30.2,37.4,23.0
TH000048431,"NAKHON RATCHASIMA, TH",14.967,102.083,188.0,2018-02-18,,30.3,36.4,25.2
TH000048431,"NAKHON RATCHASIMA, TH",14.967,102.083,188.0,2018-02-19,9.7,28.3,35.2,
TH000048431,"NAKHON RATCHASIMA, TH",14.967,102.083,188.0,2018-02-20,59.7,28.1,35.7,
TH000048431,"NAKHON RATCHASIMA, TH",14.967,102.083,188.0,2018-02-21,,28.7,35.3,23.0
TH000048431,"NAKHON RATCHASIMA, TH",14.967,102.083,188.0,2018-02-22,0.0,26.9,32.6,
TH000048431,"NAKHON RATCHASIMA, TH",14.967,102.083,188.0,2018-02-23,0.0,26.1,28.9,23.4
TH000048431,"NAKHON RATCHASIMA, TH",14.967,102.083,188.0,2018-02-24,0.0,27.6,31.4,23.6
TH000048431,"NAKHON RATCHASIMA, TH",14.967,102.083,188.0,2018-02-25,8.9,28.1,35.0,23.2
TH000048431,"NAKHON RATCHASIMA, TH",14.967,102.083,188.0,2018-02-26,,27.1,31.8,23.1
TH000048431,"NAKHON RATCHASIMA, TH",14.967,102.083,188.0,2018-02-27,0.0,27.7,32.3,24.3
TH000048431,"NAKHON RATCHASIMA, TH",14.967,102.083,188.0,2018-02-28,,28.2,34.6,23.3
TH000048431,"NAKHON RATCHASIMA, TH",14.967,102.083,188.0,2018-03-01,,29.4,35.8,24.2
TH000048431,"NAKHON RATCHASIMA, TH",14.967,102.083,188.0,2018-03-02,,29.8,35.8,24.5
TH000048431,"NAKHON RATCHASIMA, TH",14.967,102.083,188.0,2018-03-03,,30.2,35.8,24.3
TH000048431,"NAKHON RATCHASIMA, TH",14.967,102.083,188.0,2018-03-04,,30.7,,24.4
TH000048431,"NAKHON RATCHASIMA, TH",14.967,102.083,188.0,2018-03-05,,31.4,37.6,24.3
TH000048431,"NAKHON RATCHASIMA, TH",14.967,102.083,188.0,2018-03-06,0.5,29.6,36.4,
TH000048431,"NAKHON RATCHASIMA, TH",14.967,102.083,188.0,2018-03-07,1.0,26.8,,
TH000048431,"NAKHON RATCHASIMA, TH",14.967,102.083,188.0,2018-03-08,,28.6,,
TH000048431,"NAKHON RATCHASIMA, TH",14.967,102.083,188.0,2018-03-09,,23.3,27.6,20.5
TH000048431,"NAKHON RATCHASIMA, TH",14.967,102.083,188.0,2018-03-10,,25.0,30.4,19.7
TH000048431,"NAKHON RATCHASIMA, TH",14.967,102.083,188.0,2018-03-11,,25.8,31.8,20.7
TH000048431,"NAKHON RATCHASIMA, TH",14.967,102.083,188.0,2018-03-12,,27.0,33.4,21.8
TH000048431,"NAKHON RATCHASIMA, TH",14.967,102.083,188.0,2018-03-13,,28.5,,23.0
TH000048431,"NAKHON RATCHASIMA, TH",14.967,102.083,188.0,2018-03-14,,29.2,34.9,23.6
TH000048431,"NAKHON RATCHASIMA, TH",14.967,102.083,188.0,2018-03-15,,28.0,35.3,
TH000048431,"NAKHON RATCHASIMA, TH",14.967,102.083,188.0,2018-03-16,,28.9,35.8,22.3
TH000048431,"NAKHON RATCHASIMA, TH",14.967,102.083,188.0,2018-03-17,,30.2,36.1,23.0
TH000048431,"NAKHON RATCHASIMA, TH",14.967,102.083,188.0,2018-03-18,,30.6,36.7,25.4
TH000048431,"NAKHON RATCHASIMA, TH",14.967,102.083,188.0,2018-03-19,,30.9,38.2,25.6
TH000048431,"NAKHON RATCHASIMA, TH",14.967,102.083,188.0,2018-03-20,0.0,30.2,38.2,24.2
TH000048431,"NAKHON RATCHASIMA, TH",14.967,102.083,188.0,2018-03-21,0.0,25.4,30.0,
TH000048431,"NAKHON RATCHASIMA, TH",14.967,102.083,188.0,2018-03-22,,26.4,31.5,21.2
TH000048431,"NAKHON RATCHASIMA, TH",14.967,102.083,188.0,2018-03-23,,27.1,32.4,21.8
TH000048431,"NAKHON RATCHASIMA, TH",14.967,102.083,188.0,2018-03-24,,28.1,33.8,23.0
TH000048431,"NAKHON RATCHASIMA, TH",14.967,102.083,188.0,2018-03-25,,30.1,35.8,23.2
TH000048431,"NAKHON RATCHASIMA, TH",14.967,102.083,188.0,2018-03-26,,28.9,34.2,25.0
TH000048431,"NAKHON RATCHASIMA, TH",14.967,102.083,188.0,2018-03-27,,29.3,34.2,24.4
TH000048431,"NAKHON RATCHASIMA, TH",14.967,102.083,188.0,2018-03-28,27.2,28.9,35.4,
TH000048431,"NAKHON RATCHASIMA, TH",14.967,102.083,188.0,2018-03-29,,29.3,35.8,24.5
TH000048431,"NAKHON RATCHASIMA, TH",14.967,102.083,188.0,2018-03-30,,29.9,37.1,24.3
TH000048431,"NAKHON RATCHASIMA, TH",14.967,102.083,188.0,2018-03-31,,28.1,31.9,25.4
TH000048431,"NAKHON RATCHASIMA, TH",14.967,102.083,188.0,2018-04-01,,28.6,33.4,
TH000048431,"NAKHON RATCHASIMA, TH",14.967,102.083,188.0,2018-04-02,0.0,29.7,34.4,24.0
TH000048431,"NAKHON RATCHASIMA, TH",14.967,102.083,188.0,2018-04-03,0.0,30.8,36.6,23.9
TH000048431,"NAKHON RATCHASIMA, TH",14.967,102.083,188.0,2018-04-04,,29.6,36.0,25.7
TH000048431,"NAKHON RATCHASIMA, TH",14.967,102.083,188.0,2018-04-05,,27.5,33.1,
TH000048431,"NAKHON RATCHASIMA, TH",14.967,102.083,188.0,2018-04-06,0.0,28.9,36.8,
TH000048431,"NAKHON RATCHASIMA, TH",14.967,102.083,188.0,2018-04-07,0.8,21.3,23.3,
TH000048431,"NAKHON RATCHASIMA, TH",14.967,102.083,188.0,2018-04-08,0.0,23.3,28.7,17.8
TH000048431,"NAKHON RATCHASIMA, TH",14.967,102.083,188.0,2018-04-09,,26.9,33.4,19.6
TH000048431,"NAKHON RATCHASIMA, TH",14.967,102.083,188.0,2018-04-10,,29.9,37.4,21.5
TH000048431,"NAKHON RATCHASIMA, TH",14.967,102.083,188.0,2018-04-11,,31.4,,23.7
TH000048431,"NAKHON RATCHASIMA, TH",14.967,102.083,188.0,2018-04-12,4.8,30.6,39.4,26.1
TH000048431,"NAKHON RATCHASIMA, TH",14.967,102.083,188.0,2018-04-13,3.3,31.1,38.8,25.6
TH000048431,"NAKHON RATCHASIMA, TH",14.967,102.083,188.0,2018-04-14,,31.9,,25.9
TH000048431,"NAKHON RATCHASIMA, TH",14.967,102.083,188.0,2018-04-15,6.4,28.6,38.1,
TH000048431,"NAKHON RATCHASIMA, TH",14.967,102.083,188.0,2018-04-16,0.0,29.8,34.5,23.8
TH000048431,"NAKHON RATCHASIMA, TH",14.967,102.083,188.0,2018-04-17,9.9,24.3,,
TH000048431,"NAKHON RATCHASIMA, TH",14.967,102.083,188.0,2018-04-18,,28.2,,21.2
TH000048431,"NAKHON RATCHASIMA, TH",14.967,102.083,188.0,2018-04-19,,29.1,35.8,24.1
TH000048431,"NAKHON RATCHASIMA, TH",14.967,102.083,188.0,2018-04-20,,29.6,,24.2
TH000048431,"NAKHON RATCHASIMA, TH",14.967,102.083,188.0,2018-04-21,,31.5,,25.3
TH000048431,"NAKHON RATCHASIMA, TH",14.967,102.083,188.0,2018-04-22,0.5,29.8,37.3,26.0
TH000048431,"NAKHON RATCHASIMA, TH",14.967,102.083,188.0,2018-04-23,,32.1,39.3,25.0
TH000048431,"NAKHON RATCHASIMA, TH",14.967,102.083,188.0,2018-04-24,,32.6,38.8,26.5
TH000048431,"NAKHON RATCHASIMA, TH",14.967,102.083,188.0,2018-04-25,0.0,30.9,37.8,26.7
TH000048431,"NAKHON RATCHASIMA, TH",14.967,102.083,188.0,2018-04-26,27.4,27.1,,
TH000048431,"NAKHON RATCHASIMA, TH",14.967,102.083,188.0,2018-04-27,23.6,28.4,35.1,
TH000048431,"NAKHON RATCHASIMA, TH",14.967,102.083,188.0,2018-04-28,55.9,24.5,25.9,23.6
TH000048431,"NAKHON RATCHASIMA, TH",14.967,102.083,188.0,2018-04-29,8.1,26.3,,23.8
TH000048431,"NAKHON RATCHASIMA, TH",14.967,102.083,188.0,2018-04-30,25.4,26.8,,24.0
TH000048431,"NAKHON RATCHASIMA, TH",14.967,102.083,188.0,2018-05-01,2.0,27.5,,24.3
TH000048431,"NAKHON RATCHASIMA, TH",14.967,102.083,188.0,2018-05-02,,28.2,,24.2
TH000048431,"NAKHON RATCHASIMA, TH",14.967,102.083,188.0,2018-05-03,0.0,29.0,34.2,
TH000048431,"NAKHON RATCHASIMA, TH",14.967,102.083,188.0,2018-05-04,,28.6,33.3,24.3
TH000048431,"NAKHON RATCHASIMA, TH",14.967,102.083,188.0,2018-05-05,1.8,27.7,,24.8
TH000048431,"NAKHON RATCHASIMA, TH",14.967,102.083,188.0,2018-05-06,3.6,29.4,35.4,25.0
TH000048431,"NAKHON RATCHASIMA, TH",14.967,102.083,188.0,2018-05-07,1.3,29.3,,25.3
TH000048431,"NAKHON RATCHASIMA, TH",14.967,102.083,188.0,2018-05-08,,31.2,,25.7
TH000048431,"NAKHON RATCHASIMA, TH",14.967,102.083,188.0,2018-05-09,3.0,29.7,35.8,
TH000048431,"NAKHON RATCHASIMA, TH",14.967,102.083,188.0,2018-05-10,23.4,28.7,35.9,
TH000048431,"NAKHON RATCHASIMA, TH",14.967,102.083,188.0,2018-05-11,15.2,27.8,,25.0
TH000048431,"NAKHON RATCHASIMA, TH",14.967,102.083,188.0,2018-05-12,0.0,28.9,,24.7
TH000048431,"NAKHON RATCHASIMA, TH",14.967,102.083,188.0,2018-05-13,8.9,28.8,,24.5
TH000048431,"NAKHON RATCHASIMA, TH",14.967,102.083,188.0,2018-05-14,9.1,27.2,,25.2
TH000048431,"NAKHON RATCHASIMA, TH",14.967,102.083,188.0,2018-05-15,1.0,29.9,,24.6
TH000048431,"NAKHON RATCHASIMA, TH",14.967,102.083,188.0,2018-05-16,0.0,30.5,36.2,25.5
TH000048431,"NAKHON RATCHASIMA, TH",14.967,102.083,188.0,2018-05-17,0.0,28.5,,
TH000048431,"NAKHON RATCHASIMA, TH",14.967,102.083,188.0,2018-05-18,,28.1,34.7,24.8
TH000048431,"NAKHON RATCHASIMA, TH",14.967,102.083,188.0,2018-05-19,2.8,28.2,35.9,24.9
TH000048431,"NAKHON RATCHASIMA, TH",14.967,102.083,188.0,2018-05-20,0.3,30.4,,25.3
TH000048431,"NAKHON RATCHASIMA, TH",14.967,102.083,188.0,2018-05-21,0.5,29.0,,24.1
TH000048431,"NAKHON RATCHASIMA, TH",14.967,102.083,188.0,2018-05-22,1.8,26.9,,
TH000048431,"NAKHON RATCHASIMA, TH",14.967,102.083,188.0,2018-05-23,,28.6,,24.3
TH000048431,"NAKHON RATCHASIMA, TH",14.967,102.083,188.0,2018-05-24,0.0,28.3,35.5,25.8
TH000048431,"NAKHON RATCHASIMA, TH",14.967,102.083,188.0,2018-05-25,15.7,28.8,35.3,25.5
TH000048431,"NAKHON RATCHASIMA, TH",14.967,102.083,188.0,2018-05-26,6.6,27.6,,25.4
TH000048431,"NAKHON RATCHASIMA, TH",14.967,102.083,188.0,2018-05-27,17.0,27.9,33.8,25.0
TH000048431,"NAKHON RATCHASIMA, TH",14.967,102.083,188.0,2018-05-28,6.6,29.1,34.4,
TH000048431,"NAKHON RATCHASIMA, TH",14.967,102.083,188.0,2018-05-29,8.9,28.1,,23.7
TH000048431,"NAKHON RATCHASIMA, TH",14.967,102.083,188.0,2018-05-30,0.8,28.6,33.9,25.0
TH000048431,"NAKHON RATCHASIMA, TH",14.967,102.083,188.0,2018-05-31,1.3,28.8,,
TH000048431,"NAKHON RATCHASIMA, TH",14.967,102.083,188.0,2018-06-01,8.1,29.2,33.8,24.0
TH000048431,"NAKHON RATCHASIMA, TH",14.967,102.083,188.0,2018-06-02,0.0,29.1,,25.5
TH000048431,"NAKHON RATCHASIMA, TH",14.967,102.083,188.0,2018-06-03,,29.3,33.8,25.8
TH000048431,"NAKHON RATCHASIMA, TH",14.967,102.083,188.0,2018-06-04,25.7,27.9,,
TH000048431,"NAKHON RATCHASIMA, TH",14.967,102.083,188.0,2018-06-05,1.0,29.9,35.0,24.5
TH000048431,"NAKHON RATCHASIMA, TH",14.967,102.083,188.0,2018-06-06,3.0,29.6,,
TH000048431,"NAKHON RATCHASIMA, TH",14.967,102.083,188.0,2018-06-07,0.5,29.4,,25.5
TH000048431,"NAKHON RATCHASIMA, TH",14.967,102.083,188.0,2018-06-08,0.0,29.2,,26.2
TH000048431,"NAKHON RATCHASIMA, TH",14.967,102.083,188.0,2018-06-09,,29.3,,26.1
TH000048431,"NAKHON RATCHASIMA, TH",14.967,102.083,188.0,2018-06-10,0.0,28.8,,26.0
TH000048431,"NAKHON RATCHASIMA, TH",14.967,102.083,188.0,2018-06-11,2.5,28.8,,25.5
TH000048431,"NAKHON RATCHASIMA, TH",14.967,102.083,188.0,2018-06-12,0.0,29.3,33.8,25.6
TH000048431,"NAKHON RATCHASIMA, TH",14.967,102.083,188.0,2018-06-13,0.0,30.1,,25.8
TH000048431,"NAKHON RATCHASIMA, TH",14.967,102.083,188.0,2018-06-14,0.0,30.2,35.3,26.0
TH000048431,"NAKHON RATCHASIMA, TH",14.967,102.083,188.0,2018-06-15,,30.4,,25.9
TH000048431,"NAKHON RATCHASIMA, TH",14.967,102.083,188.0,2018-06-16,,29.9,35.4,25.7
TH000048431,"NAKHON RATCHASIMA, TH",14.967,102.083,188.0,2018-06-17,0.8,29.7,,25.5
TH000048431,"NAKHON RATCHASIMA, TH",14.967,102.083,188.0,2018-06-18,10.4,29.0,,
TH000048431,"NAKHON RATCHASIMA, TH",14.967,102.083,188.0,2018-06-19,0.0,29.9,,25.6
TH000048431,"NAKHON RATCHASIMA, TH",14.967,102.083,188.0,2018-06-20,0.0,29.9,,26.0
TH000048431,"NAKHON RATCHASIMA, TH",14.967,102.083,188.0,2018-06-21,,29.8,36.1,25.9
TH000048431,"NAKHON RATCHASIMA, TH",14.967,102.083,188.0,2018-06-22,,30.7,,25.7
TH000048431,"NAKHON RATCHASIMA, TH",14.967,102.083,188.0,2018-06-23,,30.9,35.6,26.1
TH000048431,"NAKHON RATCHASIMA, TH",14.967,102.083,188.0,2018-06-24,,29.5,33.2,26.0
TH000048431,"NAKHON RATCHASIMA, TH",14.967,102.083,188.0,2018-06-25,0.5,29.6,,26.3
TH000048431,"NAKHON RATCHASIMA, TH",14.967,102.083,188.0,2018-06-26,3.6,26.7,,
TH000048431,"NAKHON RATCHASIMA, TH",14.967,102.083,188.0,2018-06-27,1.5,26.7,32.6,24.8
TH000048431,"NAKHON RATCHASIMA, TH",14.967,102.083,188.0,2018-06-28,46.7,26.4,33.4,24.6
TH000048431,"NAKHON RATCHASIMA, TH",14.967,102.083,188.0,2018-06-29,0.0,29.2,,24.3
TH000048431,"NAKHON RATCHASIMA, TH",14.967,102.083,188.0,2018-06-30,,29.4,35.1,
TH000048431,"NAKHON RATCHASIMA, TH",14.967,102.083,188.0,2018-07-01,,30.6,,24.6
TH000048431,"NAKHON RATCHASIMA, TH",14.967,102.083,188.0,2018-07-02,57.4,28.8,,
TH000048431,"NAKHON RATCHASIMA, TH",14.967,102.083,188.0,2018-07-03,48.0,29.4,34.3,24.1
TH000048431,"NAKHON RATCHASIMA, TH",14.967,102.083,188.0,2018-07-04,0.0,29.6,34.6,24.8
TH000048431,"NAKHON RATCHASIMA, TH",14.967,102.083,188.0,2018-07-05,,30.4,35.5,25.2
TH000048431,"NAKHON RATCHASIMA, TH",14.967,102.083,188.0,2018-07-06,,29.8,34.4,25.4
TH000048431,"NAKHON RATCHASIMA, TH",14.967,102.083,188.0,2018-07-07,0.0,29.7,33.2,26.0
TH000048431,"NAKHON RATCHASIMA, TH",14.967,102.083,188.0,2018-07-08,,28.8,,26.2
TH000048431,"NAKHON RATCHASIMA, TH",14.967,102.083,188.0,2018-07-09,0.0,29.1,34.5,
TH000048431,"NAKHON RATCHASIMA, TH",14.967,102.083,188.0,2018-07-10,0.0,28.1,,24.6
TH000048431,"NAKHON RATCHASIMA, TH",14.967,102.083,188.0,2018-07-11,0.8,28.4,,25.5
TH000048431,"NAKHON RATCHASIMA, TH",14.967,102.083,188.0,2018-07-12,,28.5,33.2,25.3
TH000048431,"NAKHON RATCHASIMA, TH",14.967,102.083,188.0,2018-07-13,0.5,28.9,,
TH000048431,"NAKHON RATCHASIMA, TH",14.967,102.083,188.0,2018-07-14,0.0,29.9,,25.2
TH000048431,"NAKHON RATCHASIMA, TH",14.967,102.083,188.0,2018-07-15,0.0,29.3,33.2,
TH000048431,"NAKHON RATCHASIMA, TH",14.967,102.083,188.0,2018-07-16,37.1,26.1,28.2,
TH000048431,"NAKHON RATCHASIMA, TH",14.967,102.083,188.0,2018-07-17,35.8,25.1,,23.6
TH000048431,"NAKHON RATCHASIMA, TH",14.967,102.083,188.0,2018-07-18,1.5,28.1,32.5,24.7
TH000048431,"NAKHON RATCHASIMA, TH",14.967,102.083,188.0,2018-07-19,0.0,28.8,,25.5
TH000048431,"NAKHON RATCHASIMA, TH",14.967,102.083,188.0,2018-07-20,0.5,29.1,34.0,25.7
TH000048431,"NAKHON RATCHASIMA, TH",14.967,102.083,188.0,2018-07-21,0.0,29.8,34.0,26.0
TH000048431,"NAKHON RATCHASIMA, TH",14.967,102.083,188.0,2018-07-22,0.5,28.6,32.7,26.5
TH000048431,"NAKHON RATCHASIMA, TH",14.967,102.083,188.0,2018-07-23,0.0,28.9,,26.5
TH000048431,"NAKHON RATCHASIMA, TH",14.967,102.083,188.0,2018-07-24,0.0,29.4,34.0,26.2
TH000048431,"NAKHON RATCHASIMA, TH",14.967,102.083,188.0,2018-07-25,1.0,28.8,,26.2
TH000048431,"NAKHON RATCHASIMA, TH",14.967,102.083,188.0,2018-07-26,0.5,29.1,,25.7
TH000048431,"NAKHON RATCHASIMA, TH",14.967,102.083,188.0,2018-07-27,,28.7,32.0,
TH000048431,"NAKHON RATCHASIMA, TH",14.967,102.083,188.0,2018-07-28,1.0,29.7,33.5,25.6
TH000048431,"NAKHON RATCHASIMA, TH",14.967,102.083,188.0,2018-07-29,1.3,29.1,,
TH000048431,"NAKHON RATCHASIMA, TH",14.967,102.083,188.0,2018-07-30,12.2,27.4,34.7,
TH000048431,"NAKHON RATCHASIMA, TH",14.967,102.083,188.0,2018-07-31,0.0,28.7,,24.5
TH000048431,"NAKHON RATCHASIMA, TH",14.967,102.083,188.0,2018-08-01,0.0,29.6,34.6,25.3
TH000048431,"NAKHON RATCHASIMA, TH",14.967,102.083,188.0,2018-08-02,,29.4,34.6,
TH000048431,"NAKHON RATCHASIMA, TH",14.967,102.083,188.0,2018-08-03,,28.8,,25.0
TH000048431,"NAKHON RATCHASIMA, TH",14.967,102.083,188.0,2018-08-04,,29.8,,25.4
TH000048431,"NAKHON RATCHASIMA, TH",14.967,102.083,188.0,2018-08-05,0.0,29.2,34.2,25.9
TH000048431,"NAKHON RATCHASIMA, TH",14.967,102.083,188.0,2018-08-06,0.0,28.8,34.7,25.6
TH000048431,"NAKHON RATCHASIMA, TH",14.967,102.083,188.0,2018-08-07,15.0,28.0,,
TH000048431,"NAKHON RATCHASIMA, TH",14.967,102.083,188.0,2018-08-08,8.4,29.3,,24.3
TH000048431,"NAKHON RATCHASIMA, TH",14.967,102.083,188.0,2018-08-09,0.0,28.2,,25.5
TH000048431,"NAKHON RATCHASIMA, TH",14.967,102.083,188.0,2018-08-10,,28.8,,25.2
TH000048431,"NAKHON RATCHASIMA, TH",14.967,102.083,188.0,2018-08-11,0.0,28.6,,25.5
TH000048431,"NAKHON RATCHASIMA, TH",14.967,102.083,188.0,2018-08-12,0.0,29.3,,25.6
TH000048431,"NAKHON RATCHASIMA, TH",14.967,102.083,188.0,2018-08-13,0.0,28.4,,25.8
TH000048431,"NAKHON RATCHASIMA, TH",14.967,102.083,188.0,2018-08-14,0.0,29.0,,25.9
TH000048431,"NAKHON RATCHASIMA, TH",14.967,102.083,188.0,2018-08-15,0.0,29.2,,26.1
TH000048431,"NAKHON RATCHASIMA, TH",14.967,102.083,188.0,2018-08-16,0.0,28.9,,26.3
TH000048431,"NAKHON RATCHASIMA, TH",14.967,102.083,188.0,2018-08-17,1.0,28.3,32.7,
TH000048431,"NAKHON RATCHASIMA, TH",14.967,102.083,188.0,2018-08-18,0.3,28.4,,
TH000048431,"NAKHON RATCHASIMA, TH",14.967,102.083,188.0,2018-08-19,4.3,29.3,,24.3
TH000048431,"NAKHON RATCHASIMA, TH",14.967,102.083,188.0,2018-08-20,2.8,28.5,34.4,
TH000048431,"NAKHON RATCHASIMA, TH",14.967,102.083,188.0,2018-08-21,1.3,28.2,,24.0
TH000048431,"NAKHON RATCHASIMA, TH",14.967,102.083,188.0,2018-08-22,5.8,27.5,,24.4
TH000048431,"NAKHON RATCHASIMA, TH",14.967,102.083,188.0,2018-08-23,16.3,28.4,,
TH000048431,"NAKHON RATCHASIMA, TH",14.967,102.083,188.0,2018-08-24,0.0,28.3,,24.2
TH000048431,"NAKHON RATCHASIMA, TH",14.967,102.083,188.0,2018-08-25,0.0,27.4,,
TH000048431,"NAKHON RATCHASIMA, TH",14.967,102.083,188.0,2018-08-26,23.1,26.4,,
TH000048431,"NAKHON RATCHASIMA, TH",14.967,102.083,188.0,2018-08-27,5.6,27.3,,23.4
TH000048431,"NAKHON RATCHASIMA, TH",14.967,102.083,188.0,2018-08-28,0.5,27.4,,23.8
TH000048431,"NAKHON RATCHASIMA, TH",14.967,102.083,188.0,2018-08-29,0.3,27.7,,24.3
TH000048431,"NAKHON RATCHASIMA, TH",14.967,102.083,188.0,2018-08-30,0.3,28.2,32.6,24.5
TH000048431,"NAKHON RATCHASIMA, TH",14.967,102.083,188.0,2018-08-31,0.0,29.1,,25.0
TH000048431,"NAKHON RATCHASIMA, TH",14.967,102.083,188.0,2018-09-01,,29.3,,24.5
TH000048431,"NAKHON RATCHASIMA, TH",14.967,102.083,188.0,2018-09-02,,30.2,,25.0
TH000048431,"NAKHON RATCHASIMA, TH",14.967,102.083,188.0,2018-09-03,20.6,27.8,,
TH000048431,"NAKHON RATCHASIMA, TH",14.967,102.083,188.0,2018-09-04,0.0,28.0,33.1,23.9
TH000048431,"NAKHON RATCHASIMA, TH",14.967,102.083,188.0,2018-09-05,0.0,27.8,,24.0
TH000048431,"NAKHON RATCHASIMA, TH",14.967,102.083,188.0,2018-09-06,,29.3,,24.1
TH000048431,"NAKHON RATCHASIMA, TH",14.967,102.083,188.0,2018-09-07,,30.3,35.3,24.9
TH000048431,"NAKHON RATCHASIMA, TH",14.967,102.083,188.0,2018-09-08,12.4,26.9,,24.5
TH000048431,"NAKHON RATCHASIMA, TH",14.967,102.083,188.0,2018-09-09,9.9,26.3,,
TH000048431,"NAKHON RATCHASIMA, TH",14.967,102.083,188.0,2018-09-10,0.0,27.9,32.9,23.6
TH000048431,"NAKHON RATCHASIMA, TH",14.967,102.083,188.0,2018-09-11,0.0,28.4,,24.8
TH000048431,"NAKHON RATCHASIMA, TH",14.967,102.083,188.0,2018-09-12,7.4,27.3,,
TH000048431,"NAKHON RATCHASIMA, TH",14.967,102.083,188.0,2018-09-13,29.5,27.0,32.2,23.9
TH000048431,"NAKHON RATCHASIMA, TH",14.967,102.083,188.0,2018-09-14,12.4,26.7,,
TH000048431,"NAKHON RATCHASIMA, TH",14.967,102.083,188.0,2018-09-15,32.0,28.4,32.7,24.0
TH000048431,"NAKHON RATCHASIMA, TH",14.967,102.083,188.0,2018-09-16,0.3,29.3,33.4,
TH000048431,"NAKHON RATCHASIMA, TH",14.967,102.083,188.0,2018-09-18,,26.9,,
TH000048431,"NAKHON RATCHASIMA, TH",14.967,102.083,188.0,2018-09-19,11.4,26.6,,
TH000048431,"NAKHON RATCHASIMA, TH",14.967,102.083,188.0,2018-09-20,0.5,28.2,,24.5
TH000048431,"NAKHON RATCHASIMA, TH",14.967,102.083,188.0,2018-09-21,,29.5,,24.7
TH000048431,"NAKHON RATCHASIMA, TH",14.967,102.083,188.0,2018-09-22,,26.8,,
TH000048431,"NAKHON RATCHASIMA, TH",14.967,102.083,188.0,2018-09-23,1.0,25.7,,
TH000048431,"NAKHON RATCHASIMA, TH",14.967,102.083,188.0,2018-09-25,0.8,28.6,33.9,23.0
TH000048431,"NAKHON RATCHASIMA, TH",14.967,102.083,188.0,2018-09-26,1.0,29.3,35.5,24.4
TH000048431,"NAKHON RATCHASIMA, TH",14.967,102.083,188.0,2018-09-27,,30.3,,24.8
TH000048431,"NAKHON RATCHASIMA, TH",14.967,102.083,188.0,2018-09-28,0.0,29.2,36.2,
TH000048431,"NAKHON RATCHASIMA, TH",14.967,102.083,188.0,2018-09-29,0.0,29.6,33.4,25.2
TH000048431,"NAKHON RATCHASIMA, TH",14.967,102.083,188.0,2018-09-30,0.0,29.5,,
TH000048431,"NAKHON RATCHASIMA, TH",14.967,102.083,188.0,2018-10-01,41.4,26.6,32.4,23.6
TH000048431,"NAKHON RATCHASIMA, TH",14.967,102.083,188.0,2018-10-02,17.5,28.4,,24.7
TH000048431,"NAKHON RATCHASIMA, TH",14.967,102.083,188.0,2018-10-03,0.0,28.2,,24.1
TH000048431,"NAKHON RATCHASIMA, TH",14.967,102.083,188.0,2018-10-04,,28.0,31.8,24.1
TH000048431,"NAKHON RATCHASIMA, TH",14.967,102.083,188.0,2018-10-05,,28.3,,24.3
TH000048431,"NAKHON RATCHASIMA, TH",14.967,102.083,188.0,2018-10-06,0.5,28.6,33.0,24.7
TH000048431,"NAKHON RATCHASIMA, TH",14.967,102.083,188.0,2018-10-07,,28.9,,24.5
TH000048431,"NAKHON RATCHASIMA, TH",14.967,102.083,188.0,2018-10-08,,28.9,,24.7
TH000048431,"NAKHON RATCHASIMA, TH",14.967,102.083,188.0,2018-10-09,,29.3,,24.2
TH000048431,"NAKHON RATCHASIMA, TH",14.967,102.083,188.0,2018-10-10,,29.3,,24.7
TH000048431,"NAKHON RATCHASIMA, TH",14.967,102.083,188.0,2018-10-11,,28.3,32.9,
TH000048431,"NAKHON RATCHASIMA, TH",14.967,102.083,188.0,2018-10-12,,28.2,,23.5
TH000048431,"NAKHON RATCHASIMA, TH",14.967,102.083,188.0,2018-10-13,,28.5,,24.5
TH000048431,"NAKHON RATCHASIMA, TH",14.967,102.083,188.0,2018-10-14,,29.8,,25.2
TH000048431,"NAKHON RATCHASIMA, TH",14.967,102.083,188.0,2018-10-15,,29.9,,25.2
TH000048431,"NAKHON RATCHASIMA, TH",14.967,102.083,188.0,2018-10-16,,29.8,,25.0
TH000048431,"NAKHON RATCHASIMA, TH",14.967,102.083,188.0,2018-10-17,0.0,29.8,,24.9
TH000048431,"NAKHON RATCHASIMA, TH",14.967,102.083,188.0,2018-10-18,22.6,27.3,,
TH000048431,"NAKHON RATCHASIMA, TH",14.967,102.083,188.0,2018-10-19,0.5,28.2,32.5,23.7
TH000048431,"NAKHON RATCHASIMA, TH",14.967,102.083,188.0,2018-10-20,32.5,25.8,30.9,
TH000048431,"NAKHON RATCHASIMA, TH",14.967,102.083,188.0,2018-10-21,3.6,27.5,,23.7
TH000048431,"NAKHON RATCHASIMA, TH",14.967,102.083,188.0,2018-10-22,0.3,27.6,33.4,
TH000048431,"NAKHON RATCHASIMA, TH",14.967,102.083,188.0,2018-10-23,29.0,27.1,,
TH000048431,"NAKHON RATCHASIMA, TH",14.967,102.083,188.0,2018-10-24,3.3,28.3,,24.0
TH000048431,"NAKHON RATCHASIMA, TH",14.967,102.083,188.0,2018-10-25,0.0,28.7,,25.2
TH000048431,"NAKHON RATCHASIMA, TH",14.967,102.083,188.0,2018-10-26,,29.7,34.3,
TH000048431,"NAKHON RATCHASIMA, TH",14.967,102.083,188.0,2018-10-27,,28.8,,24.5
TH000048431,"NAKHON RATCHASIMA, TH",14.967,102.083,188.0,2018-10-28,,28.3,32.9,24.5
TH000048431,"NAKHON RATCHASIMA, TH",14.967,102.083,188.0,2018-10-29,,27.9,32.7,23.7
TH000048431,"NAKHON RATCHASIMA, TH",14.967,102.083,188.0,2018-10-30,,26.8,,
TH000048431,"NAKHON RATCHASIMA, TH",14.967,102.083,188.0,2018-10-31,,25.6,,
TH000048431,"NAKHON RATCHASIMA, TH",14.967,102.083,188.0,2018-11-01,,24.8,,20.0
TH000048431,"NAKHON RATCHASIMA, TH",14.967,102.083,188.0,2018-11-02,,24.3,,18.1
TH000048431,"NAKHON RATCHASIMA, TH",14.967,102.083,188.0,2018-11-03,,25.3,31.7,18.4
TH000048431,"NAKHON RATCHASIMA, TH",14.967,102.083,188.0,2018-11-04,,26.9,,20.3
TH000048431,"NAKHON RATCHASIMA, TH",14.967,102.083,188.0,2018-11-05,,27.4,,21.3
TH000048431,"NAKHON RATCHASIMA, TH",14.967,102.083,188.0,2018-11-06,,27.7,,22.0
TH000048431,"NAKHON RATCHASIMA, TH",14.967,102.083,188.0,2018-11-07,,28.1,,23.2
TH000048431,"NAKHON RATCHASIMA, TH",14.967,102.083,188.0,2018-11-08,3.0,27.5,,
TH000048431,"NAKHON RATCHASIMA, TH",14.967,102.083,188.0,2018-11-09,3.0,26.0,,23.9
TH000048431,"NAKHON RATCHASIMA, TH",14.967,102.083,188.0,2018-11-10,1.8,26.0,30.4,
TH000048431,"NAKHON RATCHASIMA, TH",14.967,102.083,188.0,2018-11-11,1.5,27.3,33.0,23.0
TH000048431,"NAKHON RATCHASIMA, TH",14.967,102.083,188.0,2018-11-12,0.0,28.4,,23.4
TH000048431,"NAKHON RATCHASIMA, TH",14.967,102.083,188.0,2018-11-13,,28.3,,24.0
TH000048431,"NAKHON RATCHASIMA, TH",14.967,102.083,188.0,2018-11-14,,28.7,,24.6
TH000048431,"NAKHON RATCHASIMA, TH",14.967,102.083,188.0,2018-11-15,,29.9,,24.1
TH000048431,"NAKHON RATCHASIMA, TH",14.967,102.083,188.0,2018-11-16,,31.4,35.7,25.2
TH000048431,"NAKHON RATCHASIMA, TH",14.967,102.083,188.0,2018-11-23,,26.2,,22.1
TH000048431,"NAKHON RATCHASIMA, TH",14.967,102.083,188.0,2018-11-24,,26.8,32.2,21.5
TH000048431,"NAKHON RATCHASIMA, TH",14.967,102.083,188.0,2018-11-25,,26.5,,21.0
TH000048431,"NAKHON RATCHASIMA, TH",14.967,102.083,188.0,2018-11-26,,26.4,,20.9
TH000048431,"NAKHON RATCHASIMA, TH",14.967,102.083,188.0,2018-11-27,0.5,22.1,24.0,
TH000048431,"NAKHON RATCHASIMA, TH",14.967,102.083,188.0,2018-11-28,0.3,24.1,,20.4
TH000048431,"NAKHON RATCHASIMA, TH",14.967,102.083,188.0,2018-11-29,0.0,27.3,,21.5
TH000048431,"NAKHON RATCHASIMA, TH",14.967,102.083,188.0,2018-11-30,,27.2,,22.6
TH000048431,"NAKHON RATCHASIMA, TH",14.967,102.083,188.0,2018-12-01,,28.1,33.5,
TH000048431,"NAKHON RATCHASIMA, TH",14.967,102.083,188.0,2018-12-02,,28.7,,23.1
TH000048431,"NAKHON RATCHASIMA, TH",14.967,102.083,188.0,2018-12-03,,28.6,35.2,
TH000048431,"NAKHON RATCHASIMA, TH",14.967,102.083,188.0,2018-12-04,,27.7,,22.2
TH000048431,"NAKHON RATCHASIMA, TH",14.967,102.083,188.0,2018-12-05,,28.5,,22.5
TH000048431,"NAKHON RATCHASIMA, TH",14.967,102.083,188.0,2018-12-06,,28.8,,23.1
TH000048431,"NAKHON RATCHASIMA, TH",14.967,102.083,188.0,2018-12-07,0.0,28.5,33.0,23.7
TH000048431,"NAKHON RATCHASIMA, TH",14.967,102.083,188.0,2018-12-08,0.5,25.5,,
TH000048431,"NAKHON RATCHASIMA, TH",14.967,102.083,188.0,2018-12-09,0.0,26.4,29.6,
TH000048431,"NAKHON RATCHASIMA, TH",14.967,102.083,188.0,2018-12-10,,26.8,,21.8
TH000048431,"NAKHON RATCHASIMA, TH",14.967,102.083,188.0,2018-12-11,2.0,27.1,,22.9
TH000048431,"NAKHON RATCHASIMA, TH",14.967,102.083,188.0,2018-12-12,1.0,25.0,,
TH000048431,"NAKHON RATCHASIMA, TH",14.967,102.083,188.0,2018-12-13,0.3,24.1,,19.2
TH000048431,"NAKHON RATCHASIMA, TH",14.967,102.083,188.0,2018-12-14,0.0,24.6,,19.0
TH000048431,"NAKHON RATCHASIMA, TH",14.967,102.083,188.0,2018-12-15,,25.3,,20.9
TH000048431,"NAKHON RATCHASIMA, TH",14.967,102.083,188.0,2018-12-16,,26.8,32.2,
TH000048431,"NAKHON RATCHASIMA, TH",14.967,102.083,188.0,2018-12-17,,25.7,,20.5
TH000048431,"NAKHON RATCHASIMA, TH",14.967,102.083,188.0,2018-12-18,,24.6,,19.1
TH000048431,"NAKHON RATCHASIMA, TH",14.967,102.083,188.0,2018-12-19,,26.0,,20.8
TH000048431,"NAKHON RATCHASIMA, TH",14.967,102.083,188.0,2018-12-20,,27.6,34.6,20.6
TH000048431,"NAKHON RATCHASIMA, TH",14.967,102.083,188.0,2018-12-21,,28.9,,21.8
TH000048431,"NAKHON RATCHASIMA, TH",14.967,102.083,188.0,2018-12-22,,30.4,,23.7
TH000048431,"NAKHON RATCHASIMA, TH",14.967,102.083,188.0,2018-12-23,,28.5,,
TH000048431,"NAKHON RATCHASIMA, TH",14.967,102.083,188.0,2018-12-24,,26.9,,
TH000048431,"NAKHON RATCHASIMA, TH",14.967,102.083,188.0,2018-12-25,,26.1,,20.5
TH000048431,"NAKHON RATCHASIMA, TH",14.967,102.083,188.0,2018-12-26,,26.3,,19.9
TH000048431,"NAKHON RATCHASIMA, TH",14.967,102.083,188.0,2018-12-27,,27.6,,19.5
TH000048431,"NAKHON RATCHASIMA, TH",14.967,102.083,188.0,2018-12-28,0.5,26.9,,
TH000048431,"NAKHON RATCHASIMA, TH",14.967,102.083,188.0,2018-12-29,,25.1,28.6,
TH000048431,"NAKHON RATCHASIMA, TH",14.967,102.083,188.0,2018-12-30,,25.0,,
TH000048431,"NAKHON RATCHASIMA, TH",14.967,102.083,188.0,2018-12-31,,22.6,,
TH000048431,"NAKHON RATCHASIMA, TH",14.967,102.083,188.0,2019-01-01,,22.8,,17.2
TH000048431,"NAKHON RATCHASIMA, TH",14.967,102.083,188.0,2019-01-02,,23.4,29.9,17.3
TH000048431,"NAKHON RATCHASIMA, TH",14.967,102.083,188.0,2019-01-03,,24.1,,18.5
TH000048431,"NAKHON RATCHASIMA, TH",14.967,102.083,188.0,2019-01-04,,24.4,,21.1
TH000048431,"NAKHON RATCHASIMA, TH",14.967,102.083,188.0,2019-01-05,,25.3,,22.5
TH000048431,"NAKHON RATCHASIMA, TH",14.967,102.083,188.0,2019-01-06,,27.8,,23.7
TH000048431,"NAKHON RATCHASIMA, TH",14.967,102.083,188.0,2019-01-07,,28.4,,24.2
TH000048431,"NAKHON RATCHASIMA, TH",14.967,102.083,188.0,2019-01-08,,27.8,,23.0
TH000048431,"NAKHON RATCHASIMA, TH",14.967,102.083,188.0,2019-01-09,,27.2,,22.7
TH000048431,"NAKHON RATCHASIMA, TH",14.967,102.083,188.0,2019-01-10,,27.0,,21.6
TH000048431,"NAKHON RATCHASIMA, TH",14.967,102.083,188.0,2019-01-11,,28.0,,22.5
TH000048431,"NAKHON RATCHASIMA, TH",14.967,102.083,188.0,2019-01-12,,28.0,34.0,22.3
TH000048431,"NAKHON RATCHASIMA, TH",14.967,102.083,188.0,2019-01-13,,27.6,,22.0
TH000048431,"NAKHON RATCHASIMA, TH",14.967,102.083,188.0,2019-01-14,,27.1,33.0,21.5
TH000048431,"NAKHON RATCHASIMA, TH",14.967,102.083,188.0,2019-01-15,,27.1,,22.4
TH000048431,"NAKHON RATCHASIMA, TH",14.967,102.083,188.0,2019-01-16,,26.5,,22.0
TH000048431,"NAKHON RATCHASIMA, TH",14.967,102.083,188.0,2019-01-17,,25.5,,21.3
TH000048431,"NAKHON RATCHASIMA, TH",14.967,102.083,188.0,2019-01-18,,24.2,,20.2
TH000048431,"NAKHON RATCHASIMA, TH",14.967,102.083,188.0,2019-01-19,,25.9,,21.0
TH000048431,"NAKHON RATCHASIMA, TH",14.967,102.083,188.0,2019-01-20,,26.8,,21.2
TH000048431,"NAKHON RATCHASIMA, TH",14.967,102.083,188.0,2019-01-21,,26.7,,21.7
TH000048431,"NAKHON RATCHASIMA, TH",14.967,102.083,188.0,2019-01-22,,24.9,,
TH000048431,"NAKHON RATCHASIMA, TH",14.967,102.083,188.0,2019-01-23,,24.1,,18.7
TH000048431,"NAKHON RATCHASIMA, TH",14.967,102.083,188.0,2019-01-24,,24.6,,17.8
TH000048431,"NAKHON RATCHASIMA, TH",14.967,102.083,188.0,2019-01-25,,26.2,,18.1
TH000048431,"NAKHON RATCHASIMA, TH",14.967,102.083,188.0,2019-01-26,,25.1,31.0,19.3
TH000048431,"NAKHON RATCHASIMA, TH",14.967,102.083,188.0,2019-01-27,,24.2,,18.0
TH000048431,"NAKHON RATCHASIMA, TH",14.967,102.083,188.0,2019-01-28,,23.8,,17.5
TH000048431,"NAKHON RATCHASIMA, TH",14.967,102.083,188.0,2019-01-29,,24.7,31.8,17.2
TH000048431,"NAKHON RATCHASIMA, TH",14.967,102.083,188.0,2019-01-30,,26.9,,20.0
TH000048431,"NAKHON RATCHASIMA, TH",14.967,102.083,188.0,2019-01-31,,28.3,,21.4
TH000048431,"NAKHON RATCHASIMA, TH",14.967,102.083,188.0,2019-02-01,,25.8,,21.2
TH000048431,"NAKHON RATCHASIMA, TH",14.967,102.083,188.0,2019-02-02,,26.8,,20.1
TH000048431,"NAKHON RATCHASIMA, TH",14.967,102.083,188.0,2019-02-03,,28.8,,21.1
TH000048431,"NAKHON RATCHASIMA, TH",14.967,102.083,188.0,2019-02-04,,29.6,36.8,22.5
TH000048431,"NAKHON RATCHASIMA, TH",14.967,102.083,188.0,2019-02-05,,30.6,,24.2
TH000048431,"NAKHON RATCHASIMA, TH",14.967,102.083,188.0,2019-02-06,,30.1,,24.8
TH000048431,"NAKHON RATCHASIMA, TH",14.967,102.083,188.0,2019-02-07,,30.4,,24.4
TH000048431,"NAKHON RATCHASIMA, TH",14.967,102.083,188.0,2019-02-08,,31.2,,24.7
TH000048431,"NAKHON RATCHASIMA, TH",14.967,102.083,188.0,2019-02-09,,30.8,38.8,25.4
TH000048431,"NAKHON RATCHASIMA, TH",14.967,102.083,188.0,2019-02-10,,31.7,,24.7
TH000048431,"NAKHON RATCHASIMA, TH",14.967,102.083,188.0,2019-02-11,,31.1,,26.3
TH000048431,"NAKHON RATCHASIMA, TH",14.967,102.083,188.0,2019-02-12,,29.7,35.0,
TH000048431,"NAKHON RATCHASIMA, TH",14.967,102.083,188.0,2019-02-13,,29.2,,24.0
TH000048431,"NAKHON RATCHASIMA, TH",14.967,102.083,188.0,2019-02-14,,29.8,,22.8
TH000048431,"NAKHON RATCHASIMA, TH",14.967,102.083,188.0,2019-02-15,,29.9,,24.0
TH000048431,"NAKHON RATCHASIMA, TH",14.967,102.083,188.0,2019-02-16,,30.1,36.9,24.1
TH000048431,"NAKHON RATCHASIMA, TH",14.967,102.083,188.0,2019-02-17,3.6,27.4,,
TH000048431,"NAKHON RATCHASIMA, TH",14.967,102.083,188.0,2019-02-18,,28.9,,22.5
TH000048431,"NAKHON RATCHASIMA, TH",14.967,102.083,188.0,2019-02-19,,29.7,35.5,22.6
TH000048431,"NAKHON RATCHASIMA, TH",14.967,102.083,188.0,2019-02-20,0.0,30.8,,23.8
TH000048431,"NAKHON RATCHASIMA, TH",14.967,102.083,188.0,2019-02-21,,30.9,,24.8
TH000048431,"NAKHON RATCHASIMA, TH",14.967,102.083,188.0,2019-02-22,,30.2,,25.0
TH000048431,"NAKHON RATCHASIMA, TH",14.967,102.083,188.0,2019-02-23,,31.2,,24.6
TH000048431,"NAKHON RATCHASIMA, TH",14.967,102.083,188.0,2019-02-24,,31.4,,24.0
TH000048431,"NAKHON RATCHASIMA, TH",14.967,102.083,188.0,2019-02-25,0.3,30.3,38.1,25.7
TH000048431,"NAKHON RATCHASIMA, TH",14.967,102.083,188.0,2019-02-26,9.4,28.6,,24.8
TH000048431,"NAKHON RATCHASIMA, TH",14.967,102.083,188.0,2019-02-27,,29.8,,24.2
TH000048431,"NAKHON RATCHASIMA, TH",14.967,102.083,188.0,2019-02-28,0.0,30.6,36.9,24.8
TH000048431,"NAKHON RATCHASIMA, TH",14.967,102.083,188.0,2019-03-01,,31.3,,24.4
TH000048431,"NAKHON RATCHASIMA, TH",14.967,102.083,188.0,2019-03-02,5.1,30.4,37.8,25.3
TH000048431,"NAKHON RATCHASIMA, TH",14.967,102.083,188.0,2019-03-03,,30.5,,24.4
TH000048431,"NAKHON RATCHASIMA, TH",14.967,102.083,188.0,2019-03-04,,30.6,38.1,24.8
TH000048431,"NAKHON RATCHASIMA, TH",14.967,102.083,188.0,2019-03-05,,30.3,,23.7
TH000048431,"NAKHON RATCHASIMA, TH",14.967,102.083,188.0,2019-03-06,,30.3,38.4,22.4
TH000048431,"NAKHON RATCHASIMA, TH",14.967,102.083,188.0,2019-03-07,,30.9,,22.0
TH000048431,"NAKHON RATCHASIMA, TH",14.967,102.083,188.0,2019-03-08,,31.3,39.1,23.9
TH000048431,"NAKHON RATCHASIMA, TH",14.967,102.083,188.0,2019-03-09,0.0,30.2,38.4,22.7
TH000048431,"NAKHON RATCHASIMA, TH",14.967,102.083,188.0,2019-03-10,0.0,29.9,,22.4
TH000048431,"NAKHON RATCHASIMA, TH",14.967,102.083,188.0,2019-03-11,,29.9,,21.0
TH000048431,"NAKHON RATCHASIMA, TH",14.967,102.083,188.0,2019-03-12,,29.9,39.6,20.4
TH000048431,"NAKHON RATCHASIMA, TH",14.967,102.083,188.0,2019-03-13,,30.1,,20.2
TH000048431,"NAKHON RATCHASIMA, TH",14.967,102.083,188.0,2019-03-14,,31.5,,21.4
TH000048431,"NAKHON RATCHASIMA, TH",14.967,102.083,188.0,2019-03-15,,31.8,,25.3
TH000048431,"NAKHON RATCHASIMA, TH",14.967,102.083,188.0,2019-03-16,6.9,29.3,,24.7
TH000048431,"NAKHON RATCHASIMA, TH",14.967,102.083,188.0,2019-03-17,0.0,31.3,,24.6
TH000048431,"NAKHON RATCHASIMA, TH",14.967,102.083,188.0,2019-03-18,,31.3,38.2,25.9
TH000048431,"NAKHON RATCHASIMA, TH",14.967,102.083,188.0,2019-03-19,,30.6,,25.4
TH000048431,"NAKHON RATCHASIMA, TH",14.967,102.083,188.0,2019-03-20,,30.9,,24.8
TH000048431,"NAKHON RATCHASIMA, TH",14.967,102.083,188.0,2019-03-21,,31.8,,24.9
TH000048431,"NAKHON RATCHASIMA, TH",14.967,102.083,188.0,2019-03-22,0.0,32.4,,25.6
TH000048431,"NAKHON RATCHASIMA, TH",14.967,102.083,188.0,2019-03-23,0.0,32.9,40.3,25.2
TH000048431,"NAKHON RATCHASIMA, TH",14.967,102.083,188.0,2019-03-24,1.8,30.5,,
TH000048431,"NAKHON RATCHASIMA, TH",14.967,102.083,188.0,2019-03-25,0.0,29.8,,26.4
TH000048431,"NAKHON RATCHASIMA, TH",14.967,102.083,188.0,2019-03-26,0.0,31.1,,25.6
TH000048431,"NAKHON RATCHASIMA, TH",14.967,102.083,188.0,2019-03-27,,31.3,,
TH000048431,"NAKHON RATCHASIMA, TH",14.967,102.083,188.0,2019-03-28,0.0,29.3,,25.3
TH000048431,"NAKHON RATCHASIMA, TH",14.967,102.083,188.0,2019-03-29,,31.5,,24.4
TH000048431,"NAKHON RATCHASIMA, TH",14.967,102.083,188.0,2019-03-30,,32.2,39.6,24.9
TH000048431,"NAKHON RATCHASIMA, TH",14.967,102.083,188.0,2019-03-31,,30.2,,
TH000048431,"NAKHON RATCHASIMA, TH",14.967,102.083,188.0,2019-04-01,,29.9,,24.4
TH000048431,"NAKHON RATCHASIMA, TH",14.967,102.083,188.0,2019-04-02,,30.6,36.6,24.5
TH000048431,"NAKHON RATCHASIMA, TH",14.967,102.083,188.0,2019-04-03,0.0,28.4,,
TH000048431,"NAKHON RATCHASIMA, TH",14.967,102.083,188.0,2019-04-04,0.0,30.1,,24.2
TH000048431,"NAKHON RATCHASIMA, TH",14.967,102.083,188.0,2019-04-05,,30.4,38.0,24.8
TH000048431,"NAKHON RATCHASIMA, TH",14.967,102.083,188.0,2019-04-06,,29.7,,24.6
TH000048431,"NAKHON RATCHASIMA, TH",14.967,102.083,188.0,2019-04-07,,29.9,,25.1
TH000048431,"NAKHON RATCHASIMA, TH",14.967,102.083,188.0,2019-04-08,,31.3,38.6,25.7
TH000048431,"NAKHON RATCHASIMA, TH",14.967,102.083,188.0,2019-04-09,0.0,32.0,,26.6
TH000048431,"NAKHON RATCHASIMA, TH",14.967,102.083,188.0,2019-04-10,,32.3,,26.6
TH000048431,"NAKHON RATCHASIMA, TH",14.967,102.083,188.0,2019-04-11,,33.2,,26.6
TH000048431,"NAKHON RATCHASIMA, TH",14.967,102.083,188.0,2019-04-12,,33.3,,26.6
TH000048431,"NAKHON RATCHASIMA, TH",14.967,102.083,188.0,2019-04-13,,33.5,,27.2
TH000048431,"NAKHON RATCHASIMA, TH",14.967,102.083,188.0,2019-04-14,4.8,32.0,,
TH000048431,"NAKHON RATCHASIMA, TH",14.967,102.083,188.0,2019-04-15,,32.5,,26.5
TH000048431,"NAKHON RATCHASIMA, TH",14.967,102.083,188.0,2019-04-16,,33.6,40.0,27.5
TH000048431,"NAKHON RATCHASIMA, TH",14.967,102.083,188.0,2019-04-17,,32.2,40.7,28.0
TH000048431,"NAKHON RATCHASIMA, TH",14.967,102.083,188.0,2019-04-18,0.0,33.0,,27.6
TH000048431,"NAKHON RATCHASIMA, TH",14.967,102.083,188.0,2019-04-19,0.0,33.6,,27.2
TH000048431,"NAKHON RATCHASIMA, TH",14.967,102.083,188.0,2019-04-20,,33.7,,27.7
TH000048431,"NAKHON RATCHASIMA, TH",14.967,102.083,188.0,2019-04-21,0.0,34.1,,28.5
TH000048431,"NAKHON RATCHASIMA, TH",14.967,102.083,188.0,2019-04-22,13.5,29.4,,
TH000048431,"NAKHON RATCHASIMA, TH",14.967,102.083,188.0,2019-04-23,11.2,30.8,37.0,23.4
TH000048431,"NAKHON RATCHASIMA, TH",14.967,102.083,188.0,2019-04-24,0.0,33.1,,26.5
TH000048431,"NAKHON RATCHASIMA, TH",14.967,102.083,188.0,2019-04-25,,32.8,,26.7
TH000048431,"NAKHON RATCHASIMA, TH",14.967,102.083,188.0,2019-04-26,3.0,29.7,38.2,
TH000048431,"NAKHON RATCHASIMA, TH",14.967,102.083,188.0,2019-04-27,0.0,30.6,,25.8
TH000048431,"NAKHON RATCHASIMA, TH",14.967,102.083,188.0,2019-04-28,0.0,32.2,,26.1
TH000048431,"NAKHON RATCHASIMA, TH",14.967,102.083,188.0,2019-04-29,0.0,32.1,,25.9
TH000048431,"NAKHON RATCHASIMA, TH",14.967,102.083,188.0,2019-04-30,0.0,32.5,39.1,26.5
TH000048431,"NAKHON RATCHASIMA, TH",14.967,102.083,188.0,2019-05-01,0.0,33.5,40.8,26.2
TH000048431,"NAKHON RATCHASIMA, TH",14.967,102.083,188.0,2019-05-02,,33.6,41.0,26.7
TH000048431,"NAKHON RATCHASIMA, TH",14.967,102.083,188.0,2019-05-03,2.8,32.5,40.3,27.4
TH000048431,"NAKHON RATCHASIMA, TH",14.967,102.083,188.0,2019-05-04,0.0,31.6,39.0,26.7
TH000048431,"NAKHON RATCHASIMA, TH",14.967,102.083,188.0,2019-05-05,,32.9,40.1,27.0
TH000048431,"NAKHON RATCHASIMA, TH",14.967,102.083,188.0,2019-05-06,0.3,33.4,,28.3
TH000048431,"NAKHON RATCHASIMA, TH",14.967,102.083,188.0,2019-05-07,,32.3,38.5,27.0
TH000048431,"NAKHON RATCHASIMA, TH",14.967,102.083,188.0,2019-05-08,,32.6,39.6,27.0
TH000048431,"NAKHON RATCHASIMA, TH",14.967,102.083,188.0,2019-05-09,14.2,27.9,36.6,
TH000048431,"NAKHON RATCHASIMA, TH",14.967,102.083,188.0,2019-05-10,6.1,26.1,31.1,
TH000048431,"NAKHON RATCHASIMA, TH",14.967,102.083,188.0,2019-05-11,0.3,30.5,36.1,24.0
TH000048431,"NAKHON RATCHASIMA, TH",14.967,102.083,188.0,2019-05-12,0.0,29.2,35.7,
TH000048431,"NAKHON RATCHASIMA, TH",14.967,102.083,188.0,2019-05-13,29.7,26.5,34.5,
TH000048431,"NAKHON RATCHASIMA, TH",14.967,102.083,188.0,2019-05-14,4.3,27.4,33.3,23.6
TH000048431,"NAKHON RATCHASIMA, TH",14.967,102.083,188.0,2019-05-15,2.0,28.4,34.3,24.8
TH000048431,"NAKHON RATCHASIMA, TH",14.967,102.083,188.0,2019-05-20,0.0,32.4,39.2,27.2
TH000048431,"NAKHON RATCHASIMA, TH",14.967,102.083,188.0,2019-05-21,5.1,31.3,39.0,26.8
TH000048431,"NAKHON RATCHASIMA, TH",14.967,102.083,188.0,2019-05-22,0.0,28.9,33.6,25.8
TH000048431,"NAKHON RATCHASIMA, TH",14.967,102.083,188.0,2019-05-23,1.5,28.9,36.6,
TH000048431,"NAKHON RATCHASIMA, TH",14.967,102.083,188.0,2019-05-24,0.0,30.0,,25.1
TH000048431,"NAKHON RATCHASIMA, TH",14.967,102.083,188.0,2019-05-25,19.1,30.0,37.2,25.0
TH000048431,"NAKHON RATCHASIMA, TH",14.967,102.083,188.0,2019-05-26,2.8,30.4,36.4,24.6
TH000048431,"NAKHON RATCHASIMA, TH",14.967,102.083,188.0,2019-05-27,,30.2,36.3,25.6
TH000048431,"NAKHON RATCHASIMA, TH",14.967,102.083,188.0,2019-05-28,14.2,29.2,36.2,26.0
TH000048431,"NAKHON RATCHASIMA, TH",14.967,102.083,188.0,2019-05-29,,30.4,36.0,24.8
TH000048431,"NAKHON RATCHASIMA, TH",14.967,102.083,188.0,2019-05-30,0.3,29.9,35.6,26.5
TH000048431,"NAKHON RATCHASIMA, TH",14.967,102.083,188.0,2019-05-31,0.0,30.6,36.6,26.0
TH000048431,"NAKHON RATCHASIMA, TH",14.967,102.083,188.0,2019-06-01,1.3,28.9,34.6,26.6
TH000048431,"NAKHON RATCHASIMA, TH",14.967,102.083,188.0,2019-06-02,0.0,29.4,36.3,26.0
TH000048431,"NAKHON RATCHASIMA, TH",14.967,102.083,188.0,2019-06-03,,30.4,37.1,25.0
TH000048431,"NAKHON RATCHASIMA, TH",14.967,102.083,188.0,2019-06-04,,31.3,37.5,26.3
TH000048431,"NAKHON RATCHASIMA, TH",14.967,102.083,188.0,2019-06-05,8.6,28.7,35.7,
TH000048431,"NAKHON RATCHASIMA, TH",14.967,102.083,188.0,2019-06-06,7.9,28.2,35.3,
TH000048431,"NAKHON RATCHASIMA, TH",14.967,102.083,188.0,2019-06-07,5.6,29.4,34.2,23.8
TH000048431,"NAKHON RATCHASIMA, TH",14.967,102.083,188.0,2019-06-08,0.8,28.7,33.6,23.8
TH000048431,"NAKHON RATCHASIMA, TH",14.967,102.083,188.0,2019-06-09,3.3,29.1,34.3,24.7
TH000048431,"NAKHON RATCHASIMA, TH",14.967,102.083,188.0,2019-06-10,9.4,29.2,34.5,24.9
TH000048431,"NAKHON RATCHASIMA, TH",14.967,102.083,188.0,2019-06-11,0.8,28.1,35.5,25.7
TH000048431,"NAKHON RATCHASIMA, TH",14.967,102.083,188.0,2019-06-12,0.0,30.5,35.5,25.2
TH000048431,"NAKHON RATCHASIMA, TH",14.967,102.083,188.0,2019-06-13,0.0,30.9,,25.8
TH000048431,"NAKHON RATCHASIMA, TH",14.967,102.083,188.0,2019-06-14,1.5,31.8,,26.5
TH000048431,"NAKHON RATCHASIMA, TH",14.967,102.083,188.0,2019-06-15,,31.7,37.5,26.4
TH000048431,"NAKHON RATCHASIMA, TH",14.967,102.083,188.0,2019-06-16,0.5,30.1,35.8,
TH000048431,"NAKHON RATCHASIMA, TH",14.967,102.083,188.0,2019-06-17,0.0,28.9,35.1,25.0
TH000048431,"NAKHON RATCHASIMA, TH",14.967,102.083,188.0,2019-06-18,0.0,30.1,36.1,25.0
TH000048431,"NAKHON RATCHASIMA, TH",14.967,102.083,188.0,2019-06-19,,31.2,37.2,25.7
TH000048431,"NAKHON RATCHASIMA, TH",14.967,102.083,188.0,2019-06-20,,32.6,38.5,25.7
TH000048431,"NAKHON RATCHASIMA, TH",14.967,102.083,188.0,2019-06-21,,33.4,39.0,27.2
TH000048431,"NAKHON RATCHASIMA, TH",14.967,102.083,188.0,2019-06-22,,33.0,39.7,27.6
TH000048431,"NAKHON RATCHASIMA, TH",14.967,102.083,188.0,2019-06-23,,31.8,,
TH000048431,"NAKHON RATCHASIMA, TH",14.967,102.083,188.0,2019-06-24,14.2,30.1,36.5,26.1
TH000048431,"NAKHON RATCHASIMA, TH",14.967,102.083,188.0,2019-06-25,0.0,30.3,35.3,25.4
TH000048431,"NAKHON RATCHASIMA, TH",14.967,102.083,188.0,2019-06-26,,31.2,37.0,25.7
TH000048431,"NAKHON RATCHASIMA, TH",14.967,102.083,188.0,2019-06-27,,29.9,34.4,25.7
TH000048431,"NAKHON RATCHASIMA, TH",14.967,102.083,188.0,2019-06-28,,30.5,35.6,25.8
TH000048431,"NAKHON RATCHASIMA, TH",14.967,102.083,188.0,2019-06-29,,30.8,36.2,26.0
TH000048431,"NAKHON RATCHASIMA, TH",14.967,102.083,188.0,2019-06-30,0.0,30.4,36.0,26.0
TH000048431,"NAKHON RATCHASIMA, TH",14.967,102.083,188.0,2019-07-01,0.0,30.1,35.2,26.2
TH000048431,"NAKHON RATCHASIMA, TH",14.967,102.083,188.0,2019-07-02,10.9,27.1,32.5,
TH000048431,"NAKHON RATCHASIMA, TH",14.967,102.083,188.0,2019-07-03,20.6,23.7,,22.5
TH000048431,"NAKHON RATCHASIMA, TH",14.967,102.083,188.0,2019-07-04,0.5,27.3,31.3,22.6
TH000048431,"NAKHON RATCHASIMA, TH",14.967,102.083,188.0,2019-07-05,0.3,27.8,32.0,23.8
TH000048431,"NAKHON RATCHASIMA, TH",14.967,102.083,188.0,2019-07-06,,29.0,33.6,23.5
TH000048431,"NAKHON RATCHASIMA, TH",14.967,102.083,188.0,2019-07-07,,29.6,34.3,24.5
TH000048431,"NAKHON RATCHASIMA, TH",14.967,102.083,188.0,2019-07-08,,30.8,,25.6
TH000048431,"NAKHON RATCHASIMA, TH",14.967,102.083,188.0,2019-07-09,,30.5,35.5,25.3
